number of samples	3000
Sample Rate	30000
Optical Frequency Poly term A	80.697000E+12
Optical Frequency Poly term B	50.044000E+9
Optical Frequency Poly term C	3.062300E+6
Optical Frequency Poly term D	-1.015300E+3
Battery Voltage	11.500157E+0  V
Lamp Current	4.956666E+0  A
Date/Time	9/15/2015 9:43:01 AM
Wavelength 10^-6 Line 11	Optical Frequency 10^14 Line 12
3.7127358697	3.7104358585	3.7081384149	3.7058435348	3.7035512144	3.7012614497	3.6989742367	3.6966895715	3.6944074502	3.6921278689	3.6898508236	3.6875763105	3.6853043256	3.6830348651	3.6807679251	3.6785035016	3.6762415910	3.6739821892	3.6717252924	3.6694708969	3.6672189987	3.6649695941	3.6627226791	3.6604782501	3.6582363032	3.6559968346	3.6537598405	3.6515253172	3.6492932608	3.6470636677	3.6448365339	3.6426118559	3.6403896298	3.6381698519	3.6359525186	3.6337376259	3.6315251704	3.6293151481	3.6271075555	3.6249023889	3.6226996445	3.6204993187	3.6183014078	3.6161059082	3.6139128162	3.6117221281	3.6095338404	3.6073479493	3.6051644513	3.6029833427	3.6008046199	3.5986282793	3.5964543173	3.5942827304	3.5921135149	3.5899466672	3.5877821839	3.5856200612	3.5834602957	3.5813028839	3.5791478221	3.5769951068	3.5748447346	3.5726967019	3.5705510051	3.5684076408	3.5662666054	3.5641278956	3.5619915077	3.5598574383	3.5577256839	3.5555962411	3.5534691064	3.5513442763	3.5492217475	3.5471015164	3.5449835796	3.5428679337	3.5407545753	3.5386435009	3.5365347072	3.5344281908	3.5323239482	3.5302219761	3.5281222711	3.5260248298	3.5239296488	3.5218367249	3.5197460545	3.5176576345	3.5155714614	3.5134875319	3.5114058427	3.5093263904	3.5072491718	3.5051741835	3.5031014223	3.5010308847	3.4989625677	3.4968964677	3.4948325817	3.4927709062	3.4907114381	3.4886541740	3.4865991108	3.4845462452	3.4824955739	3.4804470937	3.4784008014	3.4763566937	3.4743147675	3.4722750195	3.4702374465	3.4682020454	3.4661688129	3.4641377458	3.4621088410	3.4600820953	3.4580575056	3.4560350686	3.4540147812	3.4519966403	3.4499806427	3.4479667853	3.4459550650	3.4439454786	3.4419380230	3.4399326951	3.4379294918	3.4359284100	3.4339294465	3.4319325984	3.4299378625	3.4279452357	3.4259547150	3.4239662973	3.4219799796	3.4199957587	3.4180136317	3.4160335954	3.4140556470	3.4120797832	3.4101060012	3.4081342978	3.4061646701	3.4041971150	3.4022316296	3.4002682108	3.3983068558	3.3963475613	3.3943903246	3.3924351426	3.3904820124	3.3885309309	3.3865818952	3.3846349025	3.3826899496	3.3807470338	3.3788061520	3.3768673013	3.3749304788	3.3729956815	3.3710629066	3.3691321512	3.3672034123	3.3652766871	3.3633519726	3.3614292660	3.3595085643	3.3575898648	3.3556731645	3.3537584606	3.3518457502	3.3499350304	3.3480262985	3.3461195515	3.3442147866	3.3423120010	3.3404111918	3.3385123563	3.3366154916	3.3347205949	3.3328276634	3.3309366943	3.3290476848	3.3271606321	3.3252755334	3.3233923859	3.3215111869	3.3196319336	3.3177546232	3.3158792529	3.3140058200	3.3121343218	3.3102647555	3.3083971183	3.3065314076	3.3046676206	3.3028057545	3.3009458066	3.2990877743	3.2972316548	3.2953774455	3.2935251435	3.2916747462	3.2898262510	3.2879796551	3.2861349559	3.2842921506	3.2824512367	3.2806122113	3.2787750720	3.2769398160	3.2751064406	3.2732749433	3.2714453214	3.2696175722	3.2677916931	3.2659676814	3.2641455347	3.2623252502	3.2605068253	3.2586902574	3.2568755439	3.2550626823	3.2532516699	3.2514425041	3.2496351823	3.2478297020	3.2460260606	3.2442242556	3.2424242842	3.2406261441	3.2388298326	3.2370353471	3.2352426852	3.2334518443	3.2316628219	3.2298756153	3.2280902222	3.2263066399	3.2245248659	3.2227448978	3.2209667329	3.2191903689	3.2174158032	3.2156430333	3.2138720567	3.2121028710	3.2103354735	3.2085698620	3.2068060338	3.2050439865	3.2032837177	3.2015252249	3.1997685056	3.1980135574	3.1962603778	3.1945089644	3.1927593147	3.1910114264	3.1892652969	3.1875209239	3.1857783049	3.1840374375	3.1822983193	3.1805609479	3.1788253209	3.1770914358	3.1753592904	3.1736288821	3.1719002087	3.1701732676	3.1684480566	3.1667245733	3.1650028152	3.1632827801	3.1615644656	3.1598478692	3.1581329887	3.1564198217	3.1547083659	3.1529986189	3.1512905784	3.1495842420	3.1478796074	3.1461766723	3.1444754344	3.1427758913	3.1410780408	3.1393818805	3.1376874081	3.1359946213	3.1343035179	3.1326140956	3.1309263519	3.1292402848	3.1275558918	3.1258731707	3.1241921193	3.1225127352	3.1208350162	3.1191589601	3.1174845646	3.1158118274	3.1141407463	3.1124713190	3.1108035434	3.1091374171	3.1074729379	3.1058101036	3.1041489121	3.1024893610	3.1008314481	3.0991751712	3.0975205282	3.0958675168	3.0942161348	3.0925663801	3.0909182503	3.0892717434	3.0876268572	3.0859835894	3.0843419379	3.0827019005	3.0810634750	3.0794266593	3.0777914513	3.0761578487	3.0745258494	3.0728954512	3.0712666521	3.0696394498	3.0680138422	3.0663898271	3.0647674026	3.0631465663	3.0615273162	3.0599096502	3.0582935662	3.0566790620	3.0550661355	3.0534547846	3.0518450072	3.0502368012	3.0486301646	3.0470250952	3.0454215909	3.0438196496	3.0422192694	3.0406204480	3.0390231834	3.0374274736	3.0358333164	3.0342407099	3.0326496519	3.0310601404	3.0294721733	3.0278857486	3.0263008643	3.0247175182	3.0231357085	3.0215554329	3.0199766896	3.0183994764	3.0168237913	3.0152496324	3.0136769976	3.0121058848	3.0105362922	3.0089682176	3.0074016590	3.0058366145	3.0042730821	3.0027110598	3.0011505455	2.9995915373	2.9980340332	2.9964780313	2.9949235295	2.9933705259	2.9918190185	2.9902690053	2.9887204844	2.9871734538	2.9856279116	2.9840838557	2.9825412843	2.9810001955	2.9794605872	2.9779224575	2.9763858045	2.9748506262	2.9733169208	2.9717846863	2.9702539207	2.9687246222	2.9671967888	2.9656704186	2.9641455098	2.9626220603	2.9611000683	2.9595795319	2.9580604493	2.9565428184	2.9550266374	2.9535119045	2.9519986177	2.9504867751	2.9489763749	2.9474674152	2.9459598942	2.9444538099	2.9429491605	2.9414459441	2.9399441589	2.9384438030	2.9369448745	2.9354473717	2.9339512926	2.9324566355	2.9309633984	2.9294715795	2.9279811771	2.9264921892	2.9250046141	2.9235184499	2.9220336948	2.9205503469	2.9190684045	2.9175878658	2.9161087289	2.9146309920	2.9131546533	2.9116797111	2.9102061635	2.9087340087	2.9072632449	2.9057938704	2.9043258833	2.9028592819	2.9013940644	2.8999302291	2.8984677740	2.8970066976	2.8955469979	2.8940886733	2.8926317219	2.8911761421	2.8897219320	2.8882690900	2.8868176141	2.8853675028	2.8839187543	2.8824713667	2.8810253385	2.8795806678	2.8781373529	2.8766953920	2.8752547835	2.8738155257	2.8723776167	2.8709410550	2.8695058387	2.8680719661	2.8666394356	2.8652082454	2.8637783939	2.8623498792	2.8609226999	2.8594968540	2.8580723400	2.8566491561	2.8552273007	2.8538067720	2.8523875685	2.8509696883	2.8495531299	2.8481378915	2.8467239716	2.8453113683	2.8439000801	2.8424901053	2.8410814422	2.8396740892	2.8382680446	2.8368633067	2.8354598740	2.8340577447	2.8326569173	2.8312573900	2.8298591613	2.8284622294	2.8270665929	2.8256722500	2.8242791990	2.8228874385	2.8214969667	2.8201077821	2.8187198830	2.8173332678	2.8159479349	2.8145638827	2.8131811096	2.8117996139	2.8104193941	2.8090404486	2.8076627758	2.8062863740	2.8049112418	2.8035373774	2.8021647793	2.8007934460	2.7994233759	2.7980545673	2.7966870187	2.7953207285	2.7939556952	2.7925919171	2.7912293928	2.7898681206	2.7885080990	2.7871493265	2.7857918014	2.7844355223	2.7830804875	2.7817266956	2.7803741449	2.7790228340	2.7776727613	2.7763239252	2.7749763242	2.7736299569	2.7722848216	2.7709409168	2.7695982411	2.7682567928	2.7669165705	2.7655775726	2.7642397976	2.7629032441	2.7615679105	2.7602337952	2.7589008969	2.7575692139	2.7562387448	2.7549094881	2.7535814422	2.7522546058	2.7509289773	2.7496045551	2.7482813379	2.7469593242	2.7456385123	2.7443189010	2.7430004886	2.7416832738	2.7403672551	2.7390524309	2.7377387998	2.7364263603	2.7351151111	2.7338050505	2.7324961773	2.7311884898	2.7298819867	2.7285766664	2.7272725277	2.7259695689	2.7246677887	2.7233671856	2.7220677582	2.7207695050	2.7194724246	2.7181765156	2.7168817765	2.7155882059	2.7142958024	2.7130045646	2.7117144909	2.7104255802	2.7091378308	2.7078512413	2.7065658105	2.7052815368	2.7039984188	2.7027164552	2.7014356446	2.7001559854	2.6988774764	2.6976001162	2.6963239033	2.6950488363	2.6937749139	2.6925021347	2.6912304972	2.6899600001	2.6886906421	2.6874224217	2.6861553376	2.6848893883	2.6836245725	2.6823608889	2.6810983361	2.6798369127	2.6785766172	2.6773174485	2.6760594051	2.6748024856	2.6735466888	2.6722920132	2.6710384574	2.6697860203	2.6685347003	2.6672844961	2.6660354065	2.6647874300	2.6635405654	2.6622948112	2.6610501662	2.6598066290	2.6585641983	2.6573228728	2.6560826511	2.6548435319	2.6536055139	2.6523685957	2.6511327761	2.6498980537	2.6486644273	2.6474318954	2.6462004568	2.6449701103	2.6437408543	2.6425126878	2.6412856093	2.6400596176	2.6388347114	2.6376108893	2.6363881501	2.6351664925	2.6339459153	2.6327264170	2.6315079964	2.6302906523	2.6290743833	2.6278591882	2.6266450657	2.6254320146	2.6242200335	2.6230091211	2.6217992763	2.6205904977	2.6193827840	2.6181761341	2.6169705466	2.6157660203	2.6145625539	2.6133601462	2.6121587959	2.6109585018	2.6097592626	2.6085610770	2.6073639438	2.6061678618	2.6049728298	2.6037788464	2.6025859104	2.6013940207	2.6002031760	2.5990133749	2.5978246164	2.5966368992	2.5954502220	2.5942645836	2.5930799828	2.5918964184	2.5907138891	2.5895323938	2.5883519312	2.5871725001	2.5859940993	2.5848167276	2.5836403837	2.5824650665	2.5812907748	2.5801175073	2.5789452629	2.5777740403	2.5766038383	2.5754346559	2.5742664917	2.5730993445	2.5719332132	2.5707680967	2.5696039936	2.5684409028	2.5672788232	2.5661177535	2.5649576926	2.5637986393	2.5626405924	2.5614835507	2.5603275131	2.5591724784	2.5580184454	2.5568654130	2.5557133800	2.5545623452	2.5534123075	2.5522632656	2.5511152186	2.5499681651	2.5488221040	2.5476770343	2.5465329546	2.5453898639	2.5442477611	2.5431066450	2.5419665144	2.5408273681	2.5396892052	2.5385520243	2.5374158245	2.5362806044	2.5351463631	2.5340130993	2.5328808120	2.5317495000	2.5306191622	2.5294897975	2.5283614047	2.5272339826	2.5261075303	2.5249820466	2.5238575303	2.5227339803	2.5216113956	2.5204897750	2.5193691174	2.5182494216	2.5171306867	2.5160129114	2.5148960947	2.5137802355	2.5126653326	2.5115513850	2.5104383916	2.5093263513	2.5082152629	2.5071051255	2.5059959378	2.5048876988	2.5037804075	2.5026740627	2.5015686633	2.5004642083	2.4993606966	2.4982581271	2.4971564988	2.4960558104	2.4949560611	2.4938572497	2.4927593750	2.4916624362	2.4905664320	2.4894713615	2.4883772235	2.4872840171	2.4861917410	2.4851003944	2.4840099760	2.4829204849	2.4818319200	2.4807442803	2.4796575646	2.4785717720	2.4774869014	2.4764029517	2.4753199219	2.4742378110	2.4731566179	2.4720763416	2.4709969809	2.4699185350	2.4688410027	2.4677643831	2.4666886750	2.4656138774	2.4645399894	2.4634670099	2.4623949378	2.4613237722	2.4602535120	2.4591841561	2.4581157036	2.4570481535	2.4559815047	2.4549157562	2.4538509069	2.4527869560	2.4517239023	2.4506617448	2.4496004826	2.4485401147	2.4474806399	2.4464220574	2.4453643661	2.4443075649	2.4432516530	2.4421966294	2.4411424929	2.4400892426	2.4390368776	2.4379853967	2.4369347991	2.4358850838	2.4348362497	2.4337882959	2.4327412213	2.4316950250	2.4306497061	2.4296052634	2.4285616961	2.4275190032	2.4264771837	2.4254362365	2.4243961608	2.4233569556	2.4223186198	2.4212811526	2.4202445529	2.4192088198	2.4181739523	2.4171399495	2.4161068103	2.4150745339	2.4140431192	2.4130125653	2.4119828713	2.4109540361	2.4099260589	2.4088989386	2.4078726744	2.4068472652	2.4058227102	2.4047990083	2.4037761587	2.4027541603	2.4017330123	2.4007127136	2.3996932635	2.3986746608	2.3976569046	2.3966399942	2.3956239284	2.3946087063	2.3935943271	2.3925807898	2.3915680935	2.3905562372	2.3895452199	2.3885350409	2.3875256991	2.3865171937	2.3855095236	2.3845026881	2.3834966861	2.3824915167	2.3814871791	2.3804836722	2.3794809953	2.3784791474	2.3774781275	2.3764779348	2.3754785683	2.3744800272	2.3734823104	2.3724854173	2.3714893467	2.3704940979	2.3694996699	2.3685060617	2.3675132727	2.3665213017	2.3655301479	2.3645398105	2.3635502885	2.3625615810	2.3615736872	2.3605866062	2.3596003370	2.3586148788	2.3576302306	2.3566463917	2.3556633611	2.3546811380	2.3536997214	2.3527191105	2.3517393044	2.3507603022	2.3497821030	2.3488047060	2.3478281103	2.3468523151	2.3458773194	2.3449031223	2.3439297231	2.3429571208	2.3419853146	2.3410143036	2.3400440870	2.3390746638	2.3381060332	2.3371381945	2.3361711466	2.3352048887	2.3342394201	2.3332747398	2.3323108469	2.3313477407	2.3303854203	2.3294238847	2.3284631333	2.3275031650	2.3265439792	2.3255855748	2.3246279512	2.3236711074	2.3227150426	2.3217597559	2.3208052466	2.3198515137	2.3188985565	2.3179463741	2.3169949657	2.3160443303	2.3150944673	2.3141453758	2.3131970549	2.3122495038	2.3113027217	2.3103567077	2.3094114611	2.3084669810	2.3075232665	2.3065803169	2.3056381314	2.3046967090	2.3037560491	2.3028161507	2.3018770131	2.3009386354	2.3000010169	2.2990641567	2.2981280540	2.2971927080	2.2962581178	2.2953242828	2.2943912020	2.2934588746	2.2925273000	2.2915964772	2.2906664054	2.2897370839	2.2888085118	2.2878806883	2.2869536128	2.2860272842	2.2851017019	2.2841768651	2.2832527729	2.2823294246	2.2814068194	2.2804849565	2.2795638351	2.2786434543	2.2777238135	2.2768049119	2.2758867485	2.2749693228	2.2740526338	2.2731366808	2.2722214631	2.2713069797	2.2703932301	2.2694802133	2.2685679286	2.2676563753	2.2667455525	2.2658354594	2.2649260954	2.2640174597	2.2631095514	2.2622023698	2.2612959141	2.2603901835	2.2594851774	2.2585808949	2.2576773353	2.2567744978	2.2558723816	2.2549709860	2.2540703102	2.2531703535	2.2522711151	2.2513725942	2.2504747901	2.2495777021	2.2486813293	2.2477856711	2.2468907267	2.2459964952	2.2451029761	2.2442101685	2.2433180717	2.2424266849	2.2415360074	2.2406460385	2.2397567774	2.2388682233	2.2379803755	2.2370932334	2.2362067961	2.2353210628	2.2344360330	2.2335517058	2.2326680805	2.2317851563	2.2309029326	2.2300214085	2.2291405835	2.2282604567	2.2273810273	2.2265022948	2.2256242583	2.2247469171	2.2238702706	2.2229943179	2.2221190583	2.2212444912	2.2203706158	2.2194974314	2.2186249373	2.2177531327	2.2168820170	2.2160115893	2.2151418491	2.2142727956	2.2134044280	2.2125367457	2.2116697480	2.2108034341	2.2099378033	2.2090728550	2.2082085883	2.2073450027	2.2064820974	2.2056198717	2.2047583249	2.2038974562	2.2030372651	2.2021777507	2.2013189125	2.2004607496	2.1996032614	2.1987464473	2.1978903064	2.1970348381	2.1961800418	2.1953259166	2.1944724620	2.1936196772	2.1927675616	2.1919161144	2.1910653350	2.1902152226	2.1893657766	2.1885169964	2.1876688812	2.1868214303	2.1859746430	2.1851285188	2.1842830568	2.1834382564	2.1825941169	2.1817506378	2.1809078181	2.1800656574	2.1792241549	2.1783833099	2.1775431219	2.1767035900	2.1758647136	2.1750264921	2.1741889248	2.1733520110	2.1725157500	2.1716801413	2.1708451840	2.1700108776	2.1691772214	2.1683442147	2.1675118568	2.1666801471	2.1658490850	2.1650186698	2.1641889007	2.1633597772	2.1625312986	2.1617034642	2.1608762735	2.1600497256	2.1592238200	2.1583985561	2.1575739331	2.1567499504	2.1559266074	2.1551039034	2.1542818377	2.1534604098	2.1526396189	2.1518194645	2.1509999458	2.1501810623	2.1493628133	2.1485451981	2.1477282161	2.1469118667	2.1460961491	2.1452810629	2.1444666073	2.1436527817	2.1428395855	2.1420270180	2.1412150787	2.1404037667	2.1395930816	2.1387830227	2.1379735894	2.1371647809	2.1363565968	2.1355490364	2.1347420990	2.1339357840	2.1331300908	2.1323250187	2.1315205672	2.1307167356	2.1299135233	2.1291109297	2.1283089541	2.1275075959	2.1267068545	2.1259067293	2.1251072196	2.1243083249	2.1235100446	2.1227123779	2.1219153243	2.1211188832	2.1203230540	2.1195278360	2.1187332287	2.1179392314	2.1171458435	2.1163530644	2.1155608935	2.1147693302	2.1139783739	2.1131880240	2.1123982798	2.1116091408	2.1108206064	2.1100326759	2.1092453488	2.1084586244	2.1076725022	2.1068869815	2.1061020618	2.1053177424	2.1045340228	2.1037509023	2.1029683804	2.1021864565	2.1014051299	2.1006244001	2.0998442665	2.0990647285	2.0982857854	2.0975074368	2.0967296820	2.0959525204	2.0951759515	2.0943999746	2.0936245892	2.0928497947	2.0920755904	2.0913019759	2.0905289504	2.0897565135	2.0889846646	2.0882134031	2.0874427283	2.0866726397	2.0859031368	2.0851342190	2.0843658856	2.0835981361	2.0828309699	2.0820643865	2.0812983852	2.0805329656	2.0797681270	2.0790038688	2.0782401905	2.0774770915	2.0767145712	2.0759526292	2.0751912647	2.0744304772	2.0736702662	2.0729106311	2.0721515713	2.0713930863	2.0706351755	2.0698778383	2.0691210742	2.0683648826	2.0676092629	2.0668542147	2.0660997372	2.0653458300	2.0645924926	2.0638397242	2.0630875245	2.0623358928	2.0615848286	2.0608343313	2.0600844003	2.0593350352	2.0585862354	2.0578380002	2.0570903292	2.0563432218	2.0555966775	2.0548506957	2.0541052758	2.0533604174	2.0526161198	2.0518723825	2.0511292050	2.0503865867	2.0496445271	2.0489030256	2.0481620817	2.0474216949	2.0466818645	2.0459425902	2.0452038712	2.0444657072	2.0437280974	2.0429910415	2.0422545389	2.0415185890	2.0407831913	2.0400483452	2.0393140503	2.0385803060	2.0378471117	2.0371144669	2.0363823712	2.0356508239	2.0349198245	2.0341893725	2.0334594674	2.0327301087	2.0320012957	2.0312730281	2.0305453052	2.0298181265	2.0290914915	2.0283653998	2.0276398506	2.0269148436	2.0261903783	2.0254664540	2.0247430702	2.0240202266	2.0232979224	2.0225761573	2.0218549306	2.0211342419	2.0204140907	2.0196944764	2.0189753985	2.0182568565	2.0175388499	2.0168213782	2.0161044408	2.0153880373	2.0146721671	2.0139568298	2.0132420248	2.0125277515	2.0118140096	2.0111007984	2.0103881175	2.0096759664	2.0089643445	2.0082532514	2.0075426866	2.0068326494	2.0061231396	2.0054141564	2.0047056995	2.0039977683	2.0032903623	2.0025834811	2.0018771241	2.0011712908	2.0004659807	1.9997611934	1.9990569282	1.9983531848	1.9976499627	1.9969472612	1.9962450801	1.9955434186	1.9948422764	1.9941416530	1.9934415478	1.9927419604	1.9920428903	1.9913443369	1.9906462999	1.9899487786	1.9892517727	1.9885552816	1.9878593049	1.9871638419	1.9864688924	1.9857744557	1.9850805314	1.9843871191	1.9836942181	1.9830018281	1.9823099485	1.9816185790	1.9809277188	1.9802373678	1.9795475252	1.9788581907	1.9781693637	1.9774810438	1.9767932306	1.9761059234	1.9754191219	1.9747328256	1.9740470340	1.9733617466	1.9726769630	1.9719926826	1.9713089051	1.9706256298	1.9699428564	1.9692605844	1.9685788133	1.9678975427	1.9672167720	1.9665365008	1.9658567286	1.9651774550	1.9644986795	1.9638204016	1.9631426209	1.9624653369	1.9617885491	1.9611122570	1.9604364603	1.9597611584	1.9590863508	1.9584120372	1.9577382170	1.9570648898	1.9563920551	1.9557197125	1.9550478615	1.9543765016	1.9537056324	1.9530352534	1.9523653642	1.9516959643	1.9510270532	1.9503586306	1.9496906959	1.9490232487	1.9483562885	1.9476898149	1.9470238274	1.9463583256	1.9456933090	1.9450287772	1.9443647297	1.9437011660	1.9430380858	1.9423754886	1.9417133738	1.9410517412	1.9403905902	1.9397299203	1.9390697312	1.9384100223	1.9377507933	1.9370920437	1.9364337731	1.9357759809	1.9351186669	1.9344618304	1.9338054711	1.9331495886	1.9324941823	1.9318392519	1.9311847969	1.9305308169	1.9298773115	1.9292242801	1.9285717224	1.9279196379	1.9272680262	1.9266168868	1.9259662194	1.9253160235	1.9246662985	1.9240170442	1.9233682601	1.9227199457	1.9220721007	1.9214247245	1.9207778168	1.9201313770	1.9194854049	1.9188398999	1.9181948617	1.9175502897	1.9169061836	1.9162625430	1.9156193674	1.9149766564	1.9143344095	1.9136926264	1.9130513065	1.9124104496	1.9117700551	1.9111301227	1.9104906519	1.9098516423	1.9092130934	1.9085750049	1.9079373764	1.9073002073	1.9066634973	1.9060272460	1.9053914530	1.9047561178	1.9041212400	1.9034868192	1.9028528549	1.9022193469	1.9015862945	1.9009536976	1.9003215555	1.8996898679	1.8990586344	1.8984278546	1.8977975281	1.8971676544	1.8965382331	1.8959092639	1.8952807463	1.8946526799	1.8940250643	1.8933978990	1.8927711838	1.8921449181	1.8915191016	1.8908937338	1.8902688144	1.8896443429	1.8890203189	1.8883967421	1.8877736120	1.8871509282	1.8865286903	1.8859068980	1.8852855507	1.8846646482	1.8840441899	1.8834241756	1.8828046047	1.8821854770	1.8815667919	1.8809485492	1.8803307483	1.8797133890	1.8790964707	1.8784799932	1.8778639560	1.8772483587	1.8766332009	1.8760184822	1.8754042022	1.8747903606	1.8741769569	1.8735639907	1.8729514617	1.8723393695	1.8717277136	1.8711164936	1.8705057093	1.8698953601	1.8692854458	1.8686759658	1.8680669199	1.8674583076	1.8668501285	1.8662423823	1.8656350685	1.8650281868	1.8644217368	1.8638157181	1.8632101303	1.8626049731	1.8620002460	1.8613959486	1.8607920806	1.8601886417	1.8595856313	1.8589830491	1.8583808948	1.8577791680	1.8571778682	1.8565769952	1.8559765484	1.8553765276	1.8547769324	1.8541777623	1.8535790171	1.8529806962	1.8523827994	1.8517853263	1.8511882765	1.8505916495	1.8499954452	1.8493996629	1.8488043025	1.8482093635	1.8476148455	1.8470207482	1.8464270712	1.8458338141	1.8452409765	1.8446485582	1.8440565586	1.8434649774	1.8428738143	1.8422830690	1.8416927409	1.8411028298	1.8405133352	1.8399242569	1.8393355944	1.8387473474	1.8381595155	1.8375720984	1.8369850956	1.8363985069	1.8358123318	1.8352265699	1.8346412210	1.8340562847	1.8334717605	1.8328876482	1.8323039473	1.8317206575	1.8311377785	1.8305553099	1.8299732512	1.8293916022	1.8288103625	1.8282295318	1.8276491096	1.8270690956	1.8264894895	1.8259102909	1.8253314995	1.8247531148	1.8241751365	1.8235975644	1.8230203979	1.8224436368	1.8218672807	1.8212913292	1.8207157821	1.8201406389	1.8195658992	1.8189915629	1.8184176293	1.8178440984	1.8172709695	1.8166982426	1.8161259171	1.8155539927	1.8149824691	1.8144113459	1.8138406228	1.8132702994	1.8127003754	1.8121308504	1.8115617241	1.8109929961	1.8104246661	1.8098567338	1.8092891988	1.8087220606	1.8081553191	1.8075889739	1.8070230246	1.8064574708	1.8058923123	1.8053275486	1.8047631795	1.8041992046	1.8036356235	1.8030724359	1.8025096415	1.8019472400	1.8013852309	1.8008236140	1.8002623889	1.7997015552	1.7991411127	1.7985810610	1.7980213997	1.7974621285	1.7969032472	1.7963447552	1.7957866524	1.7952289383	1.7946716127	1.7941146751	1.7935581254	1.7930019630	1.7924461878	1.7918907993	1.7913357972	1.7907811812	1.7902269510	1.7896731062	1.7891196465	1.7885665715	1.7880138810	1.7874615746	1.7869096520	1.7863581128	1.7858069567	1.7852561834	1.7847057926	1.7841557838	1.7836061569	1.7830569115	1.7825080471	1.7819595636	1.7814114606	1.7808637378	1.7803163947	1.7797694312	1.7792228469	1.7786766414	1.7781308145	1.7775853658	1.7770402949	1.7764956017	1.7759512856	1.7754073465	1.7748637840	1.7743205978	1.7737777875	1.7732353528	1.7726932935	1.7721516091	1.7716102995	1.7710693641	1.7705288028	1.7699886153	1.7694488011	1.7689093600	1.7683702916	1.7678315957	1.7672932719	1.7667553200	1.7662177395	1.7656805302	1.7651436917	1.7646072239	1.7640711262	1.7635353984	1.7630000403	1.7624650514	1.7619304316	1.7613961803	1.7608622975	1.7603287826	1.7597956355	1.7592628558	1.7587304433	1.7581983975	1.7576667181	1.7571354050	1.7566044577	1.7560738760	1.7555436595	1.7550138079	1.7544843210	1.7539551984	1.7534264398	1.7528980449	1.7523700134	1.7518423450	1.7513150393	1.7507880962	1.7502615152	1.7497352961	1.7492094385	1.7486839422	1.7481588069	1.7476340322	1.7471096178	1.7465855635	1.7460618689	1.7455385338	1.7450155578	1.7444929406	1.7439706820	1.7434487816	1.7429272391	1.7424060542	1.7418852267	1.7413647562	1.7408446425	1.7403248851	1.7398054839	1.7392864386	1.7387677487	1.7382494141	1.7377314345	1.7372138095	1.7366965388	1.7361796222	1.7356630593	1.7351468499	1.7346309937	1.7341154903	1.7336003396	1.7330855410	1.7325710945	1.7320569997	1.7315432562	1.7310298639	1.7305168224	1.7300041314	1.7294917906	1.7289797998	1.7284681586	1.7279568668	1.7274459240	1.7269353300	1.7264250845	1.7259151872	1.7254056378	1.7248964360	1.7243875815	1.7238790741	1.7233709134	1.7228630992	1.7223556312	1.7218485090	1.7213417325	1.7208353012	1.7203292150	1.7198234736	1.7193180766	1.7188130237	1.7183083148	1.7178039494	1.7172999274	1.7167962484	1.7162929122	1.7157899184	1.7152872668	1.7147849571	1.7142829891	1.7137813624	1.7132800767	1.7127791318	1.7122785274	1.7117782632	1.7112783390	1.7107787544	1.7102795092	1.7097806030	1.7092820357	1.7087838069	1.7082859164	1.7077883639	1.7072911490	1.7067942716	1.7062977314	1.7058015280	1.7053056612	1.7048101307	1.7043149362	1.7038200775	1.7033255544	1.7028313664	1.7023375133	1.7018439950	1.7013508110	1.7008579611	1.7003654451	1.6998732627	1.6993814135	1.6988898974	1.6983987140	1.6979078631	1.6974173444	1.6969271577	1.6964373026	1.6959477789	1.6954585864	1.6949697247	1.6944811936	1.6939929927	1.6935051220	1.6930175810	1.6925303695	1.6920434873	1.6915569341	1.6910707095	1.6905848134	1.6900992454	1.6896140054	1.6891290930	1.6886445079	1.6881602500	1.6876763189	1.6871927144	1.6867094361	1.6862264840	1.6857438575	1.6852615567	1.6847795810	1.6842979304	1.6838166044	1.6833356030	1.6828549257	1.6823745723	1.6818945427	1.6814148364	1.6809354533	1.6804563931	1.6799776555	1.6794992402	1.6790211471	1.6785433758	1.6780659261	1.6775887978	1.6771119904	1.6766355039	1.6761593380	1.6756834923	1.6752079667	1.6747327608	1.6742578745	1.6737833074	1.6733090593	1.6728351299	1.6723615191	1.6718882265	1.6714152518	1.6709425949	1.6704702554	1.6699982332	1.6695265279	1.6690551393	1.6685840671	1.6681133112	1.6676428712	1.6671727468	1.6667029379	1.6662334442	1.6657642654	1.6652954013	1.6648268516	1.6643586161	1.6638906944	1.6634230865	1.6629557920	1.6624888106	1.6620221422	1.6615557864	1.6610897431	1.6606240119	1.6601585926	1.6596934850	1.6592286888	1.6587642038	1.6583000297	1.6578361663	1.6573726133	1.6569093705	1.6564464377	1.6559838145	1.6555215008	1.6550594962	1.6545978006	1.6541364137	1.6536753353	1.6532145651	1.6527541028	1.6522939483	1.6518341012	1.6513745614	1.6509153286	1.6504564025	1.6499977829	1.6495394696	1.6490814623	1.6486237608	1.6481663648	1.6477092741	1.6472524885	1.6467960076	1.6463398314	1.6458839594	1.6454283915	1.6449731275	1.6445181671	1.6440635101	1.6436091561	1.6431551051	1.6427013567	1.6422479107	1.6417947669	1.6413419250	1.6408893849	1.6404371461	1.6399852086	1.6395335721	1.6390822363	1.6386312010	1.6381804660	1.6377300310	1.6372798959	1.6368300602	1.6363805240	1.6359312868	1.6354823484	1.6350337087	1.6345853674	1.6341373242	1.6336895790	1.6332421314	1.6327949813	1.6323481284	1.6319015725	1.6314553133	1.6310093507	1.6305636844	1.6301183141	1.6296732396	1.6292284608	1.6287839773	1.6283397889	1.6278958954	1.6274522967	1.6270089923	1.6265659822	1.6261232660	1.6256808436	1.6252387147	1.6247968791	1.6243553366	1.6239140869	1.6234731299	1.6230324652	1.6225920927	1.6221520120	1.6217122231	1.6212727257
0.8074704706	0.8079710024	0.8084715953	0.8089722493	0.8094729643	0.8099737402	0.8104745770	0.8109754747	0.8114764331	0.8119774521	0.8124785319	0.8129796722	0.8134808730	0.8139821342	0.8144834559	0.8149848379	0.8154862802	0.8159877826	0.8164893453	0.8169909680	0.8174926507	0.8179943934	0.8184961960	0.8189980585	0.8194999807	0.8200019627	0.8205040043	0.8210061056	0.8215082663	0.8220104866	0.8225127662	0.8230151053	0.8235175036	0.8240199611	0.8245224779	0.8250250537	0.8255276886	0.8260303825	0.8265331353	0.8270359470	0.8275388175	0.8280417468	0.8285447347	0.8290477813	0.8295508864	0.8300540500	0.8305572721	0.8310605526	0.8315638913	0.8320672884	0.8325707436	0.8330742570	0.8335778285	0.8340814579	0.8345851454	0.8350888907	0.8355926939	0.8360965548	0.8366004735	0.8371044498	0.8376084836	0.8381125751	0.8386167240	0.8391209303	0.8396251939	0.8401295148	0.8406338930	0.8411383283	0.8416428208	0.8421473702	0.8426519767	0.8431566400	0.8436613603	0.8441661373	0.8446709711	0.8451758615	0.8456808086	0.8461858122	0.8466908723	0.8471959889	0.8477011618	0.8482063910	0.8487116765	0.8492170182	0.8497224160	0.8502278698	0.8507333797	0.8512389455	0.8517445672	0.8522502448	0.8527559781	0.8532617671	0.8537676117	0.8542735119	0.8547794676	0.8552854788	0.8557915454	0.8562976674	0.8568038446	0.8573100770	0.8578163646	0.8583227072	0.8588291049	0.8593355576	0.8598420652	0.8603486276	0.8608552449	0.8613619168	0.8618686434	0.8623754247	0.8628822604	0.8633891507	0.8638960954	0.8644030944	0.8649101477	0.8654172553	0.8659244171	0.8664316329	0.8669389029	0.8674462268	0.8679536047	0.8684610364	0.8689685220	0.8694760613	0.8699836543	0.8704913009	0.8709990011	0.8715067548	0.8720145620	0.8725224226	0.8730303364	0.8735383036	0.8740463239	0.8745543974	0.8750625240	0.8755707036	0.8760789361	0.8765872216	0.8770955599	0.8776039510	0.8781123948	0.8786208912	0.8791294403	0.8796380418	0.8801466959	0.8806554024	0.8811641612	0.8816729723	0.8821818356	0.8826907511	0.8831997187	0.8837087384	0.8842178101	0.8847269336	0.8852361091	0.8857453363	0.8862546153	0.8867639460	0.8872733283	0.8877827621	0.8882922475	0.8888017842	0.8893113724	0.8898210119	0.8903307026	0.8908404446	0.8913502376	0.8918600818	0.8923699769	0.8928799230	0.8933899200	0.8938999678	0.8944100664	0.8949202157	0.8954304156	0.8959406662	0.8964509672	0.8969613187	0.8974717206	0.8979821729	0.8984926754	0.8990032282	0.8995138311	0.9000244841	0.9005351872	0.9010459402	0.9015567432	0.9020675960	0.9025784985	0.9030894509	0.9036004529	0.9041115045	0.9046226056	0.9051337563	0.9056449563	0.9061562058	0.9066675045	0.9071788525	0.9076902497	0.9082016960	0.9087131914	0.9092247357	0.9097363290	0.9102479712	0.9107596622	0.9112714020	0.9117831904	0.9122950275	0.9128069132	0.9133188474	0.9138308300	0.9143428610	0.9148549404	0.9153670680	0.9158792439	0.9163914678	0.9169037399	0.9174160600	0.9179284281	0.9184408441	0.9189533079	0.9194658195	0.9199783788	0.9204909858	0.9210036404	0.9215163425	0.9220290921	0.9225418891	0.9230547335	0.9235676251	0.9240805641	0.9245935501	0.9251065833	0.9256196636	0.9261327908	0.9266459650	0.9271591860	0.9276724539	0.9281857684	0.9286991297	0.9292125376	0.9297259921	0.9302394931	0.9307530405	0.9312666343	0.9317802744	0.9322939608	0.9328076934	0.9333214721	0.9338352969	0.9343491677	0.9348630845	0.9353770471	0.9358910556	0.9364051099	0.9369192099	0.9374333555	0.9379475467	0.9384617835	0.9389760657	0.9394903933	0.9400047663	0.9405191845	0.9410336480	0.9415481567	0.9420627104	0.9425773092	0.9430919530	0.9436066417	0.9441213752	0.9446361535	0.9451509766	0.9456658444	0.9461807568	0.9466957137	0.9472107151	0.9477257610	0.9482408512	0.9487559858	0.9492711645	0.9497863875	0.9503016546	0.9508169658	0.9513323210	0.9518477201	0.9523631631	0.9528786500	0.9533941805	0.9539097548	0.9544253728	0.9549410343	0.9554567393	0.9559724878	0.9564882797	0.9570041150	0.9575199935	0.9580359152	0.9585518800	0.9590678880	0.9595839390	0.9601000330	0.9606161698	0.9611323496	0.9616485721	0.9621648373	0.9626811452	0.9631974957	0.9637138888	0.9642303243	0.9647468023	0.9652633226	0.9657798852	0.9662964901	0.9668131371	0.9673298263	0.9678465575	0.9683633307	0.9688801458	0.9693970029	0.9699139017	0.9704308423	0.9709478246	0.9714648485	0.9719819139	0.9724990209	0.9730161694	0.9735333592	0.9740505903	0.9745678627	0.9750851763	0.9756025311	0.9761199269	0.9766373638	0.9771548416	0.9776723603	0.9781899199	0.9787075202	0.9792251613	0.9797428430	0.9802605653	0.9807783281	0.9812961314	0.9818139752	0.9823318592	0.9828497836	0.9833677482	0.9838857529	0.9844037978	0.9849218827	0.9854400076	0.9859581724	0.9864763771	0.9869946216	0.9875129059	0.9880312298	0.9885495933	0.9890679964	0.9895864390	0.9901049210	0.9906234424	0.9911420032	0.9916606031	0.9921792423	0.9926979206	0.9932166380	0.9937353944	0.9942541897	0.9947730239	0.9952918970	0.9958108088	0.9963297593	0.9968487485	0.9973677762	0.9978868425	0.9984059473	0.9989250904	0.9994442719	0.9999634917	1.0004827496	1.0010020458	1.0015213800	1.0020407523	1.0025601625	1.0030796107	1.0035990967	1.0041186205	1.0046381821	1.0051577813	1.0056774181	1.0061970925	1.0067168044	1.0072365536	1.0077563403	1.0082761643	1.0087960255	1.0093159238	1.0098358593	1.0103558319	1.0108758415	1.0113958880	1.0119159714	1.0124360916	1.0129562486	1.0134764422	1.0139966725	1.0145169394	1.0150372428	1.0155575826	1.0160779588	1.0165983714	1.0171188202	1.0176393052	1.0181598264	1.0186803837	1.0192009770	1.0197216063	1.0202422714	1.0207629724	1.0212837092	1.0218044817	1.0223252899	1.0228461337	1.0233670130	1.0238879278	1.0244088780	1.0249298635	1.0254508844	1.0259719405	1.0264930318	1.0270141581	1.0275353196	1.0280565160	1.0285777473	1.0290990135	1.0296203146	1.0301416503	1.0306630208	1.0311844259	1.0317058655	1.0322273396	1.0327488482	1.0332703912	1.0337919685	1.0343135800	1.0348352258	1.0353569057	1.0358786196	1.0364003676	1.0369221495	1.0374439654	1.0379658150	1.0384876985	1.0390096156	1.0395315664	1.0400535508	1.0405755687	1.0410976201	1.0416197048	1.0421418230	1.0426639744	1.0431861590	1.0437083768	1.0442306277	1.0447529117	1.0452752286	1.0457975784	1.0463199611	1.0468423766	1.0473648249	1.0478873058	1.0484098193	1.0489323654	1.0494549440	1.0499775550	1.0505001983	1.0510228740	1.0515455819	1.0520683221	1.0525910943	1.0531138986	1.0536367349	1.0541596032	1.0546825034	1.0552054353	1.0557283991	1.0562513945	1.0567744216	1.0572974802	1.0578205704	1.0583436920	1.0588668450	1.0593900294	1.0599132450	1.0604364919	1.0609597699	1.0614830789	1.0620064191	1.0625297902	1.0630531922	1.0635766250	1.0641000886	1.0646235830	1.0651471080	1.0656706636	1.0661942498	1.0667178665	1.0672415135	1.0677651910	1.0682888987	1.0688126367	1.0693364048	1.0698602031	1.0703840314	1.0709078898	1.0714317780	1.0719556961	1.0724796441	1.0730036218	1.0735276292	1.0740516662	1.0745757328	1.0750998288	1.0756239544	1.0761481093	1.0766722935	1.0771965071	1.0777207498	1.0782450216	1.0787693226	1.0792936525	1.0798180114	1.0803423993	1.0808668159	1.0813912613	1.0819157355	1.0824402383	1.0829647697	1.0834893296	1.0840139180	1.0845385348	1.0850631800	1.0855878534	1.0861125551	1.0866372849	1.0871620429	1.0876868289	1.0882116429	1.0887364848	1.0892613546	1.0897862521	1.0903111774	1.0908361304	1.0913611110	1.0918861192	1.0924111549	1.0929362180	1.0934613085	1.0939864263	1.0945115713	1.0950367436	1.0955619429	1.0960871694	1.0966124228	1.0971377032	1.0976630105	1.0981883446	1.0987137055	1.0992390931	1.0997645074	1.1002899482	1.1008154155	1.1013409093	1.1018664295	1.1023919761	1.1029175489	1.1034431479	1.1039687731	1.1044944244	1.1050201018	1.1055458051	1.1060715343	1.1065972894	1.1071230702	1.1076488768	1.1081747091	1.1087005669	1.1092264504	1.1097523593	1.1102782936	1.1108042533	1.1113302383	1.1118562486	1.1123822840	1.1129083445	1.1134344302	1.1139605408	1.1144866763	1.1150128368	1.1155390220	1.1160652320	1.1165914667	1.1171177260	1.1176440099	1.1181703184	1.1186966512	1.1192230085	1.1197493901	1.1202757959	1.1208022260	1.1213286802	1.1218551585	1.1223816608	1.1229081871	1.1234347373	1.1239613113	1.1244879092	1.1250145307	1.1255411759	1.1260678447	1.1265945370	1.1271212528	1.1276479920	1.1281747546	1.1287015405	1.1292283496	1.1297551819	1.1302820373	1.1308089157	1.1313358172	1.1318627415	1.1323896887	1.1329166588	1.1334436515	1.1339706670	1.1344977051	1.1350247658	1.1355518489	1.1360789545	1.1366060825	1.1371332328	1.1376604053	1.1381876001	1.1387148170	1.1392420559	1.1397693169	1.1402965998	1.1408239047	1.1413512313	1.1418785797	1.1424059499	1.1429333417	1.1434607550	1.1439881899	1.1445156463	1.1450431241	1.1455706232	1.1460981436	1.1466256852	1.1471532480	1.1476808319	1.1482084368	1.1487360628	1.1492637096	1.1497913773	1.1503190657	1.1508467750	1.1513745048	1.1519022554	1.1524300264	1.1529578180	1.1534856299	1.1540134623	1.1545413150	1.1550691879	1.1555970810	1.1561249942	1.1566529275	1.1571808808	1.1577088540	1.1582368471	1.1587648600	1.1592928927	1.1598209451	1.1603490172	1.1608771088	1.1614052199	1.1619333505	1.1624615005	1.1629896698	1.1635178584	1.1640460662	1.1645742932	1.1651025392	1.1656308043	1.1661590884	1.1666873913	1.1672157131	1.1677440537	1.1682724130	1.1688007910	1.1693291876	1.1698576027	1.1703860363	1.1709144883	1.1714429587	1.1719714474	1.1724999543	1.1730284794	1.1735570226	1.1740855839	1.1746141632	1.1751427604	1.1756713755	1.1762000083	1.1767286590	1.1772573273	1.1777860132	1.1783147168	1.1788434378	1.1793721763	1.1799009321	1.1804297053	1.1809584957	1.1814873034	1.1820161282	1.1825449700	1.1830738289	1.1836027048	1.1841315975	1.1846605071	1.1851894335	1.1857183765	1.1862473363	1.1867763126	1.1873053054	1.1878343147	1.1883633405	1.1888923826	1.1894214409	1.1899505155	1.1904796063	1.1910087132	1.1915378361	1.1920669750	1.1925961298	1.1931253005	1.1936544870	1.1941836892	1.1947129071	1.1952421406	1.1957713897	1.1963006543	1.1968299343	1.1973592297	1.1978885404	1.1984178663	1.1989472075	1.1994765638	1.2000059351	1.2005353215	1.2010647228	1.2015941390	1.2021235700	1.2026530158	1.2031824763	1.2037119514	1.2042414411	1.2047709454	1.2053004641	1.2058299972	1.2063595446	1.2068891063	1.2074186822	1.2079482723	1.2084778765	1.2090074947	1.2095371269	1.2100667730	1.2105964330	1.2111261067	1.2116557942	1.2121854954	1.2127152101	1.2132449384	1.2137746802	1.2143044354	1.2148342040	1.2153639859	1.2158937810	1.2164235893	1.2169534108	1.2174832452	1.2180130927	1.2185429532	1.2190728265	1.2196027126	1.2201326115	1.2206625230	1.2211924472	1.2217223840	1.2222523333	1.2227822950	1.2233122691	1.2238422556	1.2243722543	1.2249022653	1.2254322883	1.2259623235	1.2264923707	1.2270224298	1.2275525009	1.2280825838	1.2286126784	1.2291427848	1.2296729029	1.2302030325	1.2307331737	1.2312633264	1.2317934905	1.2323236659	1.2328538526	1.2333840506	1.2339142597	1.2344444799	1.2349747112	1.2355049535	1.2360352067	1.2365654708	1.2370957457	1.2376260313	1.2381563276	1.2386866345	1.2392169520	1.2397472800	1.2402776184	1.2408079673	1.2413383264	1.2418686958	1.2423990754	1.2429294651	1.2434598649	1.2439902747	1.2445206945	1.2450511241	1.2455815636	1.2461120129	1.2466424718	1.2471729404	1.2477034186	1.2482339064	1.2487644036	1.2492949102	1.2498254261	1.2503559513	1.2508864858	1.2514170294	1.2519475821	1.2524781439	1.2530087146	1.2535392942	1.2540698827	1.2546004800	1.2551310861	1.2556617008	1.2561923241	1.2567229560	1.2572535963	1.2577842451	1.2583149023	1.2588455677	1.2593762415	1.2599069234	1.2604376134	1.2609683115	1.2614990176	1.2620297316	1.2625604535	1.2630911833	1.2636219208	1.2641526660	1.2646834188	1.2652141792	1.2657449472	1.2662757226	1.2668065053	1.2673372955	1.2678680928	1.2683988974	1.2689297092	1.2694605280	1.2699913539	1.2705221868	1.2710530265	1.2715838731	1.2721147265	1.2726455866	1.2731764533	1.2737073267	1.2742382066	1.2747690930	1.2752999858	1.2758308850	1.2763617904	1.2768927021	1.2774236200	1.2779545440	1.2784854741	1.2790164101	1.2795473521	1.2800782999	1.2806092536	1.2811402130	1.2816711781	1.2822021488	1.2827331251	1.2832641069	1.2837950941	1.2843260868	1.2848570847	1.2853880879	1.2859190963	1.2864501099	1.2869811285	1.2875121522	1.2880431808	1.2885742143	1.2891052526	1.2896362958	1.2901673436	1.2906983961	1.2912294532	1.2917605148	1.2922915808	1.2928226513	1.2933537262	1.2938848053	1.2944158886	1.2949469762	1.2954780678	1.2960091634	1.2965402631	1.2970713667	1.2976024741	1.2981335853	1.2986647003	1.2991958190	1.2997269412	1.3002580670	1.3007891964	1.3013203291	1.3018514653	1.3023826047	1.3029137474	1.3034448933	1.3039760423	1.3045071944	1.3050383495	1.3055695075	1.3061006684	1.3066318322	1.3071629987	1.3076941679	1.3082253398	1.3087565142	1.3092876912	1.3098188706	1.3103500525	1.3108812366	1.3114124231	1.3119436117	1.3124748025	1.3130059955	1.3135371904	1.3140683873	1.3145995861	1.3151307868	1.3156619893	1.3161931935	1.3167243994	1.3172556068	1.3177868158	1.3183180263	1.3188492383	1.3193804516	1.3199116662	1.3204428820	1.3209740990	1.3215053172	1.3220365364	1.3225677566	1.3230989777	1.3236301997	1.3241614225	1.3246926461	1.3252238704	1.3257550953	1.3262863208	1.3268175467	1.3273487732	1.3278800000	1.3284112272	1.3289424546	1.3294736822	1.3300049100	1.3305361378	1.3310673657	1.3315985936	1.3321298213	1.3326610489	1.3331922762	1.3337235033	1.3342547301	1.3347859564	1.3353171823	1.3358484076	1.3363796324	1.3369108565	1.3374420799	1.3379733026	1.3385045244	1.3390357453	1.3395669653	1.3400981842	1.3406294021	1.3411606189	1.3416918344	1.3422230487	1.3427542617	1.3432854733	1.3438166835	1.3443478921	1.3448790992	1.3454103047	1.3459415085	1.3464727106	1.3470039108	1.3475351092	1.3480663057	1.3485975002	1.3491286926	1.3496598829	1.3501910711	1.3507222570	1.3512534406	1.3517846219	1.3523158008	1.3528469772	1.3533781510	1.3539093223	1.3544404909	1.3549716568	1.3555028199	1.3560339801	1.3565651375	1.3570962919	1.3576274433	1.3581585916	1.3586897367	1.3592208787	1.3597520174	1.3602831527	1.3608142847	1.3613454132	1.3618765382	1.3624076596	1.3629387774	1.3634698915	1.3640010019	1.3645321085	1.3650632111	1.3655943099	1.3661254046	1.3666564953	1.3671875818	1.3677186642	1.3682497423	1.3687808162	1.3693118856	1.3698429507	1.3703740113	1.3709050673	1.3714361187	1.3719671654	1.3724982075	1.3730292447	1.3735602771	1.3740913045	1.3746223270	1.3751533445	1.3756843569	1.3762153641	1.3767463661	1.3772773628	1.3778083542	1.3783393402	1.3788703207	1.3794012957	1.3799322651	1.3804632289	1.3809941870	1.3815251393	1.3820560858	1.3825870264	1.3831179611	1.3836488897	1.3841798123	1.3847107288	1.3852416390	1.3857725431	1.3863034408	1.3868343321	1.3873652170	1.3878960954	1.3884269672	1.3889578325	1.3894886910	1.3900195428	1.3905503878	1.3910812260	1.3916120572	1.3921428815	1.3926736987	1.3932045088	1.3937353117	1.3942661074	1.3947968958	1.3953276769	1.3958584506	1.3963892168	1.3969199755	1.3974507265	1.3979814700	1.3985122057	1.3990429336	1.3995736537	1.4001043659	1.4006350702	1.4011657664	1.4016964546	1.4022271346	1.4027578064	1.4032884699	1.4038191252	1.4043497720	1.4048804104	1.4054110403	1.4059416616	1.4064722743	1.4070028784	1.4075334736	1.4080640601	1.4085946377	1.4091252063	1.4096557660	1.4101863166	1.4107168581	1.4112473904	1.4117779135	1.4123084273	1.4128389317	1.4133694267	1.4138999123	1.4144303882	1.4149608546	1.4154913114	1.4160217584	1.4165521956	1.4170826229	1.4176130404	1.4181434479	1.4186738454	1.4192042328	1.4197346100	1.4202649770	1.4207953338	1.4213256802	1.4218560162	1.4223863418	1.4229166568	1.4234469613	1.4239772551	1.4245075383	1.4250378107	1.4255680722	1.4260983229	1.4266285627	1.4271587914	1.4276890091	1.4282192156	1.4287494110	1.4292795951	1.4298097679	1.4303399293	1.4308700794	1.4314002179	1.4319303448	1.4324604602	1.4329905639	1.4335206558	1.4340507360	1.4345808043	1.4351108607	1.4356409051	1.4361709375	1.4367009577	1.4372309658	1.4377609617	1.4382909453	1.4388209166	1.4393508755	1.4398808219	1.4404107557	1.4409406770	1.4414705857	1.4420004816	1.4425303647	1.4430602351	1.4435900925	1.4441199370	1.4446497685	1.4451795869	1.4457093921	1.4462391842	1.4467689630	1.4472987285	1.4478284806	1.4483582193	1.4488879444	1.4494176561	1.4499473540	1.4504770384	1.4510067089	1.4515363657	1.4520660086	1.4525956375	1.4531252525	1.4536548534	1.4541844403	1.4547140129	1.4552435713	1.4557731155	1.4563026452	1.4568321606	1.4573616615	1.4578911478	1.4584206196	1.4589500767	1.4594795190	1.4600089466	1.4605383594	1.4610677572	1.4615971401	1.4621265080	1.4626558608	1.4631851984	1.4637145208	1.4642438280	1.4647731198	1.4653023963	1.4658316573	1.4663609028	1.4668901327	1.4674193470	1.4679485455	1.4684777284	1.4690068954	1.4695360465	1.4700651817	1.4705943010	1.4711234041	1.4716524911	1.4721815620	1.4727106166	1.4732396549	1.4737686768	1.4742976823	1.4748266714	1.4753556439	1.4758845997	1.4764135389	1.4769424614	1.4774713671	1.4780002560	1.4785291279	1.4790579828	1.4795868208	1.4801156416	1.4806444453	1.4811732317	1.4817020009	1.4822307527	1.4827594872	1.4832882041	1.4838169036	1.4843455855	1.4848742497	1.4854028962	1.4859315250	1.4864601359	1.4869887290	1.4875173041	1.4880458612	1.4885744002	1.4891029211	1.4896314238	1.4901599083	1.4906883744	1.4912168222	1.4917452515	1.4922736624	1.4928020547	1.4933304283	1.4938587833	1.4943871196	1.4949154370	1.4954437356	1.4959720152	1.4965002759	1.4970285176	1.4975567401	1.4980849435	1.4986131276	1.4991412925	1.4996694380	1.5001975640	1.5007256707	1.5012537578	1.5017818253	1.5023098731	1.5028379012	1.5033659096	1.5038938981	1.5044218667	1.5049498154	1.5054777441	1.5060056526	1.5065335411	1.5070614093	1.5075892572	1.5081170849	1.5086448921	1.5091726790	1.5097004453	1.5102281910	1.5107559161	1.5112836205	1.5118113042	1.5123389671	1.5128666091	1.5133942301	1.5139218302	1.5144494092	1.5149769671	1.5155045038	1.5160320193	1.5165595135	1.5170869863	1.5176144377	1.5181418676	1.5186692760	1.5191966628	1.5197240279	1.5202513713	1.5207786929	1.5213059927	1.5218332706	1.5223605264	1.5228877603	1.5234149721	1.5239421617	1.5244693291	1.5249964742	1.5255235970	1.5260506974	1.5265777754	1.5271048308	1.5276318637	1.5281588739	1.5286858614	1.5292128262	1.5297397681	1.5302666872	1.5307935833	1.5313204564	1.5318473065	1.5323741334	1.5329009371	1.5334277176	1.5339544748	1.5344812086	1.5350079190	1.5355346059	1.5360612692	1.5365879089	1.5371145250	1.5376411173	1.5381676858	1.5386942305	1.5392207512	1.5397472480	1.5402737207	1.5408001694	1.5413265938	1.5418529941	1.5423793700	1.5429057217	1.5434320489	1.5439583516	1.5444846299	1.5450108835	1.5455371125	1.5460633168	1.5465894963	1.5471156509	1.5476417807	1.5481678856	1.5486939654	1.5492200201	1.5497460497	1.5502720541	1.5507980333	1.5513239871	1.5518499156	1.5523758186	1.5529016961	1.5534275481	1.5539533744	1.5544791750	1.5550049499	1.5555306990	1.5560564223	1.5565821196	1.5571077909	1.5576334361	1.5581590553	1.5586846483	1.5592102150	1.5597357555	1.5602612696	1.5607867572	1.5613122185	1.5618376531	1.5623630612	1.5628884426	1.5634137973	1.5639391252	1.5644644263	1.5649897005	1.5655149477	1.5660401679	1.5665653610	1.5670905269	1.5676156657	1.5681407772	1.5686658613	1.5691909181	1.5697159474	1.5702409492	1.5707659234	1.5712908700	1.5718157889	1.5723406800	1.5728655434	1.5733903788	1.5739151863	1.5744399658	1.5749647173	1.5754894406	1.5760141358	1.5765388027	1.5770634413	1.5775880515	1.5781126333	1.5786371867	1.5791617115	1.5796862076	1.5802106751	1.5807351139	1.5812595239	1.5817839050	1.5823082572	1.5828325805	1.5833568747	1.5838811398	1.5844053758	1.5849295825	1.5854537600	1.5859779081	1.5865020268	1.5870261161	1.5875501758	1.5880742060	1.5885982065	1.5891221773	1.5896461184	1.5901700296	1.5906939109	1.5912177623	1.5917415837	1.5922653750	1.5927891362	1.5933128672	1.5938365679	1.5943602383	1.5948838783	1.5954074879	1.5959310671	1.5964546156	1.5969781335	1.5975016208	1.5980250773	1.5985485030	1.5990718979	1.5995952618	1.6001185947	1.6006418966	1.6011651674	1.6016884071	1.6022116155	1.6027347926	1.6032579383	1.6037810527	1.6043041356	1.6048271869	1.6053502067	1.6058731948	1.6063961512	1.6069190758	1.6074419685	1.6079648294	1.6084876583	1.6090104552	1.6095332201	1.6100559527	1.6105786532	1.6111013214	1.6116239573	1.6121465608	1.6126691319	1.6131916704	1.6137141764	1.6142366497	1.6147590904	1.6152814983	1.6158038734	1.6163262156	1.6168485249	1.6173708012	1.6178930445	1.6184152546	1.6189374316	1.6194595753	1.6199816857	1.6205037628	1.6210258064	1.6215478166	1.6220697932	1.6225917362	1.6231136455	1.6236355212	1.6241573630	1.6246791710	1.6252009451	1.6257226852	1.6262443912	1.6267660632	1.6272877011	1.6278093047	1.6283308741	1.6288524091	1.6293739097	1.6298953759	1.6304168075	1.6309382046	1.6314595670	1.6319808947	1.6325021877	1.6330234459	1.6335446691	1.6340658575	1.6345870108	1.6351081290	1.6356292122	1.6361502601	1.6366712728	1.6371922502	1.6377131922	1.6382340988	1.6387549699	1.6392758054	1.6397966053	1.6403173696	1.6408380981	1.6413587908	1.6418794477	1.6424000686	1.6429206536	1.6434412025	1.6439617153	1.6444821920	1.6450026324	1.6455230366	1.6460434044	1.6465637358	1.6470840307	1.6476042892	1.6481245110	1.6486446962	1.6491648446	1.6496849563	1.6502050312	1.6507250691	1.6512450701	1.6517650341	1.6522849611	1.6528048509	1.6533247034	1.6538445188	1.6543642968	1.6548840374	1.6554037406	1.6559234063	1.6564430344	1.6569626249	1.6574821777	1.6580016928	1.6585211701	1.6590406095	1.6595600109	1.6600793744	1.6605986998	1.6611179872	1.6616372363	1.6621564472	1.6626756198	1.6631947541	1.6637138499	1.6642329073	1.6647519261	1.6652709064	1.6657898479	1.6663087508	1.6668276149	1.6673464401	1.6678652264	1.6683839738	1.6689026821	1.6694213514	1.6699399815	1.6704585724	1.6709771240	1.6714956363	1.6720141092	1.6725325427	1.6730509366	1.6735692910	1.6740876057	1.6746058808	1.6751241160	1.6756423115	1.6761604671	1.6766785828	1.6771966584	1.6777146940	1.6782326895	1.6787506448	1.6792685598	1.6797864345	1.6803042689	1.6808220629	1.6813398163	1.6818575292	1.6823752015	1.6828928332	1.6834104241	1.6839279742	1.6844454834	1.6849629518	1.6854803792	1.6859977655	1.6865151107	1.6870324148	1.6875496777	1.6880668993	1.6885840795	1.6891012184	1.6896183158	1.6901353716	1.6906523859	1.6911693585	1.6916862895	1.6922031786	1.6927200259	1.6932368314	1.6937535949	1.6942703164	1.6947869958	1.6953036331	1.6958202282	1.6963367810	1.6968532915	1.6973697597	1.6978861854	1.6984025686	1.6989189092	1.6994352073	1.6999514626	1.7004676753	1.7009838451	1.7014999720	1.7020160560	1.7025320971	1.7030480951	1.7035640500	1.7040799617	1.7045958302	1.7051116554	1.7056274372	1.7061431757	1.7066588707	1.7071745221	1.7076901299	1.7082056941	1.7087212146	1.7092366913	1.7097521242	1.7102675131	1.7107828581	1.7112981591	1.7118134160	1.7123286288	1.7128437973	1.7133589216	1.7138740016	1.7143890371	1.7149040283	1.7154189749	1.7159338770	1.7164487344	1.7169635471	1.7174783151	1.7179930383	1.7185077166	1.7190223500	1.7195369383	1.7200514816	1.7205659798	1.7210804329	1.7215948406	1.7221092031	1.7226235202	1.7231377919	1.7236520182	1.7241661988	1.7246803339	1.7251944233	1.7257084670	1.7262224649	1.7267364169	1.7272503231	1.7277641832	1.7282779974	1.7287917654	1.7293054873	1.7298191630	1.7303327924	1.7308463755	1.7313599121	1.7318734024	1.7323868461	1.7329002432	1.7334135936	1.7339268974	1.7344401544	1.7349533646	1.7354665280	1.7359796443	1.7364927137	1.7370057360	1.7375187111	1.7380316391	1.7385445199	1.7390573533	1.7395701393	1.7400828779	1.7405955691	1.7411082126	1.7416208086	1.7421333569	1.7426458574	1.7431583102	1.7436707151	1.7441830720	1.7446953810	1.7452076420	1.7457198548	1.7462320195	1.7467441360	1.7472562042	1.7477682240	1.7482801954	1.7487921184	1.7493039928	1.7498158187	1.7503275959	1.7508393243	1.7513510040	1.7518626349	1.7523742169	1.7528857499	1.7533972339	1.7539086689	1.7544200547	1.7549313913	1.7554426786	1.7559539166	1.7564651053	1.7569762445	1.7574873342	1.7579983743	1.7585093648	1.7590203056	1.7595311967	1.7600420380	1.7605528294	1.7610635708	1.7615742623	1.7620849037	1.7625954950	1.7631060362	1.7636165271	1.7641269677	1.7646373580	1.7651476978	1.7656579872	1.7661682260	1.7666784142	1.7671885518	1.7676986386	1.7682086747	1.7687186599	1.7692285942	1.7697384776	1.7702483099	1.7707580911	1.7712678212	1.7717775001	1.7722871277	1.7727967040	1.7733062289	1.7738157023	1.7743251242	1.7748344946	1.7753438133	1.7758530803	1.7763622956	1.7768714590	1.7773805706	1.7778896302	1.7783986378	1.7789075934	1.7794164968	1.7799253481	1.7804341471	1.7809428938	1.7814515882	1.7819602301	1.7824688195	1.7829773564	1.7834858406	1.7839942722	1.7845026511	1.7850109772	1.7855192504	1.7860274707	1.7865356380	1.7870437523	1.7875518135	1.7880598216	1.7885677764	1.7890756779	1.7895835261	1.7900913209	1.7905990623	1.7911067501	1.7916143843	1.7921219649	1.7926294918	1.7931369649	1.7936443841	1.7941517495	1.7946590610	1.7951663184	1.7956735218	1.7961806710	1.7966877660	1.7971948068	1.7977017933	1.7982087254	1.7987156030	1.7992224262	1.7997291947	1.8002359087	1.8007425680	1.8012491726	1.8017557223	1.8022622172	1.8027686571	1.8032750421	1.8037813720	1.8042876469	1.8047938665	1.8053000309	1.8058061401	1.8063121938	1.8068181922	1.8073241351	1.8078300225	1.8083358542	1.8088416303	1.8093473507	1.8098530153	1.8103586241	1.8108641770	1.8113696739	1.8118751148	1.8123804996	1.8128858283	1.8133911008	1.8138963170	1.8144014769	1.8149065803	1.8154116274	1.8159166179	1.8164215519	1.8169264292	1.8174312499	1.8179360138	1.8184407208	1.8189453710	1.8194499643	1.8199545006	1.8204589798	1.8209634019	1.8214677668	1.8219720745	1.8224763249	1.8229805179	1.8234846535	1.8239887316	1.8244927522	1.8249967152	1.8255006205	1.8260044680	1.8265082578	1.8270119898	1.8275156638	1.8280192798	1.8285228379	1.8290263378	1.8295297796	1.8300331631	1.8305364884	1.8310397554	1.8315429639	1.8320461140	1.8325492056	1.8330522386	1.8335552130	1.8340581286	1.8345609855	1.8350637836	1.8355665228	1.8360692030	1.8365718243	1.8370743864	1.8375768895	1.8380793333	1.8385817179	1.8390840432	1.8395863091	1.8400885156	1.8405906626	1.8410927501	1.8415947779	1.8420967460	1.8425986545	1.8431005031	1.8436022918	1.8441040207	1.8446056895	1.8451072983	1.8456088470	1.8461103356	1.8466117639	1.8471131319	1.8476144396	1.8481156869	1.8486168737	1.8491180000
0.0019097241	0.0416260430	0.0894492547	0.1209950583	0.1391065825	0.1459937134	0.1462009835	0.1449046759	0.1432077457	0.1426888250	0.1415893494	0.1413612033	0.1404854004	0.1408835378	0.1406971439	0.1410356352	0.1404764535	0.1403452322	0.1397746183	0.1394932877	0.1388814186	0.1391821341	0.1393859248	0.1394480561	0.1395439868	0.1396374323	0.1391955545	0.1383122958	0.1376318338	0.1365631753	0.1361943639	0.1354607174	0.1354796053	0.1348369191	0.1352017541	0.1344243672	0.1347335326	0.1340530706	0.1341306104	0.1336087075	0.1340267269	0.1342295235	0.1347872141	0.1346654367	0.1343701888	0.1336350511	0.1328581613	0.1319207242	0.1310608269	0.1304787808	0.1300965490	0.1298077627	0.1289543271	0.1287202163	0.1282947411	0.1280233516	0.1270377006	0.1269338170	0.1262896396	0.1265833965	0.1256484446	0.1256598767	0.1252960358	0.1258447795	0.1253591612	0.1251648145	0.1248819928	0.1250385637	0.1248094234	0.1247353629	0.1243551193	0.1240419775	0.1235568563	0.1231532513	0.1236960304	0.1239902843	0.1241597785	0.1233555509	0.1236050702	0.1233729476	0.1240787593	0.1238898801	0.1246270059	0.1247348658	0.1252309222	0.1246975871	0.1252721774	0.1249635091	0.1254068781	0.1257230021	0.1262861603	0.1262081234	0.1262672724	0.1258601881	0.1253288411	0.1254913766	0.1250619250	0.1255202056	0.1258696320	0.1270352153	0.1272047095	0.1279999902	0.1276316758	0.1286884051	0.1287947739	0.1290840573	0.1287351278	0.1293012683	0.1290298788	0.1294483952	0.1295184793	0.1303714179	0.1307089152	0.1314539938	0.1318754926	0.1322870503	0.1326121213	0.1324764266	0.1329486245	0.1335048239	0.1341017815	0.1337349583	0.1339616133	0.1335132738	0.1338219421	0.1336246131	0.1345844175	0.1348046108	0.1348930858	0.1342513937	0.1339929275	0.1335778903	0.1335018416	0.1332438724	0.1334650599	0.1338139893	0.1338124982	0.1334521366	0.1327890713	0.1323278085	0.1318879188	0.1318456695	0.1313376840	0.1314162179	0.1309504817	0.1311537753	0.1303415949	0.1302809547	0.1293469969	0.1292416222	0.1285482369	0.1281331998	0.1271917862	0.1267300263	0.1256524210	0.1251687909	0.1245529454	0.1243367284	0.1240409834	0.1234360730	0.1228664532	0.1222217788	0.1214160600	0.1203677806	0.1201520607	0.1198314632	0.1196391047	0.1189243461	0.1187126026	0.1175176934	0.1170017550	0.1160981173	0.1159763399	0.1151875209	0.1150041093	0.1141864613	0.1136744993	0.1128722599	0.1125471889	0.1118945617	0.1114670983	0.1108825670	0.1102552893	0.1095743302	0.1087417707	0.1082720580	0.1076502479	0.1069737622	0.1059294593	0.1055686006	0.1046053169	0.1038935406	0.1029645533	0.1023864837	0.1017219272	0.1017537385	0.1011264608	0.1006269251	0.0999713156	0.0995622430	0.0986203324	0.0980884885	0.0974139910	0.0967757782	0.0961753413	0.0956106920	0.0950902802	0.0945489922	0.0943297930	0.0937865169	0.0933585564	0.0925945899	0.0923420883	0.0918042797	0.0916556616	0.0910537335	0.0908921921	0.0902604410	0.0902112330	0.0897176619	0.0894328520	0.0891251778	0.0890471408	0.0886892645	0.0884551538	0.0879402095	0.0878537227	0.0876469497	0.0873263522	0.0871588462	0.0866443990	0.0864758989	0.0858963381	0.0858779472	0.0855986049	0.0856766418	0.0851945028	0.0852775103	0.0848376206	0.0849439894	0.0844484301	0.0843574699	0.0839384564	0.0839662912	0.0836024503	0.0835428042	0.0833613808	0.0833852392	0.0830999323	0.0830661328	0.0830591741	0.0828230752	0.0827703878	0.0825228567	0.0823409362	0.0820486706	0.0821286957	0.0818190333	0.0817226055	0.0812896745	0.0814164224	0.0810744517	0.0810809133	0.0807205518	0.0809163896	0.0805614956	0.0804938968	0.0801653464	0.0801136532	0.0797910674	0.0797885822	0.0794724581	0.0793730480	0.0791493753	0.0790335626	0.0788476657	0.0787502438	0.0786826449	0.0786513308	0.0788123751	0.0785320387	0.0785076832	0.0778565471	0.0779584424	0.0773918049	0.0773455792	0.0769225893	0.0768639374	0.0764469120	0.0766611408	0.0765005935	0.0764051598	0.0761993809	0.0761685638	0.0760443012	0.0760119929	0.0759125828	0.0757147567	0.0756078909	0.0751312195	0.0749676899	0.0750114303	0.0752773523	0.0748787179	0.0748523742	0.0745949021	0.0748265276	0.0746639921	0.0749368728	0.0744761070	0.0743916084	0.0741326452	0.0741386098	0.0737484252	0.0736773469	0.0734218630	0.0733179795	0.0733781226	0.0734849884	0.0734144073	0.0732021667	0.0730257138	0.0728398169	0.0729432034	0.0726265823	0.0726315528	0.0724113595	0.0724794554	0.0723452518	0.0724879052	0.0721802310	0.0724173241	0.0721046793	0.0721861956	0.0718944270	0.0718168871	0.0714759105	0.0713178485	0.0712089944	0.0711861301	0.0711269811	0.0709823394	0.0709346226	0.0707855075	0.0709052966	0.0707730812	0.0708058865	0.0706726770	0.0706135280	0.0701955086	0.0704266370	0.0703133095	0.0704912536	0.0700975896	0.0702352726	0.0701895440	0.0704196783	0.0700965955	0.0700995778	0.0699708418	0.0701547504	0.0700180616	0.0701040513	0.0702685750	0.0702750366	0.0699718359	0.0699161662	0.0699425099	0.0700667725	0.0700255173	0.0697083991	0.0697705304	0.0696646587	0.0697188372	0.0695011291	0.0697869331	0.0696631675	0.0698788874	0.0696910024	0.0698982724	0.0697471691	0.0697004463	0.0693823340	0.0694971527	0.0695314492	0.0696562088	0.0694469506	0.0693689137	0.0693361083	0.0693897898	0.0694201099	0.0693132440	0.0695195200	0.0695249875	0.0696621734	0.0692953502	0.0693992338	0.0691775493	0.0694121571	0.0692506157	0.0694310450	0.0691526967	0.0695508341	0.0693723930	0.0693241791	0.0690990153	0.0695493430	0.0696726115	0.0696204212	0.0696979611	0.0698162591	0.0697436897	0.0696447767	0.0698102945	0.0698416087	0.0699897297	0.0699753152	0.0702755337	0.0701134952	0.0703774290	0.0700881457	0.0702924334	0.0702531664	0.0706110427	0.0705603436	0.0708670237	0.0707720871	0.0709187170	0.0708153305	0.0711796685	0.0714197438	0.0715668708	0.0716543516	0.0717835847	0.0717806024	0.0718944270	0.0722682089	0.0724093713	0.0726877195	0.0727185366	0.0730083170	0.0727642653	0.0729029424	0.0727458744	0.0731837759	0.0733090326	0.0737727806	0.0736877850	0.0740541112	0.0740188206	0.0744000583	0.0746018608	0.0751073611	0.0752833169	0.0755676298	0.0756958688	0.0759096005	0.0762982940	0.0765065581	0.0766367853	0.0766551762	0.0771477532	0.0773510468	0.0779857802	0.0780518879	0.0784102613	0.0782482229	0.0787914990	0.0787770845	0.0792805966	0.0792746320	0.0798457430	0.0797617415	0.0801867196	0.0803959778	0.0808582347	0.0811604414	0.0816187219	0.0820059242	0.0826073553	0.0828712891	0.0830880030	0.0834498558	0.0836740255	0.0842675038	0.0846204096	0.0852218406	0.0854609219	0.0862179297	0.0863352336	0.0870480040	0.0873929570	0.0881280946	0.0883010681	0.0891003252	0.0893732059	0.0901396577	0.0904259588	0.0909801700	0.0913807927	0.0919991235	0.0924052137	0.0928565355	0.0933272422	0.0937353207	0.0943243254	0.0947875765	0.0958905314	0.0966261661	0.0977032744	0.0980740740	0.0991501882	0.0996387888	0.1009609430	0.1013128547	0.1021886576	0.1025341077	0.1037324963	0.1042598668	0.1050800000	0.1055671095	0.1066307974	0.1073594734	0.1084977189	0.1093526457	0.1102985327	0.1110495759	0.1116937533	0.1127435238	0.1134453591	0.1144280278	0.1149201077	0.1160981173	0.1164858166	0.1177498159	0.1185798902	0.1203513780	0.1209060863	0.1222466313	0.1227223086	0.1240027105	0.1246135855	0.1263110128	0.1275143719	0.1294707625	0.1308734389	0.1325748425	0.1337399288	0.1347887052	0.1355238428	0.1358832103	0.1366720294	0.1373405622	0.1386159937	0.1392805501	0.1405609521	0.1413189540	0.1434567680	0.1444906329	0.1463635190	0.1470062052	0.1482761691	0.1479580568	0.1483517208	0.1482880983	0.1489581223	0.1487274909	0.1491534631	0.1492439263	0.1497399827	0.1501281791	0.1506058445	0.1515035176	0.1523122187	0.1533187459	0.1534822755	0.1541175059	0.1542039927	0.1549371421	0.1549634858	0.1559237873	0.1559600719	0.1566425222	0.1562771901	0.1563567182	0.1555743608	0.1557443520	0.1550335699	0.1549535448	0.1542184072	0.1542387862	0.1537849792	0.1535956030	0.1534539436	0.1531020319	0.1525826142	0.1515914956	0.1506903431	0.1496624428	0.1489238258	0.1474162718	0.1464589527	0.1450806318	0.1443718378	0.1429577293	0.1424651523	0.1413353567	0.1410082975	0.1401150978	0.1399555446	0.1399406331	0.1405858046	0.1410525350	0.1419651196	0.1428096083	0.1439702211	0.1449956361	0.1459459966	0.1470116728	0.1476071392	0.1484640542	0.1487771959	0.1495252569	0.1494536816	0.1500287690	0.1499432763	0.1505561395	0.1502608915	0.1507514803	0.1505059374	0.1508339907	0.1504318769	0.1505397368	0.1498339252	0.1496480283	0.1489228317	0.1487190410	0.1476379563	0.1470897097	0.1461085321	0.1453420803	0.1448435387	0.1443280974	0.1443683585	0.1441968761	0.1443683585	0.1439980559	0.1439339364	0.1432957236	0.1434368859	0.1430183695	0.1434179980	0.1430541571	0.1434254538	0.1430412338	0.1435636338	0.1432882679	0.1436083683	0.1433126233	0.1431739463	0.1427857499	0.1425476627	0.1426599961	0.1427976791	0.1428990774	0.1427191451	0.1428458930	0.1425973677	0.1425993559	0.1418423481	0.1420088600	0.1419069647	0.1427256068	0.1428429107	0.1436456471	0.1440273819	0.1449717777	0.1452536053	0.1461209584	0.1463053641	0.1472094988	0.1476101215	0.1484039111	0.1489531518	0.1495744649	0.1501222144	0.1503483724	0.1506873608	0.1508548668	0.1514041075	0.1516735089	0.1523316037	0.1524240551	0.1530617708	0.1529250819	0.1535593183	0.1536274142	0.1545434782	0.1546722142	0.1556891794	0.1560843346	0.1572673146	0.1578269934	0.1590636549	0.1600552706	0.1611880485	0.1617656212	0.1620777688	0.1621876170	0.1627085259	0.1633015070	0.1637110766	0.1646122291	0.1650426747	0.1659970116	0.1662569690	0.1670095034	0.1670636819	0.1680607651	0.1684613877	0.1695379990	0.1697860272	0.1705813079	0.1709153258	0.1718696626	0.1724487264	0.1733285057	0.1734781179	0.1742634576	0.1749001792	0.1753167075	0.1757565971	0.1762924175	0.1770524076	0.1776041336	0.1784913687	0.1788721093	0.1798473223	0.1798796306	0.1807315750	0.1812400576	0.1823559359	0.1822853547	0.1831646370	0.1834409970	0.1845151230	0.1847919801	0.1856648007	0.1857900574	0.1865614797	0.1868785979	0.1874174006	0.1881987639	0.1892296465	0.1899965954	0.1903171929	0.1910334426	0.1916637026	0.1927726221	0.1930708524	0.1939496376	0.1942747085	0.1954507299	0.1954929792	0.1966645271	0.1972018386	0.1984280621	0.1985334368	0.1995414551	0.1998446558	0.2009819073	0.2013939621	0.2024313064	0.2031326446	0.2040268383	0.2046923889	0.2053236429	0.2061333381	0.2069708681	0.2081657774	0.2088790448	0.2099770292	0.2105208024	0.2117723754	0.2120437650	0.2131154057	0.2134777555	0.2145464140	0.2148004067	0.2163884829	0.2170510512	0.2184596921	0.2188384446	0.2200368332	0.2206934368	0.2215384226	0.2219862650	0.2229167435	0.2238815184	0.2248771104	0.2257394930	0.2265288091	0.2278340635	0.2288212057	0.2300399734	0.2307025417	0.2319938787	0.2322891267	0.2335730080	0.2340034537	0.2356914370	0.2365220083	0.2382820639	0.2388894596	0.2403413439	0.2408383944	0.2418190749	0.2424393939	0.2437118430	0.2447765250	0.2461384433	0.2473134705	0.2485088769	0.2494413435	0.2500969530	0.2512038844	0.2520866460	0.2536031469	0.2543303317	0.2558518031	0.2564681456	0.2578628692	0.2578862306	0.2589817298	0.2592849305	0.2608590893	0.2611324670	0.2620266608	0.2621479411	0.2629581333	0.2630321938	0.2638244923	0.2644994868	0.2653857277	0.2655865361	0.2659762236	0.2662322046	0.2665612520	0.2670607877	0.2669320516	0.2677412498	0.2678829092	0.2684420909	0.2677611318	0.2680881910	0.2676592364	0.2683506336	0.2677337940	0.2687015512	0.2686180468	0.2692696799	0.2683247870	0.2680439535	0.2674812924	0.2676885624	0.2674981921	0.2676875683	0.2678804239	0.2680076688	0.2675429266	0.2669116726	0.2666522122	0.2660820954	0.2658057353	0.2649344059	0.2647887701	0.2642002624	0.2641232196	0.2632195819	0.2634397752	0.2628900374	0.2623850342	0.2610529390	0.2609247000	0.2603893766	0.2604042881	0.2596930089	0.2597695547	0.2593729085	0.2588728757	0.2576317407	0.2567579261	0.2564129730	0.2561386012	0.2555103294	0.2545147374	0.2539485969	0.2532084888	0.2528361980	0.2518977668	0.2515483403	0.2504747114	0.2498951505	0.2489885305	0.2485426763	0.2475331668	0.2473333525	0.2467453419	0.2467413655	0.2460350568	0.2457035241	0.2453143336	0.2451339043	0.2447198613	0.2442769894	0.2441462651	0.2440294582	0.2437530982	0.2429404207	0.2426943807	0.2421555780	0.2420820146	0.2416321839	0.2417932283	0.2416301957	0.2418921413	0.2413095982	0.2413856469	0.2410570966	0.2412887221	0.2408418737	0.2409855213	0.2411570037	0.2412191350	0.2408016126	0.2404487068	0.2404014870	0.2404904591	0.2405118322	0.2402608217	0.2404268366	0.2403478056	0.2408115536	0.2407936598	0.2411311571	0.2411435833	0.2413493622	0.2411609801	0.2421327137	0.2424766726	0.2431486848	0.2431591229	0.2437232752	0.2441159450	0.2443942933	0.2441666442	0.2446547477	0.2453207953	0.2458685449	0.2461528577	0.2462269183	0.2468353080	0.2471678347	0.2475286934	0.2475818778	0.2483274534	0.2487265849	0.2493916384	0.2495387654	0.2505646775	0.2509777264	0.2516437740	0.2516775734	0.2524564515	0.2529460462	0.2534530376	0.2536568283	0.2542836089	0.2548050149	0.2553308942	0.2559874979	0.2568290043	0.2576983455	0.2579240064	0.2583817899	0.2588276441	0.2597447022	0.2599584339	0.2604977336	0.2607094771	0.2616548671	0.2619829204	0.2625376286	0.2627752188	0.2637350232	0.2640720234	0.2645457125	0.2648812215	0.2655905125	0.2659787089	0.2664618419	0.2669086903	0.2673207451	0.2677323029	0.2676776273	0.2681369019	0.2683282664	0.2688720395	0.2686985689	0.2691871695	0.2694158127	0.2698571935	0.2695947509	0.2703214386	0.2705227441	0.2708826086	0.2702806805	0.2706967117	0.2709949420	0.2715282771	0.2713041074	0.2715978642	0.2719090178	0.2721406433	0.2719482848	0.2717101976	0.2718409219	0.2715968701	0.2712817401	0.2711286486	0.2715576031	0.2713284628	0.2711047901	0.2703905287	0.2707469138	0.2704312868	0.2703239239	0.2694963349	0.2697518188	0.2692368746	0.2687413153	0.2678396658	0.2681418724	0.2681095642	0.2682472471	0.2679733723	0.2681195052	0.2682641468	0.2678968266	0.2676274252	0.2676438279	0.2680230774	0.2679887809	0.2681185111	0.2682407855	0.2688402283	0.2691136061	0.2699496449	0.2704347661	0.2714030204	0.2712017150	0.2713140484	0.2714025234	0.2721853778	0.2724741641	0.2728225965	0.2730805657	0.2735935217	0.2735502783	0.2731506498	0.2733315761	0.2736168831	0.2736979023	0.2731561173	0.2733554346	0.2732257044	0.2732301779	0.2726595639	0.2728325375	0.2723792275	0.2725000107	0.2716197344	0.2713006280	0.2705779167	0.2697756772	0.2685380216	0.2677467173	0.2666248745	0.2654732086	0.2635267590	0.2620276549	0.2606647426	0.2593401031	0.2575870062	0.2558562765	0.2545211991	0.2530230890	0.2515006235	0.2497783437	0.2487698283	0.2471718112	0.2453531036	0.2430457954	0.2413125805	0.2390137222	0.2374226637	0.2352142686	0.2338702442	0.2321454791	0.2303869146	0.2280641979	0.2259701244	0.2234833810	0.2209638323	0.2183906021	0.2162130241	0.2139603915	0.2115815080	0.2091345287	0.2064564209	0.2041615390	0.2013502217	0.1984727966	0.1954089777	0.1927353433	0.1895850376	0.1868532483	0.1835225133	0.1806008508	0.1770459460	0.1733951104	0.1692541832	0.1657494805	0.1624013487	0.1592455754	0.1558527090	0.1528863120	0.1498587777	0.1464077565	0.1423955653	0.1379126673	0.1333750938	0.1283116409	0.1226149457	0.1169923110	0.1118294481	0.1064911263	0.1007825019	0.0946493964	0.0891883032	0.0834592997	0.0772749981	0.0710723056	0.0663672260	0.0637224206	0.0621964757	0.0622869389	0.0627954215	0.0623570230	0.0603305484	0.0581947226	0.0571464432	0.0574392059	0.0576096942	0.0570977323	0.0574456676	0.0597241468	0.0640996819	0.0694772707	0.0728691429	0.0727528331	0.0700076235	0.0671694655	0.0651936899	0.0648601691	0.0653477756	0.0671456070	0.0696253917	0.0716990862	0.0726007357	0.0733950223	0.0746371514	0.0772103815	0.0803785811	0.0844280511	0.0886241509	0.0931781271	0.0977326003	0.1017805792	0.1061571084	0.1102229810	0.1140781043	0.1175972214	0.1214781913	0.1244594999	0.1263810969	0.1262762193	0.1257692278	0.1245216312	0.1240663330	0.1241831399	0.1271286608	0.1314505144	0.1368683643	0.1418314130	0.1472810741	0.1520895401	0.1566852685	0.1605334331	0.1644561552	0.1679936632	0.1705485025	0.1726435702	0.1745030359	0.1764196624	0.1777810836	0.1792752172	0.1804562091	0.1813499058	0.1795525714	0.1740039972	0.1646196848	0.1596954060	0.1610777033	0.1664612567	0.1708954438	0.1718388455	0.1684375293	0.1639924072	0.1619376006	0.1614276268	0.1600900641	0.1582002783	0.1566544514	0.1576376172	0.1613843835	0.1653945865	0.1692074604	0.1713606830	0.1722782381	0.1716410194	0.1722558708	0.1745800787	0.1786151342	0.1805223168	0.1806749113	0.1798657132	0.1806331590	0.1817927777	0.1835284779	0.1849202191	0.1867448913	0.1882365397	0.1896869329	0.1916070388	0.1938189133	0.1958404175	0.1973226219	0.1984991403	0.1990463928	0.1998799464	0.2006041489	0.2024705734	0.2040308147	0.2069087368	0.2097304922	0.2137004341	0.2170595010	0.2206099323	0.2224634335	0.2244953757	0.2254039839	0.2261515478	0.2255665194	0.2246057209	0.2226567861	0.2210090639	0.2197793611	0.2194856042	0.2193081572	0.2189895479	0.2184234074	0.2172687592	0.2163859977	0.2155241122	0.2156284928	0.2159804045	0.2172478831	0.2180700046	0.2187395315	0.2186411155	0.2185352438	0.2174452122	0.2168855334	0.2167130568	0.2168442782	0.2163099489	0.2158039516	0.2152502374	0.2147715778	0.2138863310	0.2117092500	0.2088596598	0.2056621343	0.2028975397	0.2003377299	0.1987794767	0.1974314759	0.1964940388	0.1955377137	0.1953244791	0.1951515055	0.1952479333	0.1946514728	0.1941509430	0.1934933452	0.1926573064	0.1911681433	0.1899230319	0.1890904724	0.1883712404	0.1872379654	0.1856488951	0.1844037837	0.1828012931	0.1814965357	0.1804914997	0.1804905056	0.1802419803	0.1799964374	0.1789909044	0.1783407624	0.1768197880	0.1755130424	0.1736819086	0.1728299641	0.1716947009	0.1708024953	0.1695847217	0.1690324987	0.1682183300	0.1671193515	0.1661878790	0.1657325808	0.1652708209	0.1639332581	0.1621821494	0.1603773593	0.1593151625	0.1582981972	0.1578960834	0.1578289816	0.1581803963	0.1581272119	0.1582156869	0.1585790307	0.1596278072	0.1602118415	0.1608609893	0.1612173745	0.1622731097	0.1626304889	0.1627149875	0.1628148946	0.1633427622	0.1639233171	0.1643448159	0.1649054888	0.1657077282	0.1665283585	0.1664667243	0.1660551665	0.1652295657	0.1644685815	0.1631782385	0.1622239017	0.1614037684	0.1613023701	0.1611577285	0.1616259500	0.1620474488	0.1624406157	0.1621647527	0.1617223778	0.1607745026	0.1596352629	0.1580904302	0.1570033808	0.1565788997	0.1565431121	0.1565326741	0.1564203407	0.1571982246	0.1578026379	0.1583006825	0.1584686855	0.1593703351	0.1595666700	0.1596665771	0.1591645562	0.1594642776	0.1592818601	0.1594245136	0.1592376226	0.1600920523	0.1608361368	0.1616701875	0.1620792600	0.1629078431	0.1637225088	0.1646669046	0.1652146542	0.1659612240	0.1669662600	0.1673584328	0.1676745569	0.1678182044	0.1684091974	0.1685369394	0.1688615133	0.1692830121	0.1707478198	0.1714665547	0.1724611527	0.1733851694	0.1753306249	0.1763798984	0.1776374360	0.1783840058	0.1797429417	0.1803965630	0.1810636047	0.1809030574	0.1801947606	0.1778471913	0.1747103059	0.1718696626	0.1696841318	0.1682580941	0.1668623764	0.1663335148	0.1664408777	0.1674150965	0.1681328374	0.1692869885	0.1704217547	0.1719039591	0.1725650362	0.1735626164	0.1743101803	0.1751288224	0.1746874416	0.1737823127	0.1719561494	0.1700464816	0.1675209683	0.1656779052	0.1639665605	0.1627353666	0.1614723614	0.1604360112	0.1597356671	0.1593007480	0.1589657360	0.1587808332	0.1589667301	0.1592669486	0.1599513870	0.1606194228	0.1616940459	0.1622378191	0.1626409270	0.1623909106	0.1622979622	0.1620504311	0.1624242130	0.1623466731	0.1626518621	0.1629659980	0.1634307401	0.1640088098	0.1646713781	0.1654010481	0.1659756384	0.1661003981	0.1661366828	0.1663628407	0.1663136327	0.1659830942	0.1651072913	0.1647578648	0.1641544456	0.1634888951	0.1624550301	0.1618943572	0.1607372238	0.1597883545	0.1585442372	0.1576038178	0.1560440735	0.1544052981	0.1523783264	0.1506729463	0.1487468759	0.1469525238	0.1449414576	0.1429090184	0.1408059979	0.1383649832	0.1361431677	0.1341614276	0.1326921464	0.1307601114	0.1291566266	0.1273756949	0.1261569272	0.1245663657	0.1233008753	0.1219876680	0.1211600790	0.1198478659	0.1186837737	0.1173556549	0.1168183434	0.1161870893	0.1158684800	0.1152809664	0.1148803437	0.1143738493	0.1138375319	0.1134607676	0.1128657982	0.1126928247	0.1123095988	0.1120471562	0.1117121442	0.1114849921	0.1110928193	0.1111360627	0.1112707634	0.1114830039	0.1112369639	0.1110724402	0.1107553220	0.1106663500	0.1105445727	0.1104173277	0.1102607569	0.1099739587	0.1093710366	0.1091687370	0.1089893018	0.1089863195	0.1086150228	0.1082760344	0.1079584192	0.1076184367	0.1072183111	0.1068370734	0.1065100142	0.1062570155	0.1063022471	0.1057868058	0.1058295521	0.1056898809	0.1053185843	0.1044904982	0.1040113416	0.1036579387	0.1030942835	0.1028383025	0.1025977301	0.1019247238	0.1010966378	0.1004614073	0.0998455618	0.0994762533	0.0991188740	0.0986760021	0.0980845121	0.0976048584	0.0969427872	0.0965655259	0.0960376583	0.0956111890	0.0951499262	0.0948432461	0.0943153785	0.0939903075	0.0931229545	0.0924832506	0.0919573712	0.0915965126	0.0913579284	0.0911784932	0.0904622435	0.0898563390	0.0891286571	0.0885953220	0.0882722392	0.0879307655	0.0876767728	0.0871672961	0.0863779800	0.0857735666	0.0854166844	0.0850851517	0.0850364408	0.0846586825	0.0842282368	0.0833320548	0.0827624350	0.0823816944	0.0821371455	0.0819979714	0.0819770953	0.0815163295	0.0810824045	0.0805619927	0.0800500307	0.0797503093	0.0795410511	0.0795495009	0.0792731409	0.0787641612	0.0783531005	0.0779330929	0.0776497741	0.0776075248	0.0773833551	0.0772620748	0.0768669197	0.0763688751	0.0761809900	0.0760711419	0.0759911168	0.0759304766	0.0756436785	0.0755149424	0.0751530897	0.0748732503	0.0745039418	0.0742290729	0.0743051217	0.0742653576	0.0739969504	0.0735843985	0.0730436076	0.0725276693	0.0724009214	0.0723417724	0.0723870040	0.0722537945	0.0720445362	0.0716707543	0.0710509324	0.0707124410	0.0707308319	0.0704987093	0.0703520795	0.0701661826	0.0698669582	0.0697710275	0.0693853163	0.0691298324	0.0691815257	0.0688972128	0.0685457981	0.0682087979	0.0680298598	0.0679463553	0.0676366929	0.0676496162	0.0675402651	0.0672713608	0.0669671659	0.0667340493	0.0664000314	0.0664656420	0.0662409752	0.0661321212	0.0659805208	0.0659337980	0.0658473113	0.0656996873	0.0654586178	0.0654044393	0.0652135719	0.0650942798	0.0649695202	0.0649287620	0.0649973550	0.0650072960	0.0648949626	0.0648472458	0.0646563784	0.0645191925	0.0643710714	0.0642840876	0.0644182912	0.0643979122	0.0643154018	0.0642845847	0.0641473987	0.0639093116	0.0639470874	0.0637219236	0.0638934060	0.0639962954	0.0638909207	0.0638740210	0.0638034398	0.0638253100	0.0638993706	0.0638546360	0.0640688648	0.0640947114	0.0640549474	0.0641071377	0.0640723441	0.0640922261	0.0641916362	0.0643114254	0.0643407514	0.0644207765	0.0644182912	0.0645892766	0.0646623430	0.0648432694	0.0648134463	0.0647707000	0.0648765717	0.0649456618	0.0650212134	0.0650878182	0.0654606060	0.0656842787	0.0658045649	0.0658507906	0.0659208747	0.0659497037	0.0662096610	0.0663314384	0.0665784725	0.0665938810	0.0667270906	0.0668220272	0.0668548325	0.0668771998	0.0670347648	0.0671282103	0.0674836013	0.0676212843	0.0676178050	0.0675904672	0.0675402651	0.0677902815	0.0680139542	0.0680432801	0.0680919911	0.0680760855	0.0678703066	0.0679438700	0.0679279644	0.0679006267	0.0678727918	0.0677967431	0.0678066841	0.0677321266	0.0674980158	0.0673831971	0.0672256322	0.0672798107	0.0672822959	0.0672281174	0.0670695583	0.0669766099	0.0669100051	0.0667509490	0.0665064002	0.0663667290	0.0662310342	0.0660804279	0.0659069573	0.0658582464	0.0657310015	0.0655237314	0.0653646753	0.0651897135	0.0651583993	0.0649317443	0.0648845246	0.0646896808	0.0646036910	0.0645012987	0.0642935316	0.0641011730	0.0640216450	0.0638521508	0.0638461862	0.0638402216	0.0636215194	0.0634888069	0.0633854204	0.0632069793	0.0631190014	0.0628456236	0.0626915380	0.0626622120	0.0625031559	0.0624768122	0.0623540407	0.0623495673	0.0622561218	0.0622044285	0.0620548164	0.0619047071	0.0617759711	0.0617207985	0.0617471421	0.0615070668	0.0613922481	0.0614593499	0.0612784236	0.0611983984	0.0610984913	0.0610791063	0.0609518614	0.0608782980	0.0607550294	0.0605870264	0.0606367314	0.0606899158	0.0606233111	0.0605631680	0.0605487535	0.0603315425	0.0603549038	0.0603290572	0.0602500262	0.0600954435	0.0600924612	0.0601401780	0.0600348033	0.0600512060	0.0599334051	0.0598712737	0.0599090496	0.0598344920	0.0597763371	0.0597494964	0.0597972132	0.0597713666	0.0595919314	0.0595700612	0.0596948208	0.0596645008	0.0597147029	0.0597072471	0.0596277190	0.0595978960	0.0596068429	0.0596103223	0.0595785110	0.0595561438	0.0595725464	0.0597698755	0.0597191763	0.0595104151	0.0594363546	0.0595969019	0.0595213502	0.0595322853	0.0595680730	0.0595685700	0.0595119063	0.0596083341	0.0595114092	0.0594040463	0.0595293030	0.0595879550	0.0595690671	0.0595795051	0.0596451158	0.0594572307	0.0595437175	0.0594602130	0.0594800950	0.0595342735	0.0595387470	0.0594741304	0.0595466998	0.0595770199	0.0595089240	0.0594482838	0.0593603059	0.0593826732	0.0594696570	0.0595099181	0.0594487809	0.0594050404	0.0593826732	0.0594418222	0.0594915272	0.0595109122	0.0593230271	0.0592449902	0.0592678545	0.0593389327	0.0593791938	0.0592434990	0.0592335580	0.0591808707	0.0591480653	0.0592295816	0.0591535329	0.0591306686	0.0590546199	0.0590730107	0.0589676360	0.0589701213	0.0588915873	0.0589527245	0.0589457658	0.0588215032	0.0587404840	0.0588165327	0.0587931713	0.0587414781	0.0586226830	0.0584566682	0.0585685045	0.0586042922	0.0585501137	0.0584646210	0.0584745620	0.0584457331	0.0583622286	0.0582827005	0.0582851858	0.0580610160	0.0579993818	0.0579770145	0.0580113110	0.0579566354	0.0580331812	0.0580505780	0.0579819850	0.0579640912	0.0578636870	0.0577309745	0.0575619774	0.0576156588	0.0576683462	0.0577369391	0.0576524406	0.0575301661	0.0576047237	0.0574829464	0.0574730053	0.0575068048	0.0575535275	0.0575689361	0.0574282708	0.0573964596	0.0574088858	0.0573840333	0.0571673193	0.0572627530	0.0573870156	0.0574436794	0.0573850274	0.0574198209	0.0574357266	0.0572582796	0.0572090716	0.0571260641	0.0572866114	0.0572940672	0.0572955583	0.0572418769	0.0571603606	0.0570848089	0.0570753650	0.0570679092	0.0572279595	0.0571926689	0.0570877912	0.0571429638	0.0570803355	0.0569744637	0.0569948428	0.0571176143	0.0571081703	0.0570584653	0.0569257528	0.0568218693	0.0567811111	0.0569565699	0.0569451378
