1.6101895089049636, 0.6480505384660379
1.612900899630469, 0.6480505384660379
1.6156122903559744, 0.6480505384660379
1.6156122903559744, 0.6465842990192574
1.6183236810814796, 0.6451180595724768
1.6183236810814796, 0.6436518201256962
1.6183236810814796, 0.6421855806789156
1.621035071806985, 0.640719341232135
1.621035071806985, 0.6392531017853544
1.6237464625324904, 0.6421855806789156
1.6237464625324904, 0.640719341232135
1.6237464625324904, 0.6392531017853544
1.6264578532579956, 0.640719341232135
1.6264578532579956, 0.6392531017853544
1.6264578532579956, 0.6377868623385738
1.629169243983501, 0.6421855806789156
1.629169243983501, 0.640719341232135
1.6318806347090065, 0.6436518201256962
1.6318806347090065, 0.6421855806789156
1.6345920254345117, 0.640719341232135
1.6345920254345117, 0.6392531017853544
1.637303416160017, 0.6392531017853544
1.637303416160017, 0.6377868623385738
1.6400148068855225, 0.6377868623385738
1.6400148068855225, 0.6363206228917933
1.6427261976110277, 0.6363206228917933
1.6427261976110277, 0.6348543834450127
1.645437588336533, 0.6348543834450127
1.6481489790620385, 0.6348543834450127
1.6508603697875437, 0.6348543834450127
1.6508603697875437, 0.6333881439982322
1.6508603697875437, 0.6319219045514516
1.653571760513049, 0.6333881439982322
1.653571760513049, 0.6319219045514516
1.6562831512385545, 0.6333881439982322
1.6562831512385545, 0.6319219045514516
1.6589945419640597, 0.630455665104671
1.6617059326895651, 0.6319219045514516
1.6617059326895651, 0.630455665104671
1.6617059326895651, 0.6289894256578904
1.6617059326895651, 0.6275231862111098
1.6644173234150705, 0.6275231862111098
1.6644173234150705, 0.6260569467643293
1.667128714140576, 0.6275231862111098
1.667128714140576, 0.6260569467643293
1.6698401048660811, 0.6245907073175487
1.6698401048660811, 0.6231244678707681
1.6725514955915866, 0.6260569467643293
1.6725514955915866, 0.6245907073175487
1.6725514955915866, 0.6231244678707681
1.6752628863170917, 0.6245907073175487
1.6752628863170917, 0.6231244678707681
1.6779742770425972, 0.6245907073175487
1.6779742770425972, 0.6231244678707681
1.6806856677681026, 0.6260569467643293
1.6806856677681026, 0.6245907073175487
1.6806856677681026, 0.6231244678707681
1.683397058493608, 0.6245907073175487
1.683397058493608, 0.6231244678707681
1.683397058493608, 0.6216582284239875
1.6861084492191132, 0.6245907073175487
1.6861084492191132, 0.6231244678707681
1.6888198399446186, 0.6245907073175487
1.6888198399446186, 0.6231244678707681
1.6915312306701238, 0.6245907073175487
1.6915312306701238, 0.6231244678707681
1.6915312306701238, 0.6216582284239875
1.6942426213956292, 0.6216582284239875
1.6942426213956292, 0.620191988977207
1.6969540121211346, 0.6216582284239875
1.6969540121211346, 0.620191988977207
1.6969540121211346, 0.6187257495304264
1.69966540284664, 0.620191988977207
1.69966540284664, 0.6187257495304264
1.7023767935721452, 0.6187257495304264
1.7023767935721452, 0.6172595100836458
1.7050881842976506, 0.6172595100836458
1.7050881842976506, 0.6157932706368652
1.7077995750231558, 0.6187257495304264
1.7077995750231558, 0.6172595100836458
1.7077995750231558, 0.6157932706368652
1.7105109657486612, 0.6172595100836458
1.7105109657486612, 0.6157932706368652
1.7105109657486612, 0.6143270311900846
1.7132223564741667, 0.6157932706368652
1.7132223564741667, 0.6143270311900846
1.7132223564741667, 0.6128607917433041
1.715933747199672, 0.6157932706368652
1.715933747199672, 0.6143270311900846
1.715933747199672, 0.6128607917433041
1.7186451379251773, 0.6113945522965235
1.7213565286506827, 0.6113945522965235
1.7240679193761879, 0.6099283128497429
1.7240679193761879, 0.6084620734029623
1.7267793101016933, 0.6084620734029623
1.7267793101016933, 0.6069958339561817
1.7294907008271987, 0.6055295945094011
1.7294907008271987, 0.6040633550626207
1.732202091552704, 0.6040633550626207
1.732202091552704, 0.6025971156158401
1.7349134822782093, 0.6025971156158401
1.7376248730037147, 0.6011308761690595
1.7376248730037147, 0.5996646367222789
1.74033626372922, 0.5981983972754983
1.7430476544547253, 0.5981983972754983
1.7430476544547253, 0.5967321578287177
1.7457590451802307, 0.5952659183819371
1.7484704359057361, 0.5952659183819371
1.7511818266312413, 0.5937996789351565
1.7511818266312413, 0.5923334394883759
1.7511818266312413, 0.5908672000415954
1.7538932173567467, 0.5908672000415954
1.7538932173567467, 0.5894009605948148
1.756604608082252, 0.5908672000415954
1.7593159988077574, 0.5908672000415954
1.7620273895332628, 0.5923334394883759
1.7620273895332628, 0.5908672000415954
1.7647387802587682, 0.5923334394883759
1.7674501709842734, 0.5923334394883759
1.7701615617097788, 0.5937996789351565
1.7701615617097788, 0.5923334394883759
1.7728729524352842, 0.5937996789351565
1.7755843431607894, 0.5937996789351565
1.7782957338862948, 0.5937996789351565
1.7810071246118002, 0.5937996789351565
1.7837185153373054, 0.5937996789351565
1.7864299060628108, 0.5952659183819371
1.7891412967883162, 0.5967321578287177
1.7918526875138214, 0.5967321578287177
1.7945640782393268, 0.5981983972754983
1.7945640782393268, 0.5967321578287177
1.7972754689648323, 0.5981983972754983
1.7999868596903377, 0.5996646367222789
1.8026982504158429, 0.6011308761690595
1.8054096411413483, 0.6011308761690595
1.8054096411413483, 0.5996646367222789
1.8081210318668535, 0.6011308761690595
1.8081210318668535, 0.5996646367222789
1.8108324225923589, 0.5996646367222789
1.8135438133178643, 0.5996646367222789
1.8162552040433697, 0.6011308761690595
1.818966594768875, 0.6025971156158401
1.818966594768875, 0.6011308761690595
1.8216779854943803, 0.6025971156158401
1.8216779854943803, 0.6011308761690595
1.8243893762198855, 0.6025971156158401
1.8243893762198855, 0.6011308761690595
1.827100766945391, 0.6040633550626207
1.827100766945391, 0.6025971156158401
1.8298121576708963, 0.6040633550626207
1.8298121576708963, 0.6025971156158401
1.8325235483964017, 0.6040633550626207
1.8325235483964017, 0.6025971156158401
1.835234939121907, 0.6040633550626207
1.835234939121907, 0.6025971156158401
1.835234939121907, 0.6011308761690595
1.8379463298474124, 0.6025971156158401
1.8379463298474124, 0.6011308761690595
1.8406577205729175, 0.6025971156158401
1.843369111298423, 0.6011308761690595
1.8460805020239284, 0.6011308761690595
1.8487918927494338, 0.6011308761690595
1.851503283474939, 0.6011308761690595
1.851503283474939, 0.5996646367222789
1.8542146742004444, 0.6011308761690595
1.8569260649259496, 0.6011308761690595
1.8569260649259496, 0.5996646367222789
1.859637455651455, 0.5996646367222789
1.8623488463769604, 0.5996646367222789
1.8623488463769604, 0.5981983972754983
1.8650602371024658, 0.5967321578287177
1.867771627827971, 0.5952659183819371
1.8704830185534764, 0.5937996789351565
1.8704830185534764, 0.5923334394883759
1.8731944092789816, 0.5908672000415954
1.8731944092789816, 0.5894009605948148
1.8731944092789816, 0.5879347211480342
1.875905800004487, 0.5879347211480342
1.8786171907299924, 0.5879347211480342
1.8786171907299924, 0.5864684817012537
1.8813285814554979, 0.5850022422544731
1.8813285814554979, 0.5835360028076926
1.884039972181003, 0.582069763360912
1.884039972181003, 0.5806035239141314
1.884039972181003, 0.5791372844673508
1.884039972181003, 0.5776710450205702
1.884039972181003, 0.5762048055737896
1.8867513629065085, 0.574738566127009
1.8867513629065085, 0.5732723266802284
1.8867513629065085, 0.5718060872334478
1.8894627536320137, 0.5703398477866672
1.8894627536320137, 0.5688736083398866
1.892174144357519, 0.5674073688931062
1.892174144357519, 0.5659411294463256
1.892174144357519, 0.564474889999545
1.892174144357519, 0.5630086505527645
1.8948855350830245, 0.5615424111059839
1.8948855350830245, 0.5600761716592033
1.8948855350830245, 0.5586099322124227
1.8948855350830245, 0.5571436927656421
1.8948855350830245, 0.5556774533188615
1.8948855350830245, 0.5542112138720809
1.89759692580853, 0.5527449744253004
1.89759692580853, 0.5512787349785198
1.89759692580853, 0.5498124955317392
1.89759692580853, 0.5483462560849586
1.89759692580853, 0.5468800166381781
1.89759692580853, 0.5454137771913975
1.89759692580853, 0.5439475377446169
1.900308316534035, 0.5439475377446169
1.900308316534035, 0.5424812982978363
1.900308316534035, 0.5410150588510558
1.900308316534035, 0.5395488194042752
1.9030197072595405, 0.5380825799574946
1.9030197072595405, 0.536616340510714
1.9030197072595405, 0.5351501010639335
1.9030197072595405, 0.5336838616171529
1.9030197072595405, 0.5322176221703723
1.9057310979850457, 0.5307513827235917
1.9057310979850457, 0.5292851432768111
1.9057310979850457, 0.5278189038300305
1.9057310979850457, 0.5263526643832499
1.9057310979850457, 0.5248864249364694
1.9057310979850457, 0.5146227488090054
1.908442488710551, 0.5234201854896888
1.908442488710551, 0.5219539460429082
1.908442488710551, 0.5204877065961278
1.908442488710551, 0.5190214671493472
1.908442488710551, 0.5175552277025666
1.908442488710551, 0.516088988255786
1.9111538794360565, 0.5146227488090054
1.9111538794360565, 0.5131565093622248
1.9111538794360565, 0.5116902699154442
1.9111538794360565, 0.5102240304686636
1.9111538794360565, 0.5072915515751024
1.913865270161562, 0.508757791021883
1.913865270161562, 0.5072915515751024
1.913865270161562, 0.5058253121283218
1.913865270161562, 0.5043590726815413
1.913865270161562, 0.5028928332347607
1.913865270161562, 0.5014265937879802
1.913865270161562, 0.49996035434119956
1.9165766608870671, 0.508757791021883
1.9165766608870671, 0.5072915515751024
1.9165766608870671, 0.5058253121283218
1.9165766608870671, 0.5043590726815413
1.9165766608870671, 0.498494114894419
1.9165766608870671, 0.49702787544763843
1.9165766608870671, 0.49556163600085784
1.9165766608870671, 0.49409539655407725
1.9165766608870671, 0.4926291571072967
1.9165766608870671, 0.4911629176605161
1.9192880516125725, 0.4896966782137355
1.9192880516125725, 0.488230438766955
1.9192880516125725, 0.4867641993201744
1.9192880516125725, 0.4852979598733938
1.9192880516125725, 0.4838317204266132
1.9192880516125725, 0.4823654809798327
1.9192880516125725, 0.4808992415330521
1.9192880516125725, 0.4794330020862715
1.9219994423380777, 0.4794330020862715
1.9219994423380777, 0.4779667626394909
1.9219994423380777, 0.47650052319271036
1.9219994423380777, 0.47503428374592976
1.9247108330635831, 0.47503428374592976
1.9247108330635831, 0.47356804429914917
1.9247108330635831, 0.47210180485236863
1.9247108330635831, 0.47063556540558804
1.9247108330635831, 0.46916932595880745
1.9247108330635831, 0.46770308651202686
1.9247108330635831, 0.4662368470652463
1.9247108330635831, 0.4647706076184657
1.9247108330635831, 0.46330436817168513
1.9274222237890886, 0.46330436817168513
1.9274222237890886, 0.46183812872490454
1.9274222237890886, 0.460371889278124
1.9274222237890886, 0.4589056498313434
1.9274222237890886, 0.4574394103845628
1.9274222237890886, 0.4559731709377823
1.9274222237890886, 0.4545069314910017
1.9274222237890886, 0.4530406920442211
1.930133614514594, 0.4515744525974405
1.930133614514594, 0.45010821315065996
1.930133614514594, 0.44864197370387937
1.930133614514594, 0.4471757342570988
1.9328450052400994, 0.4457094948103182
1.9328450052400994, 0.44424325536353765
1.9328450052400994, 0.44277701591675706
1.9328450052400994, 0.44131077646997646
1.9328450052400994, 0.4398445370231959
1.9328450052400994, 0.43837829757641533
1.9328450052400994, 0.43691205812963474
1.9328450052400994, 0.43544581868285415
1.9355563959656046, 0.4339795792360736
1.9355563959656046, 0.432513339789293
1.9355563959656046, 0.4310471003425124
1.9355563959656046, 0.42958086089573183
1.9355563959656046, 0.4281146214489513
1.9355563959656046, 0.4266483820021707
1.9355563959656046, 0.4251821425553901
1.9355563959656046, 0.42371590310860957
1.9355563959656046, 0.422249663661829
1.9382677866911098, 0.4207834242150484
1.9382677866911098, 0.4193171847682678
1.9382677866911098, 0.41785094532148725
1.9382677866911098, 0.41638470587470666
1.9409791774166152, 0.41491846642792607
1.9409791774166152, 0.4134522269811455
1.9409791774166152, 0.41198598753436494
1.9409791774166152, 0.41051974808758435
1.9409791774166152, 0.40905350864080375
1.9409791774166152, 0.4075872691940232
1.9409791774166152, 0.4061210297472426
1.9409791774166152, 0.40465479030046203
1.9409791774166152, 0.40318855085368144
1.9409791774166152, 0.4017223114069009
1.9436905681421206, 0.4017223114069009
1.9436905681421206, 0.4002560719601203
1.9436905681421206, 0.3987898325133397
1.9436905681421206, 0.3973235930665591
1.9436905681421206, 0.3958573536197786
1.9436905681421206, 0.394391114172998
1.946401958867626, 0.394391114172998
1.946401958867626, 0.3929248747262174
1.946401958867626, 0.39145863527943686
1.9491133495931314, 0.39145863527943686
1.9491133495931314, 0.38999239583265627
1.9518247403186366, 0.38999239583265627
1.9545361310441418, 0.38999239583265627
1.9572475217696472, 0.394391114172998
1.9572475217696472, 0.3929248747262174
1.9572475217696472, 0.39145863527943686
1.9572475217696472, 0.38999239583265627
1.9572475217696472, 0.3885261563858757
1.9599589124951526, 0.4002560719601203
1.9599589124951526, 0.3987898325133397
1.9599589124951526, 0.3973235930665591
1.9599589124951526, 0.3958573536197786
1.9599589124951526, 0.394391114172998
1.9599589124951526, 0.3929248747262174
1.9599589124951526, 0.39145863527943686
1.9599589124951526, 0.38999239583265627
1.962670303220658, 0.40465479030046203
1.962670303220658, 0.40318855085368144
1.962670303220658, 0.4017223114069009
1.962670303220658, 0.4002560719601203
1.962670303220658, 0.3987898325133397
1.962670303220658, 0.3973235930665591
1.962670303220658, 0.3958573536197786
1.9653816939461635, 0.41491846642792607
1.9653816939461635, 0.4134522269811455
1.9653816939461635, 0.41198598753436494
1.9653816939461635, 0.41051974808758435
1.9653816939461635, 0.40905350864080375
1.9653816939461635, 0.4075872691940232
1.9653816939461635, 0.4061210297472426
1.9653816939461635, 0.40465479030046203
1.9653816939461635, 0.40318855085368144
1.9680930846716687, 0.4251821425553901
1.9680930846716687, 0.42371590310860957
1.9680930846716687, 0.422249663661829
1.9680930846716687, 0.4207834242150484
1.9680930846716687, 0.4193171847682678
1.9680930846716687, 0.41785094532148725
1.9680930846716687, 0.41638470587470666
1.9680930846716687, 0.41491846642792607
1.9680930846716687, 0.4134522269811455
1.9680930846716687, 0.41198598753436494
1.9680930846716687, 0.41051974808758435
1.9680930846716687, 0.40905350864080375
1.9680930846716687, 0.4075872691940232
1.9708044753971738, 0.4266483820021707
1.9708044753971738, 0.4251821425553901
1.9708044753971738, 0.42371590310860957
1.9708044753971738, 0.422249663661829
1.9708044753971738, 0.4207834242150484
1.9708044753971738, 0.4193171847682678
1.9708044753971738, 0.41785094532148725
1.9708044753971738, 0.41638470587470666
1.9735158661226793, 0.4266483820021707
1.9762272568481847, 0.432513339789293
1.9762272568481847, 0.4310471003425124
1.9762272568481847, 0.42958086089573183
1.9762272568481847, 0.4281146214489513
1.97893864757369, 0.43544581868285415
1.97893864757369, 0.4339795792360736
1.9816500382991955, 0.43837829757641533
1.9816500382991955, 0.43691205812963474
1.9843614290247007, 0.44131077646997646
1.9843614290247007, 0.4398445370231959
1.9870728197502059, 0.44424325536353765
1.9870728197502059, 0.44277701591675706
1.9897842104757113, 0.44864197370387937
1.9897842104757113, 0.4471757342570988
1.9897842104757113, 0.4457094948103182
1.9924956012012167, 0.4545069314910017
1.9924956012012167, 0.4530406920442211
1.9924956012012167, 0.4515744525974405
1.9924956012012167, 0.45010821315065996
1.9952069919267221, 0.4574394103845628
1.9952069919267221, 0.4559731709377823
1.9979183826522275, 0.4647706076184657
1.9979183826522275, 0.46330436817168513
1.9979183826522275, 0.46183812872490454
1.9979183826522275, 0.460371889278124
1.9979183826522275, 0.4589056498313434
2.0006297733777325, 0.47063556540558804
2.0006297733777325, 0.46916932595880745
2.0006297733777325, 0.46770308651202686
2.0006297733777325, 0.4662368470652463
2.0006297733777325, 0.4647706076184657
2.0033411641032384, 0.4808992415330521
2.0033411641032384, 0.4794330020862715
2.0033411641032384, 0.4779667626394909
2.0033411641032384, 0.47650052319271036
2.0033411641032384, 0.47503428374592976
2.0033411641032384, 0.47356804429914917
2.0033411641032384, 0.47210180485236863
2.0033411641032384, 0.47063556540558804
2.0060525548287433, 0.4867641993201744
2.0060525548287433, 0.4852979598733938
2.0060525548287433, 0.4838317204266132
2.0060525548287433, 0.4823654809798327
2.0087639455542488, 0.498494114894419
2.0087639455542488, 0.49702787544763843
2.0087639455542488, 0.49556163600085784
2.0087639455542488, 0.49409539655407725
2.0087639455542488, 0.4926291571072967
2.0087639455542488, 0.4911629176605161
2.0087639455542488, 0.4896966782137355
2.0087639455542488, 0.488230438766955
2.011475336279754, 0.5131565093622248
2.011475336279754, 0.5116902699154442
2.011475336279754, 0.5072915515751024
2.011475336279754, 0.5058253121283218
2.011475336279754, 0.5043590726815413
2.011475336279754, 0.49996035434119956
2.0141867270052596, 0.5146227488090054
2.0141867270052596, 0.5131565093622248
2.0141867270052596, 0.5116902699154442
2.016898117730765, 0.5219539460429082
2.016898117730765, 0.5204877065961278
2.016898117730765, 0.5190214671493472
2.016898117730765, 0.5175552277025666
2.016898117730765, 0.516088988255786
2.016898117730765, 0.5131565093622248
2.016898117730765, 0.5116902699154442
2.01960950845627, 0.5248864249364694
2.01960950845627, 0.5234201854896888
2.0223208991817754, 0.5307513827235917
2.0223208991817754, 0.5292851432768111
2.0223208991817754, 0.5278189038300305
2.0223208991817754, 0.5263526643832499
2.025032289907281, 0.5336838616171529
2.025032289907281, 0.5322176221703723
2.027743680632786, 0.5380825799574946
2.027743680632786, 0.536616340510714
2.027743680632786, 0.5351501010639335
2.0304550713582916, 0.5380825799574946
2.0331664620837966, 0.5424812982978363
2.0331664620837966, 0.5410150588510558
2.0331664620837966, 0.5395488194042752
2.0358778528093024, 0.5439475377446169
2.0358778528093024, 0.5424812982978363
2.0385892435348074, 0.5454137771913975
2.0385892435348074, 0.5439475377446169
2.041300634260313, 0.5468800166381781
2.041300634260313, 0.5454137771913975
2.0440120249858182, 0.5483462560849586
2.0440120249858182, 0.5468800166381781
2.0467234157113237, 0.5498124955317392
2.0467234157113237, 0.5483462560849586
2.0467234157113237, 0.5468800166381781
2.049434806436829, 0.5483462560849586
2.049434806436829, 0.5468800166381781
2.052146197162334, 0.5498124955317392
2.052146197162334, 0.5483462560849586
2.0548575878878395, 0.5498124955317392
2.0548575878878395, 0.5483462560849586
2.057568978613345, 0.5512787349785198
2.057568978613345, 0.5498124955317392
2.057568978613345, 0.5483462560849586
2.0602803693388503, 0.5512787349785198
2.0602803693388503, 0.5498124955317392
2.0629917600643557, 0.5512787349785198
2.0629917600643557, 0.5498124955317392
2.0657031507898607, 0.5512787349785198
2.0657031507898607, 0.5498124955317392
2.0684145415153665, 0.5498124955317392
2.0684145415153665, 0.5483462560849586
2.0711259322408715, 0.5512787349785198
2.0711259322408715, 0.5498124955317392
2.0711259322408715, 0.5483462560849586
2.073837322966377, 0.5498124955317392
2.073837322966377, 0.5483462560849586
2.0765487136918823, 0.5512787349785198
2.0765487136918823, 0.5498124955317392
2.0792601044173877, 0.5498124955317392
2.0792601044173877, 0.5483462560849586
2.081971495142893, 0.5498124955317392
2.081971495142893, 0.5483462560849586
2.084682885868398, 0.5483462560849586
2.084682885868398, 0.5468800166381781
2.0873942765939035, 0.5483462560849586
2.0873942765939035, 0.5468800166381781
2.090105667319409, 0.5483462560849586
2.090105667319409, 0.5468800166381781
2.0928170580449144, 0.5483462560849586
2.0928170580449144, 0.5468800166381781
2.0955284487704198, 0.5468800166381781
2.0955284487704198, 0.5454137771913975
2.098239839495925, 0.5468800166381781
2.098239839495925, 0.5454137771913975
2.1009512302214306, 0.5468800166381781
2.1009512302214306, 0.5454137771913975
2.1036626209469356, 0.5454137771913975
2.1036626209469356, 0.5439475377446169
2.106374011672441, 0.5454137771913975
2.106374011672441, 0.5439475377446169
2.1090854023979464, 0.5439475377446169
2.1090854023979464, 0.5424812982978363
2.111796793123452, 0.5439475377446169
2.111796793123452, 0.5424812982978363
2.1145081838489572, 0.5439475377446169
2.1145081838489572, 0.5424812982978363
2.1145081838489572, 0.5410150588510558
2.1145081838489572, 0.5395488194042752
2.117219574574462, 0.5395488194042752
2.1199309652999676, 0.5395488194042752
2.122642356025473, 0.5380825799574946
2.122642356025473, 0.536616340510714
2.122642356025473, 0.5351501010639335
2.1253537467509784, 0.5351501010639335
2.128065137476484, 0.5336838616171529
2.1307765282019893, 0.5322176221703723
2.1334879189274947, 0.5322176221703723
2.1361993096529996, 0.5307513827235917
2.1361993096529996, 0.5292851432768111
2.138910700378505, 0.5278189038300305
2.1416220911040105, 0.5278189038300305
2.1416220911040105, 0.5263526643832499
2.144333481829516, 0.5248864249364694
2.1470448725550213, 0.5248864249364694
2.1497562632805263, 0.5248864249364694
2.1497562632805263, 0.5234201854896888
2.1524676540060317, 0.5234201854896888
2.155179044731537, 0.5219539460429082
2.1578904354570425, 0.5219539460429082
2.160601826182548, 0.5204877065961278
2.1633132169080533, 0.5204877065961278
2.1660246076335588, 0.5190214671493472
2.1660246076335588, 0.5175552277025666
2.1687359983590637, 0.516088988255786
2.171447389084569, 0.5146227488090054
2.17687017053558, 0.5131565093622248
2.1795815612610854, 0.5131565093622248
2.1795815612610854, 0.5116902699154442
2.1822929519865903, 0.5116902699154442
2.185004342712096, 0.5102240304686636
2.185004342712096, 0.508757791021883
2.187715733437601, 0.5102240304686636
2.187715733437601, 0.508757791021883
2.1904271241631066, 0.5072915515751024
2.193138514888612, 0.508757791021883
2.193138514888612, 0.5072915515751024
2.193138514888612, 0.5058253121283218
2.1958499056141174, 0.508757791021883
2.1958499056141174, 0.5072915515751024
2.1958499056141174, 0.5058253121283218
2.198561296339623, 0.508757791021883
2.198561296339623, 0.5072915515751024
2.198561296339623, 0.5058253121283218
2.201272687065128, 0.508757791021883
2.201272687065128, 0.5072915515751024
2.201272687065128, 0.5058253121283218
2.203984077790633, 0.5072915515751024
2.203984077790633, 0.5058253121283218
2.203984077790633, 0.5043590726815413
2.2066954685161386, 0.5072915515751024
2.2066954685161386, 0.5058253121283218
2.2066954685161386, 0.5043590726815413
2.2066954685161386, 0.5028928332347607
2.209406859241644, 0.5058253121283218
2.209406859241644, 0.5028928332347607
2.209406859241644, 0.5014265937879802
2.2121182499671495, 0.5014265937879802
2.2148296406926544, 0.49996035434119956
2.2148296406926544, 0.498494114894419
2.2175410314181603, 0.49702787544763843
2.2202524221436652, 0.49702787544763843
2.2229638128691707, 0.49702787544763843
2.2229638128691707, 0.49556163600085784
2.225675203594676, 0.49556163600085784
2.225675203594676, 0.49409539655407725
2.2283865943201815, 0.49409539655407725
2.231097985045687, 0.49409539655407725
2.233809375771192, 0.49409539655407725
2.2365207664966973, 0.49702787544763843
2.2365207664966973, 0.49556163600085784
2.2365207664966973, 0.49409539655407725
2.2392321572222027, 0.49702787544763843
2.2392321572222027, 0.49556163600085784
2.241943547947708, 0.49702787544763843
2.2446549386732135, 0.5043590726815413
2.2446549386732135, 0.498494114894419
2.2473663293987185, 0.5058253121283218
2.2473663293987185, 0.5043590726815413
2.2473663293987185, 0.5028928332347607
2.2473663293987185, 0.5014265937879802
2.2473663293987185, 0.49996035434119956
2.2500777201242244, 0.5043590726815413
2.2500777201242244, 0.5028928332347607
2.2500777201242244, 0.5014265937879802
2.2527891108497293, 0.5058253121283218
2.2527891108497293, 0.5043590726815413
2.2527891108497293, 0.5028928332347607
2.2555005015752347, 0.5058253121283218
2.2555005015752347, 0.5043590726815413
2.2555005015752347, 0.5028928332347607
2.25821189230074, 0.5058253121283218
2.25821189230074, 0.5043590726815413
2.25821189230074, 0.5028928332347607
2.2609232830262456, 0.5043590726815413
2.2609232830262456, 0.5028928332347607
2.263634673751751, 0.5043590726815413
2.263634673751751, 0.5028928332347607
2.263634673751751, 0.5014265937879802
2.266346064477256, 0.5028928332347607
2.266346064477256, 0.5014265937879802
2.2690574552027614, 0.5028928332347607
2.2690574552027614, 0.5014265937879802
2.2717688459282668, 0.5028928332347607
2.2717688459282668, 0.5014265937879802
2.274480236653772, 0.5028928332347607
2.274480236653772, 0.5014265937879802
2.274480236653772, 0.49996035434119956
2.2771916273792776, 0.5014265937879802
2.2771916273792776, 0.49996035434119956
2.279903018104783, 0.5014265937879802
2.279903018104783, 0.49996035434119956
2.279903018104783, 0.498494114894419
2.2826144088302884, 0.49996035434119956
2.2826144088302884, 0.498494114894419
2.2853257995557934, 0.49996035434119956
2.2853257995557934, 0.498494114894419
2.288037190281299, 0.5014265937879802
2.288037190281299, 0.49996035434119956
2.2907485810068042, 0.5014265937879802
2.296171362457815, 0.5043590726815413
2.29888275318332, 0.5058253121283218
2.3015941439088254, 0.5058253121283218
2.304305534634331, 0.5072915515751024
2.3070169253598363, 0.5072915515751024
2.3097283160853417, 0.5072915515751024
2.312439706810847, 0.5072915515751024
2.3151510975363525, 0.508757791021883
2.3178624882618575, 0.5072915515751024
2.320573878987363, 0.5072915515751024
2.3232852697128683, 0.5072915515751024
2.3259966604383737, 0.508757791021883
2.3259966604383737, 0.5072915515751024
2.328708051163879, 0.5072915515751024
2.331419441889384, 0.5058253121283218
2.3341308326148895, 0.5058253121283218
2.336842223340395, 0.5058253121283218
2.3395536140659003, 0.5043590726815413
2.3422650047914058, 0.5028928332347607
2.344976395516911, 0.5014265937879802
2.3476877862424166, 0.49996035434119956
2.3503991769679216, 0.498494114894419
2.3503991769679216, 0.49702787544763843
2.353110567693427, 0.498494114894419
2.353110567693427, 0.49702787544763843
2.3558219584189324, 0.498494114894419
2.3558219584189324, 0.49702787544763843
2.3558219584189324, 0.49556163600085784
2.358533349144438, 0.49702787544763843
2.358533349144438, 0.49556163600085784
2.361244739869943, 0.49556163600085784
2.361244739869943, 0.49409539655407725
2.361244739869943, 0.4926291571072967
2.363956130595448, 0.49556163600085784
2.363956130595448, 0.49409539655407725
2.363956130595448, 0.4926291571072967
2.363956130595448, 0.4911629176605161
2.366667521320954, 0.4911629176605161
2.366667521320954, 0.4896966782137355
2.366667521320954, 0.488230438766955
2.369378912046459, 0.4896966782137355
2.369378912046459, 0.488230438766955
2.369378912046459, 0.4867641993201744
2.3720903027719644, 0.4867641993201744
2.3720903027719644, 0.4852979598733938
2.37480169349747, 0.4852979598733938
2.37480169349747, 0.4838317204266132
2.37480169349747, 0.4823654809798327
2.3775130842229752, 0.4823654809798327
2.3775130842229752, 0.4808992415330521
2.3802244749484807, 0.4808992415330521
2.3802244749484807, 0.4794330020862715
2.3802244749484807, 0.4779667626394909
2.3829358656739856, 0.4779667626394909
2.3829358656739856, 0.47650052319271036
2.3829358656739856, 0.47503428374592976
2.3829358656739856, 0.47356804429914917
2.3829358656739856, 0.47210180485236863
2.385647256399491, 0.47210180485236863
2.385647256399491, 0.47063556540558804
2.385647256399491, 0.46916932595880745
2.3883586471249965, 0.46770308651202686
2.3883586471249965, 0.4662368470652463
2.3883586471249965, 0.4647706076184657
2.391070037850502, 0.46330436817168513
2.391070037850502, 0.46183812872490454
2.391070037850502, 0.460371889278124
2.3937814285760073, 0.4589056498313434
2.3937814285760073, 0.4574394103845628
2.3937814285760073, 0.4559731709377823
2.3964928193015123, 0.4545069314910017
2.3964928193015123, 0.4530406920442211
2.3964928193015123, 0.4515744525974405
2.399204210027018, 0.45010821315065996
2.399204210027018, 0.44864197370387937
2.399204210027018, 0.4471757342570988
2.401915600752523, 0.4457094948103182
2.401915600752523, 0.44424325536353765
2.401915600752523, 0.44277701591675706
2.4046269914780285, 0.44131077646997646
2.4046269914780285, 0.4398445370231959
2.4046269914780285, 0.43837829757641533
2.407338382203534, 0.43691205812963474
2.407338382203534, 0.43544581868285415
2.407338382203534, 0.4339795792360736
2.4100497729290393, 0.432513339789293
2.4100497729290393, 0.4310471003425124
2.4100497729290393, 0.42958086089573183
2.4100497729290393, 0.4281146214489513
2.4100497729290393, 0.4266483820021707
2.4100497729290393, 0.4251821425553901
2.4100497729290393, 0.42371590310860957
2.4100497729290393, 0.422249663661829
2.4127611636545447, 0.4207834242150484
2.4127611636545447, 0.4193171847682678
2.4127611636545447, 0.41785094532148725
2.4154725543800497, 0.41638470587470666
2.4154725543800497, 0.41491846642792607
2.4154725543800497, 0.4134522269811455
2.4154725543800497, 0.41198598753436494
2.418183945105555, 0.41051974808758435
2.418183945105555, 0.40905350864080375
2.418183945105555, 0.4075872691940232
2.418183945105555, 0.4061210297472426
2.418183945105555, 0.40465479030046203
2.4208953358310605, 0.40465479030046203
2.4208953358310605, 0.40318855085368144
2.4208953358310605, 0.4017223114069009
2.4208953358310605, 0.4002560719601203
2.4208953358310605, 0.3987898325133397
2.423606726556566, 0.3987898325133397
2.423606726556566, 0.3973235930665591
2.423606726556566, 0.3958573536197786
2.423606726556566, 0.394391114172998
2.4263181172820714, 0.3929248747262174
2.4263181172820714, 0.39145863527943686
2.4263181172820714, 0.38999239583265627
2.4290295080075763, 0.3885261563858757
2.4290295080075763, 0.3870599169390951
2.431740898733082, 0.38559367749231455
2.431740898733082, 0.38412743804553395
2.434452289458587, 0.38266119859875336
2.434452289458587, 0.38119495915197277
2.4371636801840926, 0.37972871970519223
2.4371636801840926, 0.37826248025841164
2.439875070909598, 0.37679624081163104
2.439875070909598, 0.3753300013648505
2.4425864616351034, 0.3738637619180699
2.4425864616351034, 0.3723975224712893
2.445297852360609, 0.37093128302450873
2.445297852360609, 0.3694650435777282
2.445297852360609, 0.3679988041309476
2.448009243086114, 0.366532564684167
2.4507206338116196, 0.36506632523738647
2.4534320245371246, 0.36506632523738647
2.45614341526263, 0.3636000857906059
2.4588548059881354, 0.3621338463438253
2.4615661967136404, 0.3606676068970447
2.4642775874391463, 0.35920136745026415
2.4669889781646512, 0.35920136745026415
2.4697003688901566, 0.35920136745026415
2.472411759615662, 0.35773512800348356
2.4751231503411675, 0.35626888855670297
2.4751231503411675, 0.3548026491099224
2.477834541066673, 0.35333640966314184
2.480545931792178, 0.35187017021636124
2.480545931792178, 0.35040393076958065
2.4832573225176837, 0.35040393076958065
2.4859687132431887, 0.35040393076958065
2.4859687132431887, 0.3489376913228001
2.488680103968694, 0.3489376913228001
2.488680103968694, 0.3474714518760195
2.488680103968694, 0.34600521242923893
2.4913914946941995, 0.3474714518760195
2.4913914946941995, 0.34600521242923893
2.4941028854197045, 0.34600521242923893
2.4941028854197045, 0.34453897298245834
2.4968142761452103, 0.34453897298245834
2.4968142761452103, 0.3430727335356778
2.4995256668707153, 0.3430727335356778
2.5022370575962207, 0.3430727335356778
2.504948448321726, 0.3430727335356778
2.5076598390472316, 0.3430727335356778
2.510371229772737, 0.34453897298245834
2.513082620498242, 0.34453897298245834
2.515794011223748, 0.34453897298245834
2.5185054019492528, 0.34453897298245834
2.521216792674758, 0.34600521242923893
2.5239281834002636, 0.34600521242923893
2.5266395741257686, 0.3474714518760195
2.5293509648512744, 0.34600521242923893
2.5320623555767794, 0.3474714518760195
2.534773746302285, 0.3474714518760195
2.53748513702779, 0.3489376913228001
2.5401965277532956, 0.3489376913228001
2.542907918478801, 0.3489376913228001
2.545619309204306, 0.3489376913228001
2.548330699929812, 0.35040393076958065
2.551042090655317, 0.3489376913228001
2.5537534813808223, 0.3489376913228001
2.5564648721063277, 0.35040393076958065
2.559176262831833, 0.35040393076958065
2.5618876535573385, 0.3489376913228001
2.5645990442828435, 0.3489376913228001
2.5673104350083493, 0.3474714518760195
2.5700218257338543, 0.34600521242923893
2.5727332164593597, 0.34453897298245834
2.575444607184865, 0.3430727335356778
2.57815599791037, 0.3430727335356778
2.580867388635876, 0.3416064940888972
2.580867388635876, 0.3401402546421166
2.583578779361381, 0.3401402546421166
2.5862901700868863, 0.3401402546421166
2.5890015608123917, 0.3401402546421166
2.591712951537897, 0.3401402546421166
2.5944243422634026, 0.3401402546421166
2.5971357329889075, 0.3401402546421166
2.5998471237144134, 0.3401402546421166
2.6025585144399184, 0.338674015195336
2.605269905165424, 0.338674015195336
2.607981295890929, 0.338674015195336
2.610692686616434, 0.338674015195336
2.61340407734194, 0.3372077757485555
2.61340407734194, 0.3357415363017749
2.616115468067445, 0.3372077757485555
2.616115468067445, 0.3357415363017749
2.6188268587929504, 0.3372077757485555
2.6188268587929504, 0.3357415363017749
2.621538249518456, 0.3357415363017749
2.621538249518456, 0.3342752968549943
2.6242496402439612, 0.3342752968549943
2.6269610309694666, 0.33280905740821376
2.6296724216949716, 0.33134281796143317
2.6323838124204775, 0.3298765785146526
2.6350952031459824, 0.328410339067872
2.6350952031459824, 0.3269440996210914
2.6350952031459824, 0.3254778601743108
2.637806593871488, 0.328410339067872
2.637806593871488, 0.3269440996210914
2.637806593871488, 0.3254778601743108
2.6405179845969933, 0.3269440996210914
2.6405179845969933, 0.3254778601743108
2.6432293753224982, 0.3254778601743108
2.645940766048004, 0.3240116207275303
2.648652156773509, 0.3225453812807497
2.6513635474990145, 0.32107914183396913
2.65407493822452, 0.31961290238718854
2.65407493822452, 0.31814666294040794
2.6567863289500253, 0.31668042349362735
2.6567863289500253, 0.31521418404684676
2.6594977196755307, 0.3137479446000663
2.6594977196755307, 0.3122817051532857
2.6622091104010357, 0.3108154657065051
2.6649205011265416, 0.3093492262597245
2.6649205011265416, 0.3078829868129439
2.6676318918520465, 0.3064167473661633
2.6676318918520465, 0.3049505079193827
2.670343282577552, 0.3034842684726021
2.6730546733030573, 0.30201802902582164
2.6730546733030573, 0.30055178957904105
2.6757660640285623, 0.29908555013226046
2.6757660640285623, 0.29761931068547987
2.678477454754068, 0.2961530712386993
2.678477454754068, 0.2946868317919187
2.678477454754068, 0.2932205923451381
2.681188845479573, 0.2917543528983576
2.681188845479573, 0.290288113451577
2.681188845479573, 0.2888218740047964
2.681188845479573, 0.2873556345580158
2.6839002362050786, 0.28588939511123523
2.6839002362050786, 0.28442315566445464
2.6839002362050786, 0.28295691621767405
2.686611626930584, 0.28149067677089357
2.686611626930584, 0.280024437324113
2.686611626930584, 0.2785581978773324
2.6893230176560894, 0.2770919584305518
2.6893230176560894, 0.2756257189837712
2.6893230176560894, 0.2741594795369906
2.6893230176560894, 0.27269324009021
2.692034408381595, 0.2712270006434294
2.692034408381595, 0.26976076119664893
2.692034408381595, 0.26829452174986834
2.692034408381595, 0.26682828230308775
2.6947457991070998, 0.26536204285630716
2.6947457991070998, 0.26389580340952656
2.6947457991070998, 0.26242956396274597
2.6947457991070998, 0.2609633245159654
2.6974571898326056, 0.2609633245159654
2.6974571898326056, 0.2594970850691849
2.6974571898326056, 0.2580308456224043
2.7001685805581106, 0.2580308456224043
2.7001685805581106, 0.2565646061756237
2.7001685805581106, 0.2550983667288431
2.702879971283616, 0.2550983667288431
2.702879971283616, 0.2536321272820625
2.702879971283616, 0.25216588783528193
2.702879971283616, 0.25069964838850134
2.702879971283616, 0.24923340894172086
2.7055913620091214, 0.24776716949494026
2.7055913620091214, 0.24630093004815967
2.7055913620091214, 0.24483469060137908
2.7055913620091214, 0.2433684511545985
2.7083027527346264, 0.2419022117078179
2.7083027527346264, 0.2404359722610373
2.7083027527346264, 0.23896973281425682
2.7083027527346264, 0.23750349336747623
2.7110141434601323, 0.23603725392069563
2.7110141434601323, 0.23457101447391504
2.7110141434601323, 0.23310477502713445
2.7110141434601323, 0.23163853558035385
2.7110141434601323, 0.23017229613357326
2.7137255341856372, 0.22870605668679267
2.7137255341856372, 0.2272398172400122
2.7137255341856372, 0.2257735777932316
2.7137255341856372, 0.224307338346451
2.7164369249111426, 0.2228410988996704
2.7164369249111426, 0.22137485945288982
2.7164369249111426, 0.21990862000610922
2.7164369249111426, 0.21844238055932863
2.719148315636648, 0.21697614111254815
2.719148315636648, 0.21550990166576756
2.719148315636648, 0.21404366221898696
2.7218597063621535, 0.21257742277220637
2.7218597063621535, 0.21111118332542578
2.7218597063621535, 0.20964494387864518
2.7218597063621535, 0.2081787044318646
2.724571097087659, 0.2067124649850841
2.724571097087659, 0.20524622553830352
2.724571097087659, 0.20377998609152292
2.724571097087659, 0.20231374664474233
2.724571097087659, 0.20084750719796174
2.727282487813164, 0.19938126775118115
2.727282487813164, 0.19791502830440055
2.727282487813164, 0.19644878885761996
2.727282487813164, 0.19498254941083948
2.727282487813164, 0.19351630996405889
2.727282487813164, 0.1920500705172783
2.7299938785386697, 0.1920500705172783
2.7299938785386697, 0.1905838310704977
2.7299938785386697, 0.1891175916237171
2.7299938785386697, 0.18765135217693651
2.7299938785386697, 0.18618511273015592
2.7327052692641747, 0.18618511273015592
2.7327052692641747, 0.18471887328337544
2.7327052692641747, 0.18325263383659485
2.7327052692641747, 0.18178639438981425
2.7327052692641747, 0.18032015494303366
2.73541665998968, 0.18032015494303366
2.73541665998968, 0.17885391549625307
2.73541665998968, 0.17738767604947248
2.73541665998968, 0.17592143660269188
2.7381280507151855, 0.17592143660269188
2.7381280507151855, 0.1744551971559114
2.7381280507151855, 0.1729889577091308
2.740839441440691, 0.17152271826235022
2.740839441440691, 0.17005647881556962
2.740839441440691, 0.16859023936878903
2.7435508321661963, 0.16712399992200844
2.7435508321661963, 0.16565776047522784
2.7435508321661963, 0.16419152102844725
2.7435508321661963, 0.16272528158166677
2.7462622228917013, 0.16125904213488618
2.7462622228917013, 0.15979280268810558
2.7462622228917013, 0.158326563241325
2.748973613617207, 0.1568603237945444
2.748973613617207, 0.1553940843477638
2.748973613617207, 0.1539278449009832
2.751685004342712, 0.1568603237945444
2.751685004342712, 0.1553940843477638
2.751685004342712, 0.1539278449009832
2.751685004342712, 0.15246160545420273
2.751685004342712, 0.15099536600742214
2.751685004342712, 0.14952912656064155
2.751685004342712, 0.14806288711386095
2.7543963950682175, 0.15246160545420273
2.7543963950682175, 0.15099536600742214
2.7543963950682175, 0.14952912656064155
2.7543963950682175, 0.14806288711386095
2.7543963950682175, 0.14659664766708036
2.7543963950682175, 0.14513040822029977
2.757107785793723, 0.14659664766708036
2.757107785793723, 0.14513040822029977
2.757107785793723, 0.14366416877351917
2.757107785793723, 0.1421979293267387
2.759819176519228, 0.14366416877351917
2.759819176519228, 0.1421979293267387
2.759819176519228, 0.1407316898799581
2.759819176519228, 0.1392654504331775
2.762530567244734, 0.1407316898799581
2.762530567244734, 0.1392654504331775
2.762530567244734, 0.13779921098639691
2.762530567244734, 0.13633297153961632
2.762530567244734, 0.13486673209283573
2.7652419579702388, 0.13779921098639691
2.7652419579702388, 0.13633297153961632
2.7652419579702388, 0.13486673209283573
2.7652419579702388, 0.13340049264605514
2.7652419579702388, 0.13193425319927454
2.7652419579702388, 0.13046801375249406
2.767953348695744, 0.13340049264605514
2.767953348695744, 0.13193425319927454
2.767953348695744, 0.13046801375249406
2.767953348695744, 0.12900177430571347
2.767953348695744, 0.12753553485893288
2.767953348695744, 0.12606929541215228
2.7706647394212496, 0.12900177430571347
2.7706647394212496, 0.12753553485893288
2.7706647394212496, 0.12606929541215228
2.773376130146755, 0.12460305596537169
2.773376130146755, 0.1231368165185911
2.773376130146755, 0.1216705770718105
2.7760875208722604, 0.1216705770718105
2.7760875208722604, 0.12020433762503002
2.7787989115977654, 0.1216705770718105
2.7787989115977654, 0.12020433762503002
2.7815103023232712, 0.12020433762503002
2.7815103023232712, 0.11873809817824943
2.7815103023232712, 0.11727185873146884
2.784221693048776, 0.11727185873146884
2.784221693048776, 0.11580561928468824
2.784221693048776, 0.11433937983790765
2.7869330837742816, 0.11433937983790765
2.7869330837742816, 0.11287314039112706
2.789644474499787, 0.11287314039112706
2.789644474499787, 0.11140690094434647
2.789644474499787, 0.10994066149756598
2.792355865225292, 0.10847442205078539
2.795067255950798, 0.10847442205078539
2.797778646676303, 0.1070081826040048
2.8004900374018082, 0.1055419431572242
2.8032014281273137, 0.10407570371044361
2.805912818852819, 0.10260946426366302
2.8086242095783245, 0.10260946426366302
2.8113356003038295, 0.10114322481688243
2.8140469910293353, 0.09967698537010183
2.8167583817548403, 0.09821074592332135
2.8194697724803457, 0.09821074592332135
2.822181163205851, 0.09821074592332135
2.824892553931356, 0.09821074592332135
2.827603944656862, 0.09821074592332135
2.830315335382367, 0.09674450647654076
2.8330267261078723, 0.09674450647654076
2.8357381168333777, 0.09821074592332135
2.838449507558883, 0.09821074592332135
2.8411608982843886, 0.09821074592332135
2.8438722890098935, 0.09821074592332135
2.8465836797353994, 0.09821074592332135
2.8492950704609044, 0.09967698537010183
2.8520064611864098, 0.09967698537010183
2.854717851911915, 0.10114322481688243
2.85742924263742, 0.10114322481688243
2.860140633362926, 0.10260946426366302
2.862852024088431, 0.10260946426366302
2.8655634148139364, 0.10260946426366302
2.868274805539442, 0.10260946426366302
2.870986196264947, 0.10260946426366302
2.8736975869904526, 0.10260946426366302
2.8764089777159576, 0.10260946426366302
2.8791203684414635, 0.10407570371044361
2.8818317591669684, 0.1055419431572242
2.8818317591669684, 0.10407570371044361
2.884543149892474, 0.1070081826040048
2.884543149892474, 0.1055419431572242
2.884543149892474, 0.10407570371044361
2.8872545406179793, 0.1070081826040048
2.8899659313434842, 0.1070081826040048
2.89267732206899, 0.1070081826040048
2.895388712794495, 0.1070081826040048
2.895388712794495, 0.1055419431572242
2.8981001035200005, 0.1070081826040048
2.8981001035200005, 0.1055419431572242
2.900811494245506, 0.1070081826040048
2.9035228849710113, 0.10847442205078539
2.9035228849710113, 0.1070081826040048
2.9062342756965167, 0.10847442205078539
2.9089456664220217, 0.1070081826040048
2.9116570571475275, 0.1070081826040048
2.9143684478730325, 0.1070081826040048
2.917079838598538, 0.1055419431572242
2.9197912293240433, 0.1055419431572242
2.9225026200495487, 0.1070081826040048
2.9225026200495487, 0.1055419431572242
2.925214010775054, 0.1070081826040048
2.927925401500559, 0.1070081826040048
2.930636792226065, 0.1055419431572242
2.93334818295157, 0.1070081826040048
2.93334818295157, 0.1055419431572242
2.9360595736770754, 0.1070081826040048
2.938770964402581, 0.1070081826040048
2.9414823551280858, 0.1070081826040048
2.9441937458535916, 0.10847442205078539
2.9441937458535916, 0.1070081826040048
2.9469051365790966, 0.10847442205078539
2.949616527304602, 0.10847442205078539
2.9523279180301074, 0.10847442205078539
2.955039308755613, 0.11140690094434647
2.955039308755613, 0.10994066149756598
2.9577506994811182, 0.11140690094434647
2.9577506994811182, 0.10994066149756598
2.960462090206623, 0.11287314039112706
2.960462090206623, 0.11140690094434647
2.963173480932129, 0.11433937983790765
2.963173480932129, 0.11287314039112706
2.965884871657634, 0.11433937983790765
2.965884871657634, 0.11287314039112706
2.9685962623831395, 0.11433937983790765
2.9685962623831395, 0.11287314039112706
2.971307653108645, 0.11580561928468824
2.971307653108645, 0.11433937983790765
2.97401904383415, 0.11580561928468824
2.97401904383415, 0.11433937983790765
2.9767304345596557, 0.11580561928468824
2.9767304345596557, 0.11433937983790765
2.9794418252851607, 0.11580561928468824
2.9794418252851607, 0.11433937983790765
2.982153216010666, 0.11727185873146884
2.982153216010666, 0.11580561928468824
2.9848646067361715, 0.11727185873146884
2.9848646067361715, 0.11580561928468824
2.987575997461677, 0.11873809817824943
2.987575997461677, 0.11727185873146884
2.9902873881871823, 0.11873809817824943
2.9902873881871823, 0.11727185873146884
2.9929987789126873, 0.11873809817824943
2.9929987789126873, 0.11727185873146884
2.995710169638193, 0.11873809817824943
2.995710169638193, 0.11727185873146884
2.998421560363698, 0.11873809817824943
2.998421560363698, 0.11727185873146884
3.0011329510892035, 0.11873809817824943
3.0011329510892035, 0.11727185873146884
3.003844341814709, 0.12020433762503002
3.003844341814709, 0.11873809817824943
3.006555732540214, 0.12020433762503002
3.006555732540214, 0.11873809817824943
3.0092671232657198, 0.12020433762503002
3.0092671232657198, 0.11873809817824943
3.0119785139912247, 0.12020433762503002
3.0119785139912247, 0.11873809817824943
3.01468990471673, 0.1216705770718105
3.01468990471673, 0.12020433762503002
3.0174012954422356, 0.1216705770718105
3.0174012954422356, 0.12020433762503002
3.020112686167741, 0.1216705770718105
3.020112686167741, 0.12020433762503002
3.0228240768932464, 0.1216705770718105
3.0228240768932464, 0.12020433762503002
3.0255354676187514, 0.1216705770718105
3.0255354676187514, 0.12020433762503002
3.028246858344257, 0.1216705770718105
3.028246858344257, 0.12020433762503002
3.030958249069762, 0.1216705770718105
3.030958249069762, 0.12020433762503002
3.0336696397952676, 0.1231368165185911
3.0336696397952676, 0.1216705770718105
3.036381030520773, 0.1231368165185911
3.039092421246278, 0.1231368165185911
3.041803811971784, 0.1231368165185911
3.044515202697289, 0.1231368165185911
3.0472265934227942, 0.1231368165185911
3.0499379841482996, 0.1231368165185911
3.052649374873805, 0.12460305596537169
3.0553607655993105, 0.12460305596537169
3.0580721563248154, 0.12460305596537169
3.0607835470503213, 0.12460305596537169
3.0634949377758263, 0.12460305596537169
3.0662063285013317, 0.12460305596537169
3.068917719226837, 0.12606929541215228
3.071629109952342, 0.12606929541215228
3.074340500677848, 0.12606929541215228
3.077051891403353, 0.12606929541215228
3.0797632821288583, 0.12606929541215228
3.0824746728543637, 0.12606929541215228
3.085186063579869, 0.12606929541215228
3.0878974543053745, 0.12753553485893288
3.0906088450308795, 0.12606929541215228
3.0933202357563854, 0.12606929541215228
3.0960316264818903, 0.12753553485893288
3.0987430172073958, 0.12753553485893288
3.101454407932901, 0.12753553485893288
3.1041657986584066, 0.12900177430571347
3.106877189383912, 0.12900177430571347
3.109588580109417, 0.12900177430571347
3.112299970834923, 0.13046801375249406
3.115011361560428, 0.13193425319927454
3.117722752285933, 0.13193425319927454
3.1204341430114386, 0.13340049264605514
3.1231455337369436, 0.13486673209283573
3.1258569244624494, 0.13486673209283573
3.1285683151879544, 0.13633297153961632
3.13127970591346, 0.13779921098639691
3.1339910966389652, 0.13779921098639691
3.1367024873644707, 0.1392654504331775
3.1367024873644707, 0.13779921098639691
3.139413878089976, 0.1407316898799581
3.139413878089976, 0.1392654504331775
3.142125268815481, 0.1407316898799581
3.144836659540987, 0.1407316898799581
3.147548050266492, 0.1421979293267387
3.1502594409919973, 0.1421979293267387
3.1529708317175027, 0.14366416877351917
3.1529708317175027, 0.1421979293267387
3.1556822224430077, 0.14513040822029977
3.1556822224430077, 0.14366416877351917
3.1583936131685135, 0.14659664766708036
3.1583936131685135, 0.14513040822029977
3.1611050038940185, 0.14806288711386095
3.1611050038940185, 0.14659664766708036
3.1611050038940185, 0.14513040822029977
3.163816394619524, 0.14952912656064155
3.163816394619524, 0.14806288711386095
3.1665277853450293, 0.14952912656064155
3.1692391760705347, 0.14952912656064155
3.17195056679604, 0.15099536600742214
3.174661957521545, 0.15246160545420273
3.177373348247051, 0.1539278449009832
3.177373348247051, 0.15246160545420273
3.180084738972556, 0.1553940843477638
3.1827961296980614, 0.1568603237945444
3.1855075204235668, 0.1568603237945444
3.1882189111490717, 0.1568603237945444
3.1909303018745776, 0.158326563241325
3.1936416926000826, 0.15979280268810558
3.196353083325588, 0.16125904213488618
3.1990644740510934, 0.16125904213488618
3.201775864776599, 0.16272528158166677
3.2044872555021042, 0.16419152102844725
3.207198646227609, 0.16712399992200844
3.207198646227609, 0.16565776047522784
3.209910036953115, 0.16859023936878903
3.21262142767862, 0.17005647881556962
3.2153328184041254, 0.17005647881556962
3.218044209129631, 0.17152271826235022
3.220755599855136, 0.1729889577091308
3.2234669905806417, 0.1744551971559114
3.2261783813061466, 0.17592143660269188
3.228889772031652, 0.17738767604947248
3.228889772031652, 0.17592143660269188
3.2316011627571575, 0.17885391549625307
3.234312553482663, 0.18032015494303366
3.2370239442081683, 0.18032015494303366
3.2397353349336733, 0.18325263383659485
3.2397353349336733, 0.18178639438981425
3.242446725659179, 0.18471887328337544
3.242446725659179, 0.18325263383659485
3.245158116384684, 0.18618511273015592
3.245158116384684, 0.18471887328337544
3.2478695071101895, 0.18765135217693651
3.2478695071101895, 0.18618511273015592
3.250580897835695, 0.1891175916237171
3.250580897835695, 0.18765135217693651
3.2532922885612003, 0.1905838310704977
3.2532922885612003, 0.1891175916237171
3.2560036792867058, 0.1920500705172783
3.2560036792867058, 0.1905838310704977
3.2587150700122107, 0.19351630996405889
3.2587150700122107, 0.1920500705172783
3.2587150700122107, 0.1905838310704977
3.2614264607377166, 0.19498254941083948
3.2641378514632216, 0.19644878885761996
3.266849242188727, 0.19791502830440055
3.266849242188727, 0.19644878885761996
3.2695606329142324, 0.19938126775118115
3.2695606329142324, 0.19791502830440055
3.2722720236397373, 0.20084750719796174
3.2722720236397373, 0.19938126775118115
3.274983414365243, 0.20231374664474233
3.274983414365243, 0.20084750719796174
3.277694805090748, 0.20377998609152292
3.2804061958162536, 0.20524622553830352
3.283117586541759, 0.2067124649850841
3.283117586541759, 0.20524622553830352
3.2858289772672644, 0.2081787044318646
3.2858289772672644, 0.2067124649850841
3.28854036799277, 0.20964494387864518
3.28854036799277, 0.2081787044318646
3.28854036799277, 0.2067124649850841
3.291251758718275, 0.21111118332542578
3.291251758718275, 0.20964494387864518
3.2939631494437807, 0.21257742277220637
3.2939631494437807, 0.21111118332542578
3.2966745401692856, 0.21404366221898696
3.2966745401692856, 0.21257742277220637
3.299385930894791, 0.21404366221898696
3.3020973216202965, 0.21404366221898696
3.3048087123458014, 0.21550990166576756
3.3075201030713073, 0.21697614111254815
3.3102314937968123, 0.21697614111254815
3.3129428845223177, 0.21844238055932863
3.315654275247823, 0.21844238055932863
3.3183656659733285, 0.21990862000610922
3.321077056698834, 0.22137485945288982
3.323788447424339, 0.2228410988996704
3.3264998381498447, 0.224307338346451
3.3292112288753497, 0.2257735777932316
3.3292112288753497, 0.224307338346451
3.331922619600855, 0.2272398172400122
3.3346340103263605, 0.22870605668679267
3.3373454010518655, 0.22870605668679267
3.3400567917773714, 0.23017229613357326
3.3427681825028763, 0.23017229613357326
3.3454795732283817, 0.23163853558035385
3.348190963953887, 0.23310477502713445
3.3509023546793926, 0.23457101447391504
3.353613745404898, 0.23603725392069563
3.356325136130403, 0.23603725392069563
3.359036526855909, 0.23750349336747623
3.361747917581414, 0.23750349336747623
3.364459308306919, 0.23896973281425682
3.3671706990324246, 0.23896973281425682
3.3698820897579296, 0.23896973281425682
3.3725934804834354, 0.2404359722610373
3.3753048712089404, 0.2404359722610373
3.378016261934446, 0.2404359722610373
3.3807276526599512, 0.2419022117078179
3.3834390433854566, 0.2419022117078179
3.386150434110962, 0.2433684511545985
3.388861824836467, 0.2433684511545985
3.391573215561973, 0.24483469060137908
3.394284606287478, 0.24483469060137908
3.3969959970129833, 0.24483469060137908
3.3997073877384887, 0.24630093004815967
3.4024187784639937, 0.24630093004815967
3.4051301691894995, 0.24630093004815967
3.4078415599150045, 0.24630093004815967
3.41055295064051, 0.24630093004815967
3.4132643413660153, 0.24630093004815967
3.4159757320915207, 0.24630093004815967
3.418687122817026, 0.24776716949494026
3.418687122817026, 0.24630093004815967
3.421398513542531, 0.24923340894172086
3.421398513542531, 0.24776716949494026
3.421398513542531, 0.24630093004815967
3.424109904268037, 0.25069964838850134
3.424109904268037, 0.24923340894172086
3.426821294993542, 0.25069964838850134
3.4295326857190473, 0.25216588783528193
3.4295326857190473, 0.25069964838850134
3.4322440764445528, 0.2536321272820625
3.4322440764445528, 0.25216588783528193
3.434955467170058, 0.2550983667288431
3.434955467170058, 0.2536321272820625
3.4376668578955636, 0.2565646061756237
3.4376668578955636, 0.2550983667288431
3.4403782486210686, 0.2580308456224043
3.4403782486210686, 0.2565646061756237
3.443089639346574, 0.2609633245159654
3.443089639346574, 0.2594970850691849
3.443089639346574, 0.2580308456224043
3.4458010300720794, 0.26242956396274597
3.4458010300720794, 0.2609633245159654
3.448512420797585, 0.26242956396274597
3.448512420797585, 0.2609633245159654
3.45122381152309, 0.26389580340952656
3.45122381152309, 0.26242956396274597
3.4539352022485956, 0.26389580340952656
3.4539352022485956, 0.26242956396274597
3.4566465929741006, 0.26536204285630716
3.4566465929741006, 0.26389580340952656
3.459357983699606, 0.26536204285630716
3.459357983699606, 0.26389580340952656
3.4620693744251114, 0.26682828230308775
3.464780765150617, 0.26829452174986834
3.4674921558761223, 0.26976076119664893
3.4702035466016277, 0.26976076119664893
3.4729149373271326, 0.2712270006434294
3.475626328052638, 0.27269324009021
3.4783377187781435, 0.2741594795369906
3.481049109503649, 0.2756257189837712
3.4837605002291543, 0.2756257189837712
3.4864718909546597, 0.2770919584305518
3.4891832816801647, 0.2770919584305518
3.49189467240567, 0.2785581978773324
3.4946060631311755, 0.2785581978773324
3.497317453856681, 0.28149067677089357
3.497317453856681, 0.280024437324113
3.5000288445821863, 0.28295691621767405
3.5027402353076917, 0.28442315566445464
3.5054516260331967, 0.28588939511123523
3.508163016758702, 0.2888218740047964
3.508163016758702, 0.2873556345580158
3.5108744074842075, 0.290288113451577
3.513585798209713, 0.2932205923451381
3.513585798209713, 0.2917543528983576
3.5162971889352184, 0.29761931068547987
3.5162971889352184, 0.2961530712386993
3.5162971889352184, 0.2946868317919187
3.519008579660724, 0.30055178957904105
3.519008579660724, 0.29908555013226046
3.521719970386229, 0.3034842684726021
3.521719970386229, 0.30201802902582164
3.524431361111734, 0.3064167473661633
3.524431361111734, 0.3049505079193827
3.5271427518372396, 0.3093492262597245
3.5271427518372396, 0.3078829868129439
3.529854142562745, 0.3108154657065051
3.5325655332882504, 0.3137479446000663
3.5325655332882504, 0.3122817051532857
3.535276924013756, 0.31521418404684676
3.5379883147392612, 0.31668042349362735
3.540699705464766, 0.31814666294040794
3.5434110961902716, 0.32107914183396913
3.5434110961902716, 0.31961290238718854
3.546122486915777, 0.3225453812807497
3.5488338776412824, 0.3240116207275303
3.5488338776412824, 0.3225453812807497
3.551545268366788, 0.3254778601743108
3.551545268366788, 0.3240116207275303
3.5542566590922933, 0.328410339067872
3.5542566590922933, 0.3269440996210914
3.5542566590922933, 0.3254778601743108
3.5569680498177982, 0.3298765785146526
3.5569680498177982, 0.328410339067872
3.5596794405433037, 0.33280905740821376
3.5596794405433037, 0.33134281796143317
3.562390831268809, 0.3342752968549943
3.562390831268809, 0.33280905740821376
3.5651022219943145, 0.338674015195336
3.5651022219943145, 0.3372077757485555
3.5651022219943145, 0.3357415363017749
3.56781361271982, 0.338674015195336
3.56781361271982, 0.3372077757485555
3.56781361271982, 0.3357415363017749
3.5705250034453253, 0.3401402546421166
3.5732363941708303, 0.3416064940888972
3.5759477848963357, 0.3430727335356778
3.578659175621841, 0.34453897298245834
