1.6101895089049636, 0.5630086505527645
1.6101895089049636, 0.5615424111059839
1.6101895089049636, 0.5600761716592033
1.6101895089049636, 0.5586099322124227
1.612900899630469, 0.5630086505527645
1.612900899630469, 0.5615424111059839
1.612900899630469, 0.5600761716592033
1.612900899630469, 0.5586099322124227
1.6156122903559744, 0.5615424111059839
1.6156122903559744, 0.5600761716592033
1.6156122903559744, 0.5586099322124227
1.6156122903559744, 0.5571436927656421
1.6156122903559744, 0.5556774533188615
1.6156122903559744, 0.5542112138720809
1.6156122903559744, 0.5527449744253004
1.6156122903559744, 0.5512787349785198
1.6156122903559744, 0.5498124955317392
1.6183236810814796, 0.5586099322124227
1.6183236810814796, 0.5571436927656421
1.6183236810814796, 0.5556774533188615
1.6183236810814796, 0.5542112138720809
1.6183236810814796, 0.5527449744253004
1.6183236810814796, 0.5512787349785198
1.621035071806985, 0.5571436927656421
1.621035071806985, 0.5556774533188615
1.621035071806985, 0.5542112138720809
1.621035071806985, 0.5527449744253004
1.6237464625324904, 0.5556774533188615
1.6237464625324904, 0.5542112138720809
1.6237464625324904, 0.5527449744253004
1.6237464625324904, 0.5512787349785198
1.6237464625324904, 0.5498124955317392
1.6264578532579956, 0.5512787349785198
1.6264578532579956, 0.5498124955317392
1.6264578532579956, 0.5483462560849586
1.6264578532579956, 0.5468800166381781
1.629169243983501, 0.5527449744253004
1.629169243983501, 0.5512787349785198
1.629169243983501, 0.5498124955317392
1.629169243983501, 0.5483462560849586
1.6318806347090065, 0.5498124955317392
1.6318806347090065, 0.5483462560849586
1.6318806347090065, 0.5468800166381781
1.6345920254345117, 0.5483462560849586
1.6345920254345117, 0.5468800166381781
1.637303416160017, 0.5468800166381781
1.637303416160017, 0.5454137771913975
1.6400148068855225, 0.5454137771913975
1.6400148068855225, 0.5439475377446169
1.6427261976110277, 0.5454137771913975
1.6427261976110277, 0.5439475377446169
1.6427261976110277, 0.5424812982978363
1.645437588336533, 0.5439475377446169
1.645437588336533, 0.5424812982978363
1.645437588336533, 0.5410150588510558
1.6481489790620385, 0.5424812982978363
1.6481489790620385, 0.5410150588510558
1.6481489790620385, 0.5395488194042752
1.6508603697875437, 0.5410150588510558
1.6508603697875437, 0.5395488194042752
1.6508603697875437, 0.5380825799574946
1.653571760513049, 0.5410150588510558
1.653571760513049, 0.5395488194042752
1.653571760513049, 0.5380825799574946
1.6562831512385545, 0.5380825799574946
1.6562831512385545, 0.536616340510714
1.6589945419640597, 0.5395488194042752
1.6589945419640597, 0.5380825799574946
1.6589945419640597, 0.536616340510714
1.6617059326895651, 0.5380825799574946
1.6617059326895651, 0.536616340510714
1.6617059326895651, 0.5351501010639335
1.6644173234150705, 0.536616340510714
1.6644173234150705, 0.5351501010639335
1.6644173234150705, 0.5336838616171529
1.667128714140576, 0.5351501010639335
1.667128714140576, 0.5336838616171529
1.667128714140576, 0.5322176221703723
1.6698401048660811, 0.5351501010639335
1.6698401048660811, 0.5336838616171529
1.6698401048660811, 0.5322176221703723
1.6725514955915866, 0.5351501010639335
1.6725514955915866, 0.5336838616171529
1.6725514955915866, 0.5322176221703723
1.6752628863170917, 0.5336838616171529
1.6752628863170917, 0.5322176221703723
1.6752628863170917, 0.5307513827235917
1.6752628863170917, 0.5292851432768111
1.6779742770425972, 0.5336838616171529
1.6779742770425972, 0.5322176221703723
1.6779742770425972, 0.5307513827235917
1.6806856677681026, 0.5322176221703723
1.6806856677681026, 0.5307513827235917
1.683397058493608, 0.5322176221703723
1.683397058493608, 0.5307513827235917
1.6861084492191132, 0.5322176221703723
1.6861084492191132, 0.5307513827235917
1.6888198399446186, 0.5307513827235917
1.6888198399446186, 0.5292851432768111
1.6915312306701238, 0.5307513827235917
1.6915312306701238, 0.5292851432768111
1.6942426213956292, 0.5307513827235917
1.6942426213956292, 0.5292851432768111
1.6942426213956292, 0.5278189038300305
1.6969540121211346, 0.5322176221703723
1.6969540121211346, 0.5307513827235917
1.6969540121211346, 0.5292851432768111
1.6969540121211346, 0.5278189038300305
1.69966540284664, 0.5307513827235917
1.69966540284664, 0.5292851432768111
1.69966540284664, 0.5278189038300305
1.7023767935721452, 0.5307513827235917
1.7023767935721452, 0.5292851432768111
1.7023767935721452, 0.5278189038300305
1.7050881842976506, 0.5307513827235917
1.7050881842976506, 0.5292851432768111
1.7077995750231558, 0.5307513827235917
1.7077995750231558, 0.5292851432768111
1.7105109657486612, 0.5307513827235917
1.7105109657486612, 0.5292851432768111
1.7132223564741667, 0.5307513827235917
1.7132223564741667, 0.5292851432768111
1.715933747199672, 0.5292851432768111
1.715933747199672, 0.5278189038300305
1.7186451379251773, 0.5278189038300305
1.7186451379251773, 0.5263526643832499
1.7213565286506827, 0.5278189038300305
1.7213565286506827, 0.5263526643832499
1.7213565286506827, 0.5248864249364694
1.7240679193761879, 0.5292851432768111
1.7240679193761879, 0.5278189038300305
1.7240679193761879, 0.5263526643832499
1.7240679193761879, 0.5248864249364694
1.7240679193761879, 0.5234201854896888
1.7240679193761879, 0.5219539460429082
1.7240679193761879, 0.5204877065961278
1.7267793101016933, 0.5263526643832499
1.7267793101016933, 0.5248864249364694
1.7267793101016933, 0.5234201854896888
1.7267793101016933, 0.5219539460429082
1.7294907008271987, 0.5263526643832499
1.7294907008271987, 0.5248864249364694
1.7294907008271987, 0.5234201854896888
1.732202091552704, 0.5263526643832499
1.732202091552704, 0.5248864249364694
1.732202091552704, 0.5234201854896888
1.732202091552704, 0.5219539460429082
1.732202091552704, 0.5204877065961278
1.7349134822782093, 0.5263526643832499
1.7349134822782093, 0.5248864249364694
1.7349134822782093, 0.5234201854896888
1.7349134822782093, 0.5219539460429082
1.7349134822782093, 0.5204877065961278
1.7376248730037147, 0.5263526643832499
1.7376248730037147, 0.5248864249364694
1.7376248730037147, 0.5234201854896888
1.7376248730037147, 0.5219539460429082
1.74033626372922, 0.5263526643832499
1.74033626372922, 0.5248864249364694
1.74033626372922, 0.5234201854896888
1.74033626372922, 0.5219539460429082
1.7430476544547253, 0.5248864249364694
1.7430476544547253, 0.5234201854896888
1.7430476544547253, 0.5219539460429082
1.7430476544547253, 0.5204877065961278
1.7457590451802307, 0.5234201854896888
1.7457590451802307, 0.5219539460429082
1.7457590451802307, 0.5204877065961278
1.7457590451802307, 0.5190214671493472
1.7484704359057361, 0.5248864249364694
1.7484704359057361, 0.5234201854896888
1.7484704359057361, 0.5219539460429082
1.7484704359057361, 0.5204877065961278
1.7484704359057361, 0.5190214671493472
1.7511818266312413, 0.5248864249364694
1.7511818266312413, 0.5234201854896888
1.7511818266312413, 0.5219539460429082
1.7511818266312413, 0.5204877065961278
1.7538932173567467, 0.5248864249364694
1.7538932173567467, 0.5234201854896888
1.7538932173567467, 0.5219539460429082
1.756604608082252, 0.5248864249364694
1.756604608082252, 0.5234201854896888
1.756604608082252, 0.5219539460429082
1.7593159988077574, 0.5234201854896888
1.7593159988077574, 0.5219539460429082
1.7593159988077574, 0.5204877065961278
1.7620273895332628, 0.5234201854896888
1.7620273895332628, 0.5219539460429082
1.7620273895332628, 0.5204877065961278
1.7647387802587682, 0.5234201854896888
1.7647387802587682, 0.5219539460429082
1.7647387802587682, 0.5204877065961278
1.7674501709842734, 0.5234201854896888
1.7674501709842734, 0.5219539460429082
1.7674501709842734, 0.5204877065961278
1.7674501709842734, 0.5190214671493472
1.7701615617097788, 0.5219539460429082
1.7701615617097788, 0.5204877065961278
1.7701615617097788, 0.5190214671493472
1.7728729524352842, 0.5204877065961278
1.7728729524352842, 0.5190214671493472
1.7755843431607894, 0.5219539460429082
1.7755843431607894, 0.5204877065961278
1.7755843431607894, 0.5190214671493472
1.7782957338862948, 0.5204877065961278
1.7782957338862948, 0.5190214671493472
1.7810071246118002, 0.5204877065961278
1.7810071246118002, 0.5190214671493472
1.7837185153373054, 0.5204877065961278
1.7837185153373054, 0.5190214671493472
1.7864299060628108, 0.5219539460429082
1.7864299060628108, 0.5204877065961278
1.7864299060628108, 0.5190214671493472
1.7891412967883162, 0.5234201854896888
1.7891412967883162, 0.5219539460429082
1.7891412967883162, 0.5204877065961278
1.7891412967883162, 0.5190214671493472
1.7918526875138214, 0.5204877065961278
1.7918526875138214, 0.5190214671493472
1.7945640782393268, 0.5219539460429082
1.7945640782393268, 0.5204877065961278
1.7945640782393268, 0.5190214671493472
1.7972754689648323, 0.5234201854896888
1.7972754689648323, 0.5219539460429082
1.7972754689648323, 0.5204877065961278
1.7972754689648323, 0.5190214671493472
1.7999868596903377, 0.5204877065961278
1.7999868596903377, 0.5190214671493472
1.8026982504158429, 0.5204877065961278
1.8026982504158429, 0.5190214671493472
1.8054096411413483, 0.5204877065961278
1.8054096411413483, 0.5190214671493472
1.8081210318668535, 0.5204877065961278
1.8081210318668535, 0.5190214671493472
1.8108324225923589, 0.5190214671493472
1.8108324225923589, 0.5175552277025666
1.8135438133178643, 0.5190214671493472
1.8135438133178643, 0.5175552277025666
1.8162552040433697, 0.5204877065961278
1.8162552040433697, 0.5190214671493472
1.8162552040433697, 0.5175552277025666
1.818966594768875, 0.5204877065961278
1.818966594768875, 0.5190214671493472
1.818966594768875, 0.5175552277025666
1.8216779854943803, 0.5204877065961278
1.8216779854943803, 0.5190214671493472
1.8216779854943803, 0.5175552277025666
1.8216779854943803, 0.516088988255786
1.8243893762198855, 0.5204877065961278
1.8243893762198855, 0.5190214671493472
1.8243893762198855, 0.5175552277025666
1.8243893762198855, 0.516088988255786
1.827100766945391, 0.5204877065961278
1.827100766945391, 0.5190214671493472
1.827100766945391, 0.5175552277025666
1.8298121576708963, 0.5204877065961278
1.8298121576708963, 0.5190214671493472
1.8298121576708963, 0.5175552277025666
1.8325235483964017, 0.5204877065961278
1.8325235483964017, 0.5190214671493472
1.835234939121907, 0.5204877065961278
1.835234939121907, 0.5190214671493472
1.8379463298474124, 0.5204877065961278
1.8379463298474124, 0.5190214671493472
1.8406577205729175, 0.5190214671493472
1.8406577205729175, 0.5175552277025666
1.843369111298423, 0.5190214671493472
1.843369111298423, 0.5175552277025666
1.843369111298423, 0.516088988255786
1.8460805020239284, 0.5190214671493472
1.8460805020239284, 0.5175552277025666
1.8460805020239284, 0.516088988255786
1.8487918927494338, 0.5175552277025666
1.8487918927494338, 0.516088988255786
1.851503283474939, 0.5175552277025666
1.851503283474939, 0.516088988255786
1.8542146742004444, 0.5175552277025666
1.8542146742004444, 0.516088988255786
1.8569260649259496, 0.5175552277025666
1.8569260649259496, 0.516088988255786
1.859637455651455, 0.5190214671493472
1.859637455651455, 0.5175552277025666
1.859637455651455, 0.516088988255786
1.8623488463769604, 0.5190214671493472
1.8623488463769604, 0.5175552277025666
1.8623488463769604, 0.516088988255786
1.8650602371024658, 0.5190214671493472
1.8650602371024658, 0.5175552277025666
1.8650602371024658, 0.516088988255786
1.867771627827971, 0.5190214671493472
1.867771627827971, 0.5175552277025666
1.867771627827971, 0.516088988255786
1.867771627827971, 0.5146227488090054
1.8704830185534764, 0.516088988255786
1.8704830185534764, 0.5146227488090054
1.8731944092789816, 0.516088988255786
1.8731944092789816, 0.5146227488090054
1.875905800004487, 0.5175552277025666
1.875905800004487, 0.516088988255786
1.875905800004487, 0.5146227488090054
1.8786171907299924, 0.5175552277025666
1.8786171907299924, 0.516088988255786
1.8786171907299924, 0.5146227488090054
1.8813285814554979, 0.516088988255786
1.8813285814554979, 0.5146227488090054
1.8813285814554979, 0.5131565093622248
1.884039972181003, 0.516088988255786
1.884039972181003, 0.5146227488090054
1.884039972181003, 0.5131565093622248
1.8867513629065085, 0.516088988255786
1.8867513629065085, 0.5146227488090054
1.8867513629065085, 0.5131565093622248
1.8894627536320137, 0.516088988255786
1.8894627536320137, 0.5146227488090054
1.8894627536320137, 0.5131565093622248
1.892174144357519, 0.516088988255786
1.892174144357519, 0.5146227488090054
1.892174144357519, 0.5131565093622248
1.8948855350830245, 0.5146227488090054
1.8948855350830245, 0.5131565093622248
1.89759692580853, 0.516088988255786
1.89759692580853, 0.5146227488090054
1.89759692580853, 0.5131565093622248
1.900308316534035, 0.5146227488090054
1.900308316534035, 0.5131565093622248
1.9030197072595405, 0.5146227488090054
1.9030197072595405, 0.5131565093622248
1.9030197072595405, 0.5116902699154442
1.9030197072595405, 0.5102240304686636
1.9057310979850457, 0.5146227488090054
1.9057310979850457, 0.5131565093622248
1.9057310979850457, 0.5116902699154442
1.9057310979850457, 0.5102240304686636
1.9057310979850457, 0.508757791021883
1.908442488710551, 0.5102240304686636
1.908442488710551, 0.508757791021883
1.9111538794360565, 0.508757791021883
1.9111538794360565, 0.5072915515751024
1.9165766608870671, 0.5116902699154442
1.9165766608870671, 0.5102240304686636
1.9165766608870671, 0.508757791021883
1.9165766608870671, 0.5072915515751024
1.9192880516125725, 0.5102240304686636
1.9192880516125725, 0.508757791021883
1.9192880516125725, 0.5072915515751024
1.9219994423380777, 0.508757791021883
1.9274222237890886, 0.508757791021883
1.9274222237890886, 0.5072915515751024
1.930133614514594, 0.5102240304686636
1.930133614514594, 0.508757791021883
1.930133614514594, 0.5072915515751024
1.9328450052400994, 0.5102240304686636
1.9328450052400994, 0.508757791021883
1.9355563959656046, 0.5116902699154442
1.9355563959656046, 0.5102240304686636
1.9355563959656046, 0.508757791021883
1.9382677866911098, 0.5102240304686636
1.9382677866911098, 0.508757791021883
1.9409791774166152, 0.5102240304686636
1.9409791774166152, 0.508757791021883
1.9436905681421206, 0.5102240304686636
1.9436905681421206, 0.508757791021883
1.946401958867626, 0.5102240304686636
1.946401958867626, 0.508757791021883
1.9491133495931314, 0.508757791021883
1.9491133495931314, 0.5072915515751024
1.9518247403186366, 0.508757791021883
1.9518247403186366, 0.5072915515751024
1.9545361310441418, 0.5102240304686636
1.9545361310441418, 0.508757791021883
1.9572475217696472, 0.5102240304686636
1.9572475217696472, 0.508757791021883
1.9599589124951526, 0.5102240304686636
1.9599589124951526, 0.508757791021883
1.962670303220658, 0.5102240304686636
1.962670303220658, 0.508757791021883
1.9653816939461635, 0.5102240304686636
1.9653816939461635, 0.508757791021883
1.9653816939461635, 0.5072915515751024
1.9680930846716687, 0.5102240304686636
1.9680930846716687, 0.508757791021883
1.9680930846716687, 0.5072915515751024
1.9708044753971738, 0.5102240304686636
1.9708044753971738, 0.508757791021883
1.9735158661226793, 0.5116902699154442
1.9735158661226793, 0.5102240304686636
1.9762272568481847, 0.5116902699154442
1.9762272568481847, 0.5102240304686636
1.97893864757369, 0.5116902699154442
1.97893864757369, 0.5102240304686636
1.9816500382991955, 0.5102240304686636
1.9816500382991955, 0.508757791021883
1.9843614290247007, 0.5102240304686636
1.9843614290247007, 0.508757791021883
1.9870728197502059, 0.5116902699154442
1.9870728197502059, 0.5102240304686636
1.9897842104757113, 0.5131565093622248
1.9897842104757113, 0.5116902699154442
1.9897842104757113, 0.5102240304686636
1.9924956012012167, 0.5131565093622248
1.9924956012012167, 0.5116902699154442
1.9952069919267221, 0.5131565093622248
1.9952069919267221, 0.5116902699154442
1.9979183826522275, 0.5146227488090054
1.9979183826522275, 0.5131565093622248
1.9979183826522275, 0.5116902699154442
2.0006297733777325, 0.5131565093622248
2.0006297733777325, 0.5116902699154442
2.0033411641032384, 0.5131565093622248
2.0033411641032384, 0.5116902699154442
2.0033411641032384, 0.5102240304686636
2.0060525548287433, 0.5116902699154442
2.0060525548287433, 0.5102240304686636
2.0060525548287433, 0.508757791021883
2.0060525548287433, 0.5072915515751024
2.0060525548287433, 0.5058253121283218
2.0087639455542488, 0.5116902699154442
2.0087639455542488, 0.5102240304686636
2.0087639455542488, 0.508757791021883
2.0087639455542488, 0.5072915515751024
2.011475336279754, 0.5131565093622248
2.011475336279754, 0.5116902699154442
2.016898117730765, 0.5131565093622248
2.016898117730765, 0.5116902699154442
2.016898117730765, 0.5102240304686636
2.016898117730765, 0.508757791021883
2.01960950845627, 0.5116902699154442
2.01960950845627, 0.5102240304686636
2.01960950845627, 0.508757791021883
2.0223208991817754, 0.5102240304686636
2.0223208991817754, 0.508757791021883
2.025032289907281, 0.5116902699154442
2.025032289907281, 0.5102240304686636
2.025032289907281, 0.508757791021883
2.027743680632786, 0.5116902699154442
2.027743680632786, 0.5102240304686636
2.027743680632786, 0.508757791021883
2.0304550713582916, 0.5116902699154442
2.0304550713582916, 0.5102240304686636
2.0304550713582916, 0.508757791021883
2.0331664620837966, 0.5116902699154442
2.0331664620837966, 0.5102240304686636
2.0331664620837966, 0.508757791021883
2.0358778528093024, 0.5116902699154442
2.0358778528093024, 0.5102240304686636
2.0385892435348074, 0.5131565093622248
2.0385892435348074, 0.5116902699154442
2.0385892435348074, 0.5102240304686636
2.0385892435348074, 0.508757791021883
2.041300634260313, 0.5116902699154442
2.041300634260313, 0.5102240304686636
2.041300634260313, 0.508757791021883
2.0440120249858182, 0.5102240304686636
2.0440120249858182, 0.508757791021883
2.0467234157113237, 0.5102240304686636
2.0467234157113237, 0.508757791021883
2.049434806436829, 0.5116902699154442
2.049434806436829, 0.5102240304686636
2.049434806436829, 0.508757791021883
2.052146197162334, 0.5116902699154442
2.052146197162334, 0.5102240304686636
2.052146197162334, 0.508757791021883
2.052146197162334, 0.5072915515751024
2.0548575878878395, 0.508757791021883
2.0548575878878395, 0.5072915515751024
2.057568978613345, 0.5102240304686636
2.057568978613345, 0.508757791021883
2.057568978613345, 0.5072915515751024
2.0602803693388503, 0.5116902699154442
2.0602803693388503, 0.5102240304686636
2.0602803693388503, 0.508757791021883
2.0629917600643557, 0.5131565093622248
2.0629917600643557, 0.5116902699154442
2.0629917600643557, 0.5102240304686636
2.0629917600643557, 0.508757791021883
2.0629917600643557, 0.5072915515751024
2.0657031507898607, 0.5102240304686636
2.0657031507898607, 0.508757791021883
2.0657031507898607, 0.5072915515751024
2.0657031507898607, 0.5058253121283218
2.0684145415153665, 0.5102240304686636
2.0684145415153665, 0.508757791021883
2.0684145415153665, 0.5072915515751024
2.0684145415153665, 0.5058253121283218
2.0684145415153665, 0.5043590726815413
2.0711259322408715, 0.5102240304686636
2.0711259322408715, 0.508757791021883
2.0711259322408715, 0.5072915515751024
2.0711259322408715, 0.5058253121283218
2.073837322966377, 0.5102240304686636
2.073837322966377, 0.508757791021883
2.073837322966377, 0.5072915515751024
2.0765487136918823, 0.5102240304686636
2.0765487136918823, 0.508757791021883
2.0765487136918823, 0.5072915515751024
2.0792601044173877, 0.5072915515751024
2.0792601044173877, 0.5058253121283218
2.081971495142893, 0.5072915515751024
2.081971495142893, 0.5058253121283218
2.084682885868398, 0.5072915515751024
2.084682885868398, 0.5058253121283218
2.0873942765939035, 0.5072915515751024
2.0873942765939035, 0.5058253121283218
2.090105667319409, 0.508757791021883
2.090105667319409, 0.5072915515751024
2.0928170580449144, 0.5102240304686636
2.0928170580449144, 0.508757791021883
2.0928170580449144, 0.5072915515751024
2.0955284487704198, 0.508757791021883
2.0955284487704198, 0.5072915515751024
2.098239839495925, 0.508757791021883
2.098239839495925, 0.5072915515751024
2.1009512302214306, 0.5102240304686636
2.1009512302214306, 0.508757791021883
2.1009512302214306, 0.5072915515751024
2.1036626209469356, 0.5102240304686636
2.1036626209469356, 0.508757791021883
2.1036626209469356, 0.5072915515751024
2.106374011672441, 0.508757791021883
2.106374011672441, 0.5072915515751024
2.1090854023979464, 0.508757791021883
2.1090854023979464, 0.5072915515751024
2.111796793123452, 0.508757791021883
2.111796793123452, 0.5072915515751024
2.1145081838489572, 0.5072915515751024
2.1145081838489572, 0.5058253121283218
2.117219574574462, 0.5072915515751024
2.117219574574462, 0.5058253121283218
2.1199309652999676, 0.5072915515751024
2.1199309652999676, 0.5058253121283218
2.122642356025473, 0.5072915515751024
2.122642356025473, 0.5058253121283218
2.1253537467509784, 0.5072915515751024
2.1253537467509784, 0.5058253121283218
2.128065137476484, 0.508757791021883
2.128065137476484, 0.5072915515751024
2.128065137476484, 0.5058253121283218
2.1307765282019893, 0.5072915515751024
2.1307765282019893, 0.5058253121283218
2.1334879189274947, 0.5072915515751024
2.1334879189274947, 0.5058253121283218
2.1361993096529996, 0.5072915515751024
2.1361993096529996, 0.5058253121283218
2.1361993096529996, 0.5043590726815413
2.138910700378505, 0.5058253121283218
2.138910700378505, 0.5043590726815413
2.1416220911040105, 0.5058253121283218
2.1416220911040105, 0.5043590726815413
2.144333481829516, 0.5058253121283218
2.144333481829516, 0.5043590726815413
2.1470448725550213, 0.5058253121283218
2.1470448725550213, 0.5043590726815413
2.1497562632805263, 0.5058253121283218
2.1497562632805263, 0.5043590726815413
2.1524676540060317, 0.5058253121283218
2.1524676540060317, 0.5043590726815413
2.155179044731537, 0.5072915515751024
2.155179044731537, 0.5058253121283218
2.155179044731537, 0.5043590726815413
2.1578904354570425, 0.5072915515751024
2.1578904354570425, 0.5058253121283218
2.160601826182548, 0.5072915515751024
2.160601826182548, 0.5058253121283218
2.160601826182548, 0.5043590726815413
2.1633132169080533, 0.5058253121283218
2.1633132169080533, 0.5043590726815413
2.1660246076335588, 0.5058253121283218
2.1660246076335588, 0.5043590726815413
2.1687359983590637, 0.5072915515751024
2.1687359983590637, 0.5058253121283218
2.1687359983590637, 0.5043590726815413
2.171447389084569, 0.5072915515751024
2.171447389084569, 0.5058253121283218
2.171447389084569, 0.5043590726815413
2.1741587798100745, 0.5058253121283218
2.1741587798100745, 0.5043590726815413
2.17687017053558, 0.5058253121283218
2.17687017053558, 0.5043590726815413
2.1795815612610854, 0.5072915515751024
2.1795815612610854, 0.5058253121283218
2.1795815612610854, 0.5043590726815413
2.1822929519865903, 0.5072915515751024
2.1822929519865903, 0.5058253121283218
2.185004342712096, 0.508757791021883
2.185004342712096, 0.5072915515751024
2.185004342712096, 0.5058253121283218
2.187715733437601, 0.5072915515751024
2.187715733437601, 0.5058253121283218
2.1904271241631066, 0.5072915515751024
2.1904271241631066, 0.5058253121283218
2.193138514888612, 0.5072915515751024
2.193138514888612, 0.5058253121283218
2.1958499056141174, 0.508757791021883
2.1958499056141174, 0.5058253121283218
2.198561296339623, 0.508757791021883
2.198561296339623, 0.5072915515751024
2.201272687065128, 0.508757791021883
2.201272687065128, 0.5072915515751024
2.203984077790633, 0.5072915515751024
2.203984077790633, 0.5058253121283218
2.2066954685161386, 0.5072915515751024
2.2066954685161386, 0.5058253121283218
2.209406859241644, 0.5072915515751024
2.209406859241644, 0.5058253121283218
2.2121182499671495, 0.5072915515751024
2.2121182499671495, 0.5058253121283218
2.2148296406926544, 0.508757791021883
2.2148296406926544, 0.5072915515751024
2.2148296406926544, 0.5058253121283218
2.2175410314181603, 0.5072915515751024
2.2175410314181603, 0.5058253121283218
2.2202524221436652, 0.5072915515751024
2.2202524221436652, 0.5058253121283218
2.2229638128691707, 0.5072915515751024
2.2229638128691707, 0.5058253121283218
2.225675203594676, 0.508757791021883
2.225675203594676, 0.5072915515751024
2.2283865943201815, 0.508757791021883
2.2283865943201815, 0.5072915515751024
2.231097985045687, 0.5072915515751024
2.231097985045687, 0.5058253121283218
2.233809375771192, 0.5058253121283218
2.233809375771192, 0.5043590726815413
2.2365207664966973, 0.5058253121283218
2.2365207664966973, 0.5043590726815413
2.2392321572222027, 0.5058253121283218
2.2392321572222027, 0.5043590726815413
2.241943547947708, 0.5072915515751024
2.241943547947708, 0.5058253121283218
2.241943547947708, 0.5043590726815413
2.2446549386732135, 0.5058253121283218
2.2446549386732135, 0.5043590726815413
2.2473663293987185, 0.5043590726815413
2.2473663293987185, 0.5028928332347607
2.2500777201242244, 0.5043590726815413
2.2500777201242244, 0.5028928332347607
2.2527891108497293, 0.5058253121283218
2.2527891108497293, 0.5043590726815413
2.2527891108497293, 0.5028928332347607
2.2555005015752347, 0.5058253121283218
2.2555005015752347, 0.5043590726815413
2.25821189230074, 0.5058253121283218
2.25821189230074, 0.5043590726815413
2.2609232830262456, 0.5043590726815413
2.263634673751751, 0.5043590726815413
2.263634673751751, 0.5014265937879802
2.266346064477256, 0.5028928332347607
2.266346064477256, 0.5014265937879802
2.2690574552027614, 0.5028928332347607
2.2717688459282668, 0.5028928332347607
2.274480236653772, 0.5028928332347607
2.274480236653772, 0.5014265937879802
2.2771916273792776, 0.5014265937879802
2.279903018104783, 0.5014265937879802
2.279903018104783, 0.498494114894419
2.2826144088302884, 0.49996035434119956
2.2853257995557934, 0.498494114894419
2.288037190281299, 0.49996035434119956
2.288037190281299, 0.498494114894419
2.2907485810068042, 0.49996035434119956
2.2907485810068042, 0.498494114894419
2.2934599717323096, 0.49996035434119956
2.2934599717323096, 0.498494114894419
2.2934599717323096, 0.49702787544763843
2.296171362457815, 0.498494114894419
2.296171362457815, 0.49702787544763843
2.29888275318332, 0.498494114894419
2.29888275318332, 0.49702787544763843
2.3015941439088254, 0.49996035434119956
2.3015941439088254, 0.498494114894419
2.3015941439088254, 0.49702787544763843
2.304305534634331, 0.49996035434119956
2.304305534634331, 0.498494114894419
2.304305534634331, 0.49702787544763843
2.3070169253598363, 0.498494114894419
2.3070169253598363, 0.49702787544763843
2.3097283160853417, 0.498494114894419
2.3097283160853417, 0.49702787544763843
2.3097283160853417, 0.49556163600085784
2.312439706810847, 0.49702787544763843
2.312439706810847, 0.49556163600085784
2.312439706810847, 0.49409539655407725
2.3151510975363525, 0.498494114894419
2.3151510975363525, 0.49702787544763843
2.3151510975363525, 0.49556163600085784
2.3178624882618575, 0.498494114894419
2.3178624882618575, 0.49702787544763843
2.320573878987363, 0.498494114894419
2.320573878987363, 0.49702787544763843
2.3232852697128683, 0.498494114894419
2.3232852697128683, 0.49702787544763843
2.3259966604383737, 0.498494114894419
2.3259966604383737, 0.49702787544763843
2.3259966604383737, 0.49556163600085784
2.328708051163879, 0.49702787544763843
2.328708051163879, 0.49556163600085784
2.331419441889384, 0.49702787544763843
2.331419441889384, 0.49556163600085784
2.3341308326148895, 0.498494114894419
2.3341308326148895, 0.49702787544763843
2.3341308326148895, 0.49556163600085784
2.336842223340395, 0.498494114894419
2.336842223340395, 0.49702787544763843
2.3395536140659003, 0.498494114894419
2.3395536140659003, 0.49702787544763843
2.3422650047914058, 0.49996035434119956
2.3422650047914058, 0.498494114894419
2.3422650047914058, 0.49702787544763843
2.344976395516911, 0.498494114894419
2.344976395516911, 0.49702787544763843
2.3476877862424166, 0.498494114894419
2.3476877862424166, 0.49702787544763843
2.3503991769679216, 0.498494114894419
2.3503991769679216, 0.49702787544763843
2.353110567693427, 0.49702787544763843
2.3558219584189324, 0.498494114894419
2.3558219584189324, 0.49702787544763843
2.358533349144438, 0.49702787544763843
2.358533349144438, 0.49556163600085784
2.361244739869943, 0.49702787544763843
2.361244739869943, 0.49556163600085784
2.363956130595448, 0.49702787544763843
2.363956130595448, 0.49556163600085784
2.366667521320954, 0.498494114894419
2.366667521320954, 0.49702787544763843
2.369378912046459, 0.498494114894419
2.369378912046459, 0.49702787544763843
2.3720903027719644, 0.498494114894419
2.3720903027719644, 0.49702787544763843
2.37480169349747, 0.49702787544763843
2.37480169349747, 0.49556163600085784
2.3775130842229752, 0.49556163600085784
2.3775130842229752, 0.49409539655407725
2.3802244749484807, 0.49556163600085784
2.3802244749484807, 0.49409539655407725
2.3829358656739856, 0.49556163600085784
2.3829358656739856, 0.49409539655407725
2.385647256399491, 0.49702787544763843
2.385647256399491, 0.49556163600085784
2.385647256399491, 0.49409539655407725
2.3883586471249965, 0.49556163600085784
2.3883586471249965, 0.49409539655407725
2.391070037850502, 0.49556163600085784
2.391070037850502, 0.49409539655407725
2.3937814285760073, 0.49556163600085784
2.3937814285760073, 0.49409539655407725
2.3964928193015123, 0.49409539655407725
2.3964928193015123, 0.4926291571072967
2.399204210027018, 0.49409539655407725
2.399204210027018, 0.4926291571072967
2.399204210027018, 0.4911629176605161
2.401915600752523, 0.49556163600085784
2.401915600752523, 0.49409539655407725
2.401915600752523, 0.4926291571072967
2.4046269914780285, 0.49556163600085784
2.4046269914780285, 0.49409539655407725
2.4046269914780285, 0.4926291571072967
2.407338382203534, 0.49409539655407725
2.407338382203534, 0.4926291571072967
2.407338382203534, 0.4911629176605161
2.407338382203534, 0.4896966782137355
2.407338382203534, 0.488230438766955
2.4100497729290393, 0.49409539655407725
2.4100497729290393, 0.4926291571072967
2.4100497729290393, 0.4911629176605161
2.4100497729290393, 0.4896966782137355
2.4127611636545447, 0.49409539655407725
2.4127611636545447, 0.4926291571072967
2.4127611636545447, 0.4911629176605161
2.4154725543800497, 0.49409539655407725
2.4154725543800497, 0.4926291571072967
2.418183945105555, 0.49409539655407725
2.418183945105555, 0.4926291571072967
2.418183945105555, 0.4911629176605161
2.4208953358310605, 0.4926291571072967
2.4208953358310605, 0.4911629176605161
2.423606726556566, 0.4926291571072967
2.423606726556566, 0.4911629176605161
2.423606726556566, 0.4896966782137355
2.4263181172820714, 0.4911629176605161
2.4263181172820714, 0.4896966782137355
2.4290295080075763, 0.4911629176605161
2.4290295080075763, 0.4896966782137355
2.431740898733082, 0.4926291571072967
2.431740898733082, 0.4911629176605161
2.431740898733082, 0.4896966782137355
2.434452289458587, 0.4911629176605161
2.434452289458587, 0.4896966782137355
2.4371636801840926, 0.4911629176605161
2.4371636801840926, 0.4896966782137355
2.439875070909598, 0.4911629176605161
2.439875070909598, 0.4896966782137355
2.4425864616351034, 0.4926291571072967
2.4425864616351034, 0.4911629176605161
2.4425864616351034, 0.4896966782137355
2.445297852360609, 0.4926291571072967
2.445297852360609, 0.4911629176605161
2.445297852360609, 0.4896966782137355
2.445297852360609, 0.488230438766955
2.448009243086114, 0.4896966782137355
2.448009243086114, 0.488230438766955
2.4507206338116196, 0.4896966782137355
2.4507206338116196, 0.488230438766955
2.4534320245371246, 0.4896966782137355
2.4534320245371246, 0.488230438766955
2.45614341526263, 0.4896966782137355
2.45614341526263, 0.488230438766955
2.4588548059881354, 0.4896966782137355
2.4588548059881354, 0.488230438766955
2.4588548059881354, 0.4867641993201744
2.4615661967136404, 0.4867641993201744
2.4642775874391463, 0.4867641993201744
2.4642775874391463, 0.4852979598733938
2.4669889781646512, 0.4867641993201744
2.4669889781646512, 0.4852979598733938
2.4669889781646512, 0.4838317204266132
2.4697003688901566, 0.4867641993201744
2.4697003688901566, 0.4852979598733938
2.472411759615662, 0.4867641993201744
2.4751231503411675, 0.4867641993201744
2.477834541066673, 0.4867641993201744
2.480545931792178, 0.4867641993201744
2.4832573225176837, 0.4867641993201744
2.4859687132431887, 0.488230438766955
2.4859687132431887, 0.4867641993201744
2.488680103968694, 0.4896966782137355
2.488680103968694, 0.488230438766955
2.4913914946941995, 0.4896966782137355
2.4913914946941995, 0.488230438766955
2.4941028854197045, 0.4896966782137355
2.4941028854197045, 0.488230438766955
2.4968142761452103, 0.4896966782137355
2.4968142761452103, 0.488230438766955
2.4995256668707153, 0.488230438766955
2.4995256668707153, 0.4867641993201744
2.5022370575962207, 0.488230438766955
2.5022370575962207, 0.4867641993201744
2.504948448321726, 0.4896966782137355
2.504948448321726, 0.488230438766955
2.504948448321726, 0.4867641993201744
2.5076598390472316, 0.4896966782137355
2.5076598390472316, 0.488230438766955
2.510371229772737, 0.4911629176605161
2.510371229772737, 0.4896966782137355
2.510371229772737, 0.488230438766955
2.513082620498242, 0.4911629176605161
2.513082620498242, 0.4896966782137355
2.515794011223748, 0.4911629176605161
2.515794011223748, 0.4896966782137355
2.5185054019492528, 0.4896966782137355
2.5185054019492528, 0.488230438766955
2.521216792674758, 0.4896966782137355
2.521216792674758, 0.488230438766955
2.5239281834002636, 0.4896966782137355
2.5239281834002636, 0.488230438766955
2.5266395741257686, 0.4896966782137355
2.5266395741257686, 0.488230438766955
2.5293509648512744, 0.4911629176605161
2.5293509648512744, 0.4896966782137355
2.5293509648512744, 0.488230438766955
2.5320623555767794, 0.4926291571072967
2.5320623555767794, 0.4911629176605161
2.5320623555767794, 0.4896966782137355
2.534773746302285, 0.4926291571072967
2.534773746302285, 0.4911629176605161
2.53748513702779, 0.4926291571072967
2.53748513702779, 0.4911629176605161
2.5401965277532956, 0.4926291571072967
2.5401965277532956, 0.4911629176605161
2.542907918478801, 0.4926291571072967
2.542907918478801, 0.4911629176605161
2.545619309204306, 0.4926291571072967
2.545619309204306, 0.4911629176605161
2.548330699929812, 0.4926291571072967
2.548330699929812, 0.4911629176605161
2.551042090655317, 0.49409539655407725
2.551042090655317, 0.4926291571072967
2.551042090655317, 0.4911629176605161
2.5537534813808223, 0.49556163600085784
2.5537534813808223, 0.49409539655407725
2.5537534813808223, 0.4926291571072967
2.5564648721063277, 0.49556163600085784
2.5564648721063277, 0.49409539655407725
2.559176262831833, 0.49556163600085784
2.559176262831833, 0.49409539655407725
2.5618876535573385, 0.49556163600085784
2.5618876535573385, 0.49409539655407725
2.5645990442828435, 0.49702787544763843
2.5645990442828435, 0.49556163600085784
2.5645990442828435, 0.49409539655407725
2.5673104350083493, 0.49702787544763843
2.5673104350083493, 0.49556163600085784
2.5700218257338543, 0.498494114894419
2.5700218257338543, 0.49702787544763843
2.5700218257338543, 0.49556163600085784
2.5727332164593597, 0.498494114894419
2.5727332164593597, 0.49702787544763843
2.575444607184865, 0.498494114894419
2.575444607184865, 0.49702787544763843
2.57815599791037, 0.498494114894419
2.57815599791037, 0.49702787544763843
2.580867388635876, 0.498494114894419
2.580867388635876, 0.49702787544763843
2.583578779361381, 0.498494114894419
2.583578779361381, 0.49702787544763843
2.5862901700868863, 0.498494114894419
2.5862901700868863, 0.49702787544763843
2.5890015608123917, 0.498494114894419
2.5890015608123917, 0.49702787544763843
2.591712951537897, 0.49996035434119956
2.591712951537897, 0.498494114894419
2.591712951537897, 0.49702787544763843
2.5944243422634026, 0.49996035434119956
2.5944243422634026, 0.498494114894419
2.5971357329889075, 0.5014265937879802
2.5971357329889075, 0.49996035434119956
2.5971357329889075, 0.498494114894419
2.5998471237144134, 0.49996035434119956
2.5998471237144134, 0.498494114894419
2.6025585144399184, 0.49996035434119956
2.6025585144399184, 0.498494114894419
2.605269905165424, 0.49996035434119956
2.605269905165424, 0.498494114894419
2.607981295890929, 0.49996035434119956
2.607981295890929, 0.498494114894419
2.610692686616434, 0.5014265937879802
2.610692686616434, 0.49996035434119956
2.61340407734194, 0.5014265937879802
2.61340407734194, 0.49996035434119956
2.616115468067445, 0.5014265937879802
2.616115468067445, 0.49996035434119956
2.6188268587929504, 0.5014265937879802
2.6188268587929504, 0.49996035434119956
2.621538249518456, 0.5014265937879802
2.621538249518456, 0.49996035434119956
2.6242496402439612, 0.5014265937879802
2.6242496402439612, 0.49996035434119956
2.6269610309694666, 0.49996035434119956
2.6269610309694666, 0.498494114894419
2.6296724216949716, 0.49996035434119956
2.6296724216949716, 0.498494114894419
2.6323838124204775, 0.49996035434119956
2.6323838124204775, 0.498494114894419
2.6350952031459824, 0.5014265937879802
2.6350952031459824, 0.49996035434119956
2.637806593871488, 0.5014265937879802
2.637806593871488, 0.49996035434119956
2.6405179845969933, 0.49996035434119956
2.6405179845969933, 0.498494114894419
2.6432293753224982, 0.49996035434119956
2.6432293753224982, 0.498494114894419
2.645940766048004, 0.49996035434119956
2.645940766048004, 0.498494114894419
2.648652156773509, 0.49996035434119956
2.648652156773509, 0.498494114894419
2.6513635474990145, 0.498494114894419
2.6513635474990145, 0.49702787544763843
2.65407493822452, 0.498494114894419
2.65407493822452, 0.49702787544763843
2.6567863289500253, 0.498494114894419
2.6567863289500253, 0.49702787544763843
2.6594977196755307, 0.498494114894419
2.6594977196755307, 0.49702787544763843
2.6594977196755307, 0.49556163600085784
2.6622091104010357, 0.49556163600085784
2.6622091104010357, 0.49409539655407725
2.6649205011265416, 0.49556163600085784
2.6649205011265416, 0.49409539655407725
2.6676318918520465, 0.49556163600085784
2.6676318918520465, 0.49409539655407725
2.670343282577552, 0.49556163600085784
2.670343282577552, 0.49409539655407725
2.6730546733030573, 0.49556163600085784
2.6730546733030573, 0.49409539655407725
2.6757660640285623, 0.49556163600085784
2.6757660640285623, 0.49409539655407725
2.6757660640285623, 0.4926291571072967
2.678477454754068, 0.49409539655407725
2.678477454754068, 0.4926291571072967
2.678477454754068, 0.4911629176605161
2.681188845479573, 0.4926291571072967
2.681188845479573, 0.4911629176605161
2.681188845479573, 0.4896966782137355
2.6839002362050786, 0.4911629176605161
2.6839002362050786, 0.4896966782137355
2.6839002362050786, 0.488230438766955
2.6839002362050786, 0.4867641993201744
2.686611626930584, 0.4896966782137355
2.686611626930584, 0.488230438766955
2.686611626930584, 0.4867641993201744
2.6893230176560894, 0.4867641993201744
2.6893230176560894, 0.4852979598733938
2.692034408381595, 0.4852979598733938
2.692034408381595, 0.4838317204266132
2.692034408381595, 0.4823654809798327
2.692034408381595, 0.4808992415330521
2.6947457991070998, 0.4838317204266132
2.6947457991070998, 0.4823654809798327
2.6947457991070998, 0.4808992415330521
2.6947457991070998, 0.4794330020862715
2.6974571898326056, 0.4794330020862715
2.6974571898326056, 0.4779667626394909
2.7001685805581106, 0.4779667626394909
2.7001685805581106, 0.47650052319271036
2.7001685805581106, 0.47503428374592976
2.7001685805581106, 0.47356804429914917
2.702879971283616, 0.47650052319271036
2.702879971283616, 0.47503428374592976
2.702879971283616, 0.47356804429914917
2.702879971283616, 0.47210180485236863
2.702879971283616, 0.47063556540558804
2.702879971283616, 0.46916932595880745
2.702879971283616, 0.46770308651202686
2.7055913620091214, 0.47210180485236863
2.7055913620091214, 0.47063556540558804
2.7055913620091214, 0.46916932595880745
2.7055913620091214, 0.46770308651202686
2.7055913620091214, 0.4662368470652463
2.7055913620091214, 0.4647706076184657
2.7055913620091214, 0.46330436817168513
2.7083027527346264, 0.4662368470652463
2.7083027527346264, 0.4647706076184657
2.7083027527346264, 0.46330436817168513
2.7083027527346264, 0.46183812872490454
2.7083027527346264, 0.460371889278124
2.7083027527346264, 0.4589056498313434
2.7083027527346264, 0.4574394103845628
2.7083027527346264, 0.4559731709377823
2.7110141434601323, 0.46183812872490454
2.7110141434601323, 0.460371889278124
2.7110141434601323, 0.4589056498313434
2.7110141434601323, 0.4574394103845628
2.7110141434601323, 0.4559731709377823
2.7110141434601323, 0.4545069314910017
2.7110141434601323, 0.4530406920442211
2.7110141434601323, 0.4515744525974405
2.7110141434601323, 0.45010821315065996
2.7110141434601323, 0.44864197370387937
2.7137255341856372, 0.4559731709377823
2.7137255341856372, 0.4545069314910017
2.7137255341856372, 0.4530406920442211
2.7137255341856372, 0.4515744525974405
2.7137255341856372, 0.45010821315065996
2.7137255341856372, 0.44864197370387937
2.7137255341856372, 0.4471757342570988
2.7137255341856372, 0.4457094948103182
2.7137255341856372, 0.44424325536353765
2.7164369249111426, 0.44864197370387937
2.7164369249111426, 0.4471757342570988
2.7164369249111426, 0.4457094948103182
2.7164369249111426, 0.44424325536353765
2.7164369249111426, 0.44277701591675706
2.7164369249111426, 0.44131077646997646
2.719148315636648, 0.44424325536353765
2.719148315636648, 0.44277701591675706
2.719148315636648, 0.44131077646997646
2.719148315636648, 0.4398445370231959
2.719148315636648, 0.43837829757641533
2.7218597063621535, 0.44131077646997646
2.7218597063621535, 0.4398445370231959
2.7218597063621535, 0.43837829757641533
2.7218597063621535, 0.43691205812963474
2.7218597063621535, 0.43544581868285415
2.7218597063621535, 0.4339795792360736
2.7218597063621535, 0.432513339789293
2.724571097087659, 0.43837829757641533
2.724571097087659, 0.43691205812963474
2.724571097087659, 0.43544581868285415
2.724571097087659, 0.4339795792360736
2.724571097087659, 0.432513339789293
2.724571097087659, 0.4310471003425124
2.724571097087659, 0.42958086089573183
2.724571097087659, 0.4281146214489513
2.724571097087659, 0.4266483820021707
2.727282487813164, 0.432513339789293
2.727282487813164, 0.4310471003425124
2.727282487813164, 0.42958086089573183
2.727282487813164, 0.4281146214489513
2.727282487813164, 0.4266483820021707
2.727282487813164, 0.4251821425553901
2.727282487813164, 0.42371590310860957
2.727282487813164, 0.422249663661829
2.727282487813164, 0.4207834242150484
2.7299938785386697, 0.4266483820021707
2.7299938785386697, 0.4251821425553901
2.7299938785386697, 0.42371590310860957
2.7299938785386697, 0.422249663661829
2.7299938785386697, 0.4207834242150484
2.7299938785386697, 0.4193171847682678
2.7299938785386697, 0.41785094532148725
2.7299938785386697, 0.41638470587470666
2.7299938785386697, 0.41491846642792607
2.7327052692641747, 0.4207834242150484
2.7327052692641747, 0.4193171847682678
2.7327052692641747, 0.41785094532148725
2.7327052692641747, 0.41638470587470666
2.7327052692641747, 0.41491846642792607
2.7327052692641747, 0.4134522269811455
2.7327052692641747, 0.41198598753436494
2.7327052692641747, 0.41051974808758435
2.73541665998968, 0.41491846642792607
2.73541665998968, 0.4134522269811455
2.73541665998968, 0.41198598753436494
2.73541665998968, 0.41051974808758435
2.73541665998968, 0.40905350864080375
2.7381280507151855, 0.41051974808758435
2.7381280507151855, 0.40905350864080375
2.7381280507151855, 0.4075872691940232
2.7381280507151855, 0.4061210297472426
2.740839441440691, 0.4061210297472426
2.740839441440691, 0.40465479030046203
2.740839441440691, 0.40318855085368144
2.7435508321661963, 0.40318855085368144
2.7435508321661963, 0.4017223114069009
2.7435508321661963, 0.4002560719601203
2.7435508321661963, 0.3987898325133397
2.7435508321661963, 0.3973235930665591
2.7462622228917013, 0.3973235930665591
2.7462622228917013, 0.3958573536197786
2.7462622228917013, 0.394391114172998
2.7462622228917013, 0.3929248747262174
2.7462622228917013, 0.39145863527943686
2.7462622228917013, 0.38999239583265627
2.748973613617207, 0.38999239583265627
2.748973613617207, 0.3885261563858757
2.748973613617207, 0.3870599169390951
2.748973613617207, 0.38559367749231455
2.748973613617207, 0.38412743804553395
2.748973613617207, 0.38266119859875336
2.751685004342712, 0.38266119859875336
2.751685004342712, 0.38119495915197277
2.751685004342712, 0.37972871970519223
2.751685004342712, 0.37826248025841164
2.751685004342712, 0.37679624081163104
2.751685004342712, 0.3753300013648505
2.7543963950682175, 0.3753300013648505
2.7543963950682175, 0.3738637619180699
2.7543963950682175, 0.3723975224712893
2.7543963950682175, 0.37093128302450873
2.7543963950682175, 0.3694650435777282
2.7543963950682175, 0.3679988041309476
2.7543963950682175, 0.366532564684167
2.757107785793723, 0.366532564684167
2.757107785793723, 0.36506632523738647
2.757107785793723, 0.3636000857906059
2.759819176519228, 0.3621338463438253
2.759819176519228, 0.3606676068970447
2.759819176519228, 0.35920136745026415
2.762530567244734, 0.35920136745026415
2.762530567244734, 0.35773512800348356
2.762530567244734, 0.35626888855670297
2.762530567244734, 0.3548026491099224
2.762530567244734, 0.35333640966314184
2.762530567244734, 0.35187017021636124
2.762530567244734, 0.35040393076958065
2.7652419579702388, 0.35040393076958065
2.7652419579702388, 0.3489376913228001
2.7652419579702388, 0.3474714518760195
2.7652419579702388, 0.34600521242923893
2.7652419579702388, 0.34453897298245834
2.7652419579702388, 0.3430727335356778
2.767953348695744, 0.3430727335356778
2.767953348695744, 0.3416064940888972
2.767953348695744, 0.3401402546421166
2.767953348695744, 0.338674015195336
2.767953348695744, 0.3372077757485555
2.767953348695744, 0.3357415363017749
2.767953348695744, 0.3342752968549943
2.7706647394212496, 0.3342752968549943
2.7706647394212496, 0.33280905740821376
2.7706647394212496, 0.33134281796143317
2.7706647394212496, 0.3298765785146526
2.7706647394212496, 0.328410339067872
2.7706647394212496, 0.3269440996210914
2.7706647394212496, 0.3254778601743108
2.773376130146755, 0.3269440996210914
2.773376130146755, 0.3254778601743108
2.773376130146755, 0.3240116207275303
2.773376130146755, 0.3225453812807497
2.7760875208722604, 0.3225453812807497
2.7760875208722604, 0.32107914183396913
2.7760875208722604, 0.31961290238718854
2.7760875208722604, 0.31814666294040794
2.7787989115977654, 0.31961290238718854
2.7787989115977654, 0.31814666294040794
2.7787989115977654, 0.31668042349362735
2.7787989115977654, 0.31521418404684676
2.7787989115977654, 0.3137479446000663
2.7787989115977654, 0.3122817051532857
2.7815103023232712, 0.3122817051532857
2.7815103023232712, 0.3108154657065051
2.7815103023232712, 0.3093492262597245
2.7815103023232712, 0.3078829868129439
2.7815103023232712, 0.3064167473661633
2.784221693048776, 0.3064167473661633
2.784221693048776, 0.3049505079193827
2.784221693048776, 0.3034842684726021
2.784221693048776, 0.30201802902582164
2.784221693048776, 0.30055178957904105
2.7869330837742816, 0.3064167473661633
2.7869330837742816, 0.3049505079193827
2.7869330837742816, 0.3034842684726021
2.7869330837742816, 0.30201802902582164
2.7869330837742816, 0.30055178957904105
2.7869330837742816, 0.29908555013226046
2.7869330837742816, 0.29761931068547987
2.7869330837742816, 0.2961530712386993
2.7869330837742816, 0.2946868317919187
2.789644474499787, 0.30055178957904105
2.789644474499787, 0.29908555013226046
2.789644474499787, 0.29761931068547987
2.789644474499787, 0.2961530712386993
2.789644474499787, 0.2946868317919187
2.789644474499787, 0.2932205923451381
2.789644474499787, 0.2917543528983576
2.792355865225292, 0.2946868317919187
2.792355865225292, 0.2932205923451381
2.792355865225292, 0.2917543528983576
2.792355865225292, 0.290288113451577
2.792355865225292, 0.2888218740047964
2.795067255950798, 0.2917543528983576
2.795067255950798, 0.290288113451577
2.795067255950798, 0.2888218740047964
2.795067255950798, 0.2873556345580158
2.795067255950798, 0.28588939511123523
2.795067255950798, 0.28442315566445464
2.795067255950798, 0.28295691621767405
2.797778646676303, 0.2888218740047964
2.797778646676303, 0.2873556345580158
2.797778646676303, 0.28588939511123523
2.797778646676303, 0.28442315566445464
2.797778646676303, 0.28295691621767405
2.797778646676303, 0.28149067677089357
2.797778646676303, 0.280024437324113
2.797778646676303, 0.2785581978773324
2.797778646676303, 0.2770919584305518
2.8004900374018082, 0.28295691621767405
2.8004900374018082, 0.28149067677089357
2.8004900374018082, 0.280024437324113
2.8004900374018082, 0.2785581978773324
2.8004900374018082, 0.2770919584305518
2.8004900374018082, 0.2756257189837712
2.8004900374018082, 0.2741594795369906
2.8004900374018082, 0.27269324009021
2.8032014281273137, 0.2770919584305518
2.8032014281273137, 0.2756257189837712
2.8032014281273137, 0.2741594795369906
2.8032014281273137, 0.27269324009021
2.8032014281273137, 0.2712270006434294
2.805912818852819, 0.2712270006434294
2.805912818852819, 0.26976076119664893
2.805912818852819, 0.26829452174986834
2.8086242095783245, 0.26829452174986834
2.8086242095783245, 0.26682828230308775
2.8086242095783245, 0.26536204285630716
2.8086242095783245, 0.26389580340952656
2.8113356003038295, 0.26682828230308775
2.8113356003038295, 0.26536204285630716
2.8113356003038295, 0.26389580340952656
2.8113356003038295, 0.26242956396274597
2.8113356003038295, 0.2609633245159654
2.8113356003038295, 0.2594970850691849
2.8140469910293353, 0.26242956396274597
2.8140469910293353, 0.2609633245159654
2.8140469910293353, 0.2594970850691849
2.8140469910293353, 0.2580308456224043
2.8140469910293353, 0.2565646061756237
2.8140469910293353, 0.2550983667288431
2.8167583817548403, 0.2580308456224043
2.8167583817548403, 0.2565646061756237
2.8167583817548403, 0.2550983667288431
2.8167583817548403, 0.2536321272820625
2.8167583817548403, 0.25216588783528193
2.8167583817548403, 0.25069964838850134
2.8194697724803457, 0.2536321272820625
2.8194697724803457, 0.25216588783528193
2.8194697724803457, 0.25069964838850134
2.8194697724803457, 0.24923340894172086
2.822181163205851, 0.24923340894172086
2.822181163205851, 0.24776716949494026
2.822181163205851, 0.24630093004815967
2.822181163205851, 0.24483469060137908
2.824892553931356, 0.24630093004815967
2.824892553931356, 0.24483469060137908
2.824892553931356, 0.2433684511545985
2.824892553931356, 0.2419022117078179
2.827603944656862, 0.24483469060137908
2.827603944656862, 0.2433684511545985
2.827603944656862, 0.2419022117078179
2.827603944656862, 0.2404359722610373
2.827603944656862, 0.23896973281425682
2.830315335382367, 0.2419022117078179
2.830315335382367, 0.2404359722610373
2.830315335382367, 0.23896973281425682
2.830315335382367, 0.23750349336747623
2.8330267261078723, 0.23896973281425682
2.8330267261078723, 0.23750349336747623
2.8330267261078723, 0.23603725392069563
2.8357381168333777, 0.23750349336747623
2.8357381168333777, 0.23603725392069563
2.8357381168333777, 0.23457101447391504
2.838449507558883, 0.23603725392069563
2.838449507558883, 0.23457101447391504
2.838449507558883, 0.23310477502713445
2.838449507558883, 0.23163853558035385
2.8411608982843886, 0.23457101447391504
2.8411608982843886, 0.23310477502713445
2.8411608982843886, 0.23163853558035385
2.8411608982843886, 0.23017229613357326
2.8411608982843886, 0.22870605668679267
2.8438722890098935, 0.23163853558035385
2.8438722890098935, 0.23017229613357326
2.8438722890098935, 0.22870605668679267
2.8438722890098935, 0.2272398172400122
2.8465836797353994, 0.22870605668679267
2.8465836797353994, 0.2272398172400122
2.8465836797353994, 0.2257735777932316
2.8492950704609044, 0.2272398172400122
2.8492950704609044, 0.2257735777932316
2.8520064611864098, 0.2272398172400122
2.8520064611864098, 0.2257735777932316
2.8520064611864098, 0.224307338346451
2.854717851911915, 0.2257735777932316
2.854717851911915, 0.224307338346451
2.854717851911915, 0.2228410988996704
2.85742924263742, 0.224307338346451
2.85742924263742, 0.2228410988996704
2.85742924263742, 0.22137485945288982
2.85742924263742, 0.21990862000610922
2.860140633362926, 0.2228410988996704
2.860140633362926, 0.22137485945288982
2.860140633362926, 0.21990862000610922
2.860140633362926, 0.21844238055932863
2.862852024088431, 0.21990862000610922
2.862852024088431, 0.21844238055932863
2.8655634148139364, 0.21990862000610922
2.8655634148139364, 0.21844238055932863
2.8655634148139364, 0.21697614111254815
2.868274805539442, 0.21844238055932863
2.868274805539442, 0.21697614111254815
2.870986196264947, 0.21697614111254815
2.870986196264947, 0.21550990166576756
2.8736975869904526, 0.21550990166576756
2.8736975869904526, 0.21404366221898696
2.8764089777159576, 0.21550990166576756
2.8764089777159576, 0.21404366221898696
2.8791203684414635, 0.21404366221898696
2.8791203684414635, 0.21257742277220637
2.8818317591669684, 0.21257742277220637
2.8818317591669684, 0.21111118332542578
2.884543149892474, 0.21257742277220637
2.884543149892474, 0.21111118332542578
2.8872545406179793, 0.21111118332542578
2.8872545406179793, 0.20964494387864518
2.8899659313434842, 0.21111118332542578
2.8899659313434842, 0.20964494387864518
2.89267732206899, 0.20964494387864518
2.89267732206899, 0.2081787044318646
2.895388712794495, 0.2081787044318646
2.895388712794495, 0.2067124649850841
2.8981001035200005, 0.2081787044318646
2.8981001035200005, 0.2067124649850841
2.900811494245506, 0.2081787044318646
2.900811494245506, 0.2067124649850841
2.9035228849710113, 0.2081787044318646
2.9035228849710113, 0.2067124649850841
2.9062342756965167, 0.2081787044318646
2.9062342756965167, 0.2067124649850841
2.9089456664220217, 0.2081787044318646
2.9089456664220217, 0.2067124649850841
2.9116570571475275, 0.2081787044318646
2.9116570571475275, 0.2067124649850841
2.9143684478730325, 0.2081787044318646
2.9143684478730325, 0.2067124649850841
2.917079838598538, 0.2081787044318646
2.917079838598538, 0.2067124649850841
2.9197912293240433, 0.2081787044318646
2.9197912293240433, 0.2067124649850841
2.9225026200495487, 0.2067124649850841
2.9225026200495487, 0.20524622553830352
2.925214010775054, 0.2067124649850841
2.925214010775054, 0.20524622553830352
2.927925401500559, 0.2067124649850841
2.927925401500559, 0.20524622553830352
2.927925401500559, 0.20377998609152292
2.930636792226065, 0.2081787044318646
2.930636792226065, 0.2067124649850841
2.930636792226065, 0.20524622553830352
2.93334818295157, 0.2081787044318646
2.93334818295157, 0.2067124649850841
2.9360595736770754, 0.2081787044318646
2.9360595736770754, 0.2067124649850841
2.938770964402581, 0.20964494387864518
2.938770964402581, 0.2081787044318646
2.938770964402581, 0.2067124649850841
2.9414823551280858, 0.20964494387864518
2.9414823551280858, 0.2081787044318646
2.9441937458535916, 0.20964494387864518
2.9441937458535916, 0.2081787044318646
2.9469051365790966, 0.20964494387864518
2.9469051365790966, 0.2081787044318646
2.949616527304602, 0.21111118332542578
2.949616527304602, 0.20964494387864518
2.949616527304602, 0.2081787044318646
2.9523279180301074, 0.21111118332542578
2.9523279180301074, 0.20964494387864518
2.955039308755613, 0.21111118332542578
2.955039308755613, 0.20964494387864518
2.9577506994811182, 0.21257742277220637
2.9577506994811182, 0.21111118332542578
2.9577506994811182, 0.20964494387864518
2.960462090206623, 0.21257742277220637
2.960462090206623, 0.21111118332542578
2.963173480932129, 0.21257742277220637
2.963173480932129, 0.21111118332542578
2.965884871657634, 0.21404366221898696
2.965884871657634, 0.21257742277220637
2.965884871657634, 0.21111118332542578
2.9685962623831395, 0.21550990166576756
2.9685962623831395, 0.21404366221898696
2.9685962623831395, 0.21257742277220637
2.971307653108645, 0.21697614111254815
2.971307653108645, 0.21550990166576756
2.971307653108645, 0.21404366221898696
2.97401904383415, 0.21844238055932863
2.97401904383415, 0.21697614111254815
2.97401904383415, 0.21550990166576756
2.9767304345596557, 0.21844238055932863
2.9767304345596557, 0.21697614111254815
2.9794418252851607, 0.21990862000610922
2.9794418252851607, 0.21844238055932863
2.9794418252851607, 0.21697614111254815
2.982153216010666, 0.22137485945288982
2.982153216010666, 0.21990862000610922
2.982153216010666, 0.21844238055932863
2.9848646067361715, 0.2228410988996704
2.9848646067361715, 0.22137485945288982
2.9848646067361715, 0.21990862000610922
2.987575997461677, 0.2228410988996704
2.987575997461677, 0.22137485945288982
2.9902873881871823, 0.2257735777932316
2.9902873881871823, 0.224307338346451
2.9902873881871823, 0.2228410988996704
2.9902873881871823, 0.22137485945288982
2.9929987789126873, 0.2272398172400122
2.9929987789126873, 0.2257735777932316
2.9929987789126873, 0.224307338346451
2.9929987789126873, 0.2228410988996704
2.995710169638193, 0.2272398172400122
2.995710169638193, 0.2257735777932316
2.998421560363698, 0.2272398172400122
2.998421560363698, 0.2257735777932316
3.0011329510892035, 0.22870605668679267
3.0011329510892035, 0.2272398172400122
3.0011329510892035, 0.2257735777932316
3.003844341814709, 0.23017229613357326
3.003844341814709, 0.22870605668679267
3.003844341814709, 0.2272398172400122
3.006555732540214, 0.23310477502713445
3.006555732540214, 0.23163853558035385
3.006555732540214, 0.23017229613357326
3.0092671232657198, 0.23310477502713445
3.0092671232657198, 0.23163853558035385
3.0119785139912247, 0.23603725392069563
3.0119785139912247, 0.23457101447391504
3.0119785139912247, 0.23310477502713445
3.01468990471673, 0.23603725392069563
3.01468990471673, 0.23457101447391504
3.0174012954422356, 0.23603725392069563
3.0174012954422356, 0.23457101447391504
3.020112686167741, 0.23750349336747623
3.020112686167741, 0.23603725392069563
3.0228240768932464, 0.23896973281425682
3.0228240768932464, 0.23750349336747623
3.0255354676187514, 0.2404359722610373
3.0255354676187514, 0.23896973281425682
3.028246858344257, 0.2419022117078179
3.028246858344257, 0.2404359722610373
3.030958249069762, 0.2433684511545985
3.030958249069762, 0.2419022117078179
3.0336696397952676, 0.24483469060137908
3.0336696397952676, 0.2433684511545985
3.036381030520773, 0.24483469060137908
3.036381030520773, 0.2433684511545985
3.039092421246278, 0.24776716949494026
3.039092421246278, 0.24630093004815967
3.039092421246278, 0.24483469060137908
3.041803811971784, 0.24923340894172086
3.041803811971784, 0.24776716949494026
3.044515202697289, 0.25069964838850134
3.044515202697289, 0.24923340894172086
3.0472265934227942, 0.25216588783528193
3.0472265934227942, 0.25069964838850134
3.0499379841482996, 0.2536321272820625
3.0499379841482996, 0.25216588783528193
3.052649374873805, 0.2550983667288431
3.052649374873805, 0.2536321272820625
3.0553607655993105, 0.2550983667288431
3.0580721563248154, 0.2550983667288431
3.0607835470503213, 0.2565646061756237
3.0607835470503213, 0.2550983667288431
3.0634949377758263, 0.2580308456224043
3.0634949377758263, 0.2565646061756237
3.0662063285013317, 0.2594970850691849
3.0662063285013317, 0.2580308456224043
3.068917719226837, 0.2609633245159654
3.068917719226837, 0.2594970850691849
3.071629109952342, 0.2609633245159654
3.074340500677848, 0.2609633245159654
3.077051891403353, 0.26242956396274597
3.077051891403353, 0.2609633245159654
3.0797632821288583, 0.26389580340952656
3.0797632821288583, 0.26242956396274597
3.0824746728543637, 0.26389580340952656
3.085186063579869, 0.26536204285630716
3.085186063579869, 0.26389580340952656
3.0878974543053745, 0.26682828230308775
3.0878974543053745, 0.26536204285630716
3.0906088450308795, 0.26682828230308775
3.0933202357563854, 0.26976076119664893
3.0933202357563854, 0.26829452174986834
3.0933202357563854, 0.26682828230308775
3.0960316264818903, 0.2712270006434294
3.0960316264818903, 0.26976076119664893
3.0960316264818903, 0.26829452174986834
3.0987430172073958, 0.27269324009021
3.0987430172073958, 0.2712270006434294
3.101454407932901, 0.2741594795369906
3.101454407932901, 0.27269324009021
3.101454407932901, 0.2712270006434294
3.1041657986584066, 0.2756257189837712
3.1041657986584066, 0.2741594795369906
3.1041657986584066, 0.27269324009021
3.106877189383912, 0.2756257189837712
3.106877189383912, 0.2741594795369906
3.109588580109417, 0.2785581978773324
3.109588580109417, 0.2770919584305518
3.109588580109417, 0.2756257189837712
3.109588580109417, 0.2741594795369906
3.112299970834923, 0.280024437324113
3.112299970834923, 0.2785581978773324
3.112299970834923, 0.2770919584305518
3.112299970834923, 0.2756257189837712
3.115011361560428, 0.28149067677089357
3.115011361560428, 0.280024437324113
3.115011361560428, 0.2785581978773324
3.117722752285933, 0.28442315566445464
3.117722752285933, 0.28295691621767405
3.117722752285933, 0.28149067677089357
3.117722752285933, 0.280024437324113
3.1204341430114386, 0.28588939511123523
3.1204341430114386, 0.28442315566445464
3.1204341430114386, 0.28295691621767405
3.1204341430114386, 0.28149067677089357
3.1231455337369436, 0.28588939511123523
3.1231455337369436, 0.28442315566445464
3.1258569244624494, 0.2873556345580158
3.1258569244624494, 0.28588939511123523
3.1258569244624494, 0.28442315566445464
3.1285683151879544, 0.290288113451577
3.1285683151879544, 0.2888218740047964
3.1285683151879544, 0.2873556345580158
3.1285683151879544, 0.28588939511123523
3.13127970591346, 0.2917543528983576
3.13127970591346, 0.290288113451577
3.13127970591346, 0.2888218740047964
3.1339910966389652, 0.2917543528983576
3.1339910966389652, 0.290288113451577
3.1367024873644707, 0.2946868317919187
3.1367024873644707, 0.2932205923451381
3.1367024873644707, 0.2917543528983576
3.139413878089976, 0.2961530712386993
3.139413878089976, 0.2946868317919187
3.142125268815481, 0.29761931068547987
3.142125268815481, 0.2961530712386993
3.144836659540987, 0.30055178957904105
3.144836659540987, 0.29908555013226046
3.144836659540987, 0.29761931068547987
3.147548050266492, 0.30201802902582164
3.147548050266492, 0.30055178957904105
3.1502594409919973, 0.3034842684726021
3.1502594409919973, 0.30201802902582164
3.1529708317175027, 0.3049505079193827
3.1529708317175027, 0.3034842684726021
3.1556822224430077, 0.3064167473661633
3.1556822224430077, 0.3049505079193827
3.1583936131685135, 0.3078829868129439
3.1583936131685135, 0.3064167473661633
3.1611050038940185, 0.3108154657065051
3.1611050038940185, 0.3093492262597245
3.1611050038940185, 0.3078829868129439
3.163816394619524, 0.3122817051532857
3.163816394619524, 0.3108154657065051
3.1665277853450293, 0.3137479446000663
3.1665277853450293, 0.3122817051532857
3.1692391760705347, 0.31668042349362735
3.1692391760705347, 0.31521418404684676
3.1692391760705347, 0.3137479446000663
3.17195056679604, 0.31814666294040794
3.17195056679604, 0.31668042349362735
3.174661957521545, 0.32107914183396913
3.174661957521545, 0.31961290238718854
3.177373348247051, 0.3240116207275303
3.177373348247051, 0.3225453812807497
3.177373348247051, 0.32107914183396913
3.180084738972556, 0.3254778601743108
3.180084738972556, 0.3240116207275303
3.1827961296980614, 0.3254778601743108
3.1855075204235668, 0.328410339067872
3.1855075204235668, 0.3269440996210914
3.1855075204235668, 0.3254778601743108
3.1882189111490717, 0.3298765785146526
3.1882189111490717, 0.328410339067872
3.1882189111490717, 0.3269440996210914
3.1909303018745776, 0.33134281796143317
3.1909303018745776, 0.3298765785146526
3.1936416926000826, 0.33280905740821376
3.1936416926000826, 0.33134281796143317
3.196353083325588, 0.3342752968549943
3.196353083325588, 0.33280905740821376
3.1990644740510934, 0.338674015195336
3.1990644740510934, 0.3372077757485555
3.1990644740510934, 0.3357415363017749
3.1990644740510934, 0.3342752968549943
3.201775864776599, 0.338674015195336
3.201775864776599, 0.3372077757485555
3.201775864776599, 0.3357415363017749
3.2044872555021042, 0.3401402546421166
3.2044872555021042, 0.338674015195336
3.207198646227609, 0.34600521242923893
3.207198646227609, 0.34453897298245834
3.207198646227609, 0.3430727335356778
3.207198646227609, 0.3416064940888972
3.207198646227609, 0.3401402546421166
3.209910036953115, 0.3474714518760195
3.209910036953115, 0.34600521242923893
3.209910036953115, 0.34453897298245834
3.209910036953115, 0.3430727335356778
3.209910036953115, 0.3416064940888972
3.21262142767862, 0.3474714518760195
3.21262142767862, 0.34600521242923893
3.2153328184041254, 0.35040393076958065
3.2153328184041254, 0.3489376913228001
3.2153328184041254, 0.3474714518760195
3.2153328184041254, 0.34600521242923893
3.218044209129631, 0.35187017021636124
3.218044209129631, 0.35040393076958065
3.218044209129631, 0.3489376913228001
3.218044209129631, 0.3474714518760195
3.220755599855136, 0.35333640966314184
3.220755599855136, 0.35187017021636124
3.220755599855136, 0.35040393076958065
3.2234669905806417, 0.3548026491099224
3.2234669905806417, 0.35333640966314184
3.2234669905806417, 0.35187017021636124
3.2261783813061466, 0.35626888855670297
3.2261783813061466, 0.3548026491099224
3.2261783813061466, 0.35333640966314184
3.228889772031652, 0.35773512800348356
3.228889772031652, 0.35626888855670297
3.228889772031652, 0.3548026491099224
3.2316011627571575, 0.35920136745026415
3.2316011627571575, 0.35773512800348356
3.2316011627571575, 0.35626888855670297
3.234312553482663, 0.3606676068970447
3.234312553482663, 0.35920136745026415
3.234312553482663, 0.35773512800348356
3.2370239442081683, 0.3636000857906059
3.2370239442081683, 0.3621338463438253
3.2370239442081683, 0.3606676068970447
3.2370239442081683, 0.35920136745026415
3.2397353349336733, 0.36506632523738647
3.2397353349336733, 0.3636000857906059
3.2397353349336733, 0.3621338463438253
3.2397353349336733, 0.3606676068970447
3.242446725659179, 0.366532564684167
3.242446725659179, 0.36506632523738647
3.242446725659179, 0.3636000857906059
3.245158116384684, 0.3679988041309476
3.245158116384684, 0.366532564684167
3.245158116384684, 0.36506632523738647
3.2478695071101895, 0.3679988041309476
3.2478695071101895, 0.366532564684167
3.250580897835695, 0.37093128302450873
3.250580897835695, 0.3694650435777282
3.250580897835695, 0.3679988041309476
3.250580897835695, 0.366532564684167
3.2532922885612003, 0.3723975224712893
3.2532922885612003, 0.37093128302450873
3.2532922885612003, 0.3694650435777282
3.2532922885612003, 0.3679988041309476
3.2560036792867058, 0.3723975224712893
3.2560036792867058, 0.37093128302450873
3.2587150700122107, 0.3753300013648505
3.2587150700122107, 0.3738637619180699
3.2587150700122107, 0.3723975224712893
3.2587150700122107, 0.37093128302450873
3.2614264607377166, 0.37679624081163104
3.2614264607377166, 0.3753300013648505
3.2614264607377166, 0.3738637619180699
3.2614264607377166, 0.3723975224712893
3.2641378514632216, 0.37826248025841164
3.2641378514632216, 0.37679624081163104
3.2641378514632216, 0.3753300013648505
3.266849242188727, 0.37826248025841164
3.266849242188727, 0.37679624081163104
3.2695606329142324, 0.38119495915197277
3.2695606329142324, 0.37972871970519223
3.2695606329142324, 0.37826248025841164
3.2722720236397373, 0.38119495915197277
3.2722720236397373, 0.37972871970519223
3.274983414365243, 0.38559367749231455
3.274983414365243, 0.38412743804553395
3.274983414365243, 0.38266119859875336
3.274983414365243, 0.38119495915197277
3.277694805090748, 0.38559367749231455
3.277694805090748, 0.38412743804553395
3.2804061958162536, 0.3885261563858757
3.2804061958162536, 0.3870599169390951
3.2804061958162536, 0.38559367749231455
3.283117586541759, 0.3885261563858757
3.283117586541759, 0.3870599169390951
3.2858289772672644, 0.38999239583265627
3.2858289772672644, 0.3885261563858757
3.28854036799277, 0.3929248747262174
3.28854036799277, 0.39145863527943686
3.28854036799277, 0.38999239583265627
3.291251758718275, 0.394391114172998
3.291251758718275, 0.3929248747262174
3.2939631494437807, 0.394391114172998
3.2966745401692856, 0.3958573536197786
3.2966745401692856, 0.394391114172998
3.299385930894791, 0.3973235930665591
3.299385930894791, 0.3958573536197786
3.3020973216202965, 0.3987898325133397
3.3020973216202965, 0.3973235930665591
3.3048087123458014, 0.4002560719601203
3.3048087123458014, 0.3987898325133397
3.3075201030713073, 0.4017223114069009
3.3075201030713073, 0.4002560719601203
3.3102314937968123, 0.40318855085368144
3.3102314937968123, 0.4017223114069009
3.3129428845223177, 0.40318855085368144
3.315654275247823, 0.40465479030046203
3.315654275247823, 0.40318855085368144
3.3183656659733285, 0.4061210297472426
3.3183656659733285, 0.40465479030046203
3.321077056698834, 0.4061210297472426
3.323788447424339, 0.4075872691940232
3.323788447424339, 0.4061210297472426
3.3264998381498447, 0.4075872691940232
3.3292112288753497, 0.41051974808758435
3.3292112288753497, 0.40905350864080375
3.3292112288753497, 0.4075872691940232
3.331922619600855, 0.41198598753436494
3.331922619600855, 0.41051974808758435
3.331922619600855, 0.40905350864080375
3.3346340103263605, 0.41051974808758435
3.3373454010518655, 0.41051974808758435
3.3400567917773714, 0.41051974808758435
3.3427681825028763, 0.41051974808758435
3.3454795732283817, 0.41051974808758435
3.3454795732283817, 0.40905350864080375
3.348190963953887, 0.40905350864080375
3.3509023546793926, 0.40905350864080375
3.3509023546793926, 0.4075872691940232
3.353613745404898, 0.40905350864080375
3.353613745404898, 0.4075872691940232
3.356325136130403, 0.4075872691940232
3.356325136130403, 0.4061210297472426
3.359036526855909, 0.4061210297472426
3.361747917581414, 0.4061210297472426
3.361747917581414, 0.40465479030046203
3.361747917581414, 0.40318855085368144
3.361747917581414, 0.4017223114069009
3.364459308306919, 0.40465479030046203
3.364459308306919, 0.40318855085368144
3.364459308306919, 0.4017223114069009
3.364459308306919, 0.4002560719601203
3.364459308306919, 0.3987898325133397
3.3671706990324246, 0.4002560719601203
3.3671706990324246, 0.3987898325133397
3.3671706990324246, 0.3973235930665591
3.3671706990324246, 0.3958573536197786
3.3698820897579296, 0.3973235930665591
3.3698820897579296, 0.3958573536197786
3.3698820897579296, 0.394391114172998
3.3725934804834354, 0.394391114172998
3.3725934804834354, 0.3929248747262174
3.3753048712089404, 0.3929248747262174
3.3753048712089404, 0.39145863527943686
3.3753048712089404, 0.38999239583265627
3.3753048712089404, 0.3885261563858757
3.378016261934446, 0.39145863527943686
3.378016261934446, 0.38999239583265627
3.378016261934446, 0.3885261563858757
3.378016261934446, 0.3870599169390951
3.3807276526599512, 0.3885261563858757
3.3807276526599512, 0.3870599169390951
3.3807276526599512, 0.38559367749231455
3.3834390433854566, 0.3870599169390951
3.3834390433854566, 0.38559367749231455
3.386150434110962, 0.38559367749231455
3.386150434110962, 0.38412743804553395
3.388861824836467, 0.38559367749231455
3.388861824836467, 0.38412743804553395
3.391573215561973, 0.38412743804553395
3.391573215561973, 0.38266119859875336
3.394284606287478, 0.38412743804553395
3.394284606287478, 0.38266119859875336
3.3969959970129833, 0.38266119859875336
3.3969959970129833, 0.38119495915197277
3.3969959970129833, 0.37972871970519223
3.3997073877384887, 0.38119495915197277
3.3997073877384887, 0.37972871970519223
3.4024187784639937, 0.37972871970519223
3.4024187784639937, 0.37826248025841164
3.4051301691894995, 0.37826248025841164
3.4051301691894995, 0.37679624081163104
3.4078415599150045, 0.37679624081163104
3.4078415599150045, 0.3753300013648505
3.41055295064051, 0.3753300013648505
3.41055295064051, 0.3738637619180699
3.4132643413660153, 0.3738637619180699
3.4132643413660153, 0.3723975224712893
3.4159757320915207, 0.3723975224712893
3.4159757320915207, 0.37093128302450873
3.418687122817026, 0.3694650435777282
3.418687122817026, 0.3679988041309476
3.421398513542531, 0.3679988041309476
3.421398513542531, 0.366532564684167
3.421398513542531, 0.36506632523738647
3.424109904268037, 0.366532564684167
3.424109904268037, 0.36506632523738647
3.426821294993542, 0.366532564684167
3.426821294993542, 0.36506632523738647
3.4295326857190473, 0.3694650435777282
3.4295326857190473, 0.3679988041309476
3.4295326857190473, 0.366532564684167
3.4322440764445528, 0.3723975224712893
3.4322440764445528, 0.37093128302450873
3.4322440764445528, 0.3694650435777282
3.434955467170058, 0.3753300013648505
3.434955467170058, 0.3738637619180699
3.434955467170058, 0.3723975224712893
3.4376668578955636, 0.37972871970519223
3.4376668578955636, 0.37826248025841164
3.4376668578955636, 0.37679624081163104
3.4403782486210686, 0.38266119859875336
3.4403782486210686, 0.38119495915197277
3.4403782486210686, 0.37972871970519223
3.443089639346574, 0.3870599169390951
3.443089639346574, 0.38559367749231455
3.443089639346574, 0.38412743804553395
3.4458010300720794, 0.3929248747262174
3.4458010300720794, 0.39145863527943686
3.4458010300720794, 0.38999239583265627
3.4458010300720794, 0.3885261563858757
3.4458010300720794, 0.3870599169390951
3.448512420797585, 0.394391114172998
3.448512420797585, 0.3929248747262174
3.45122381152309, 0.3973235930665591
3.45122381152309, 0.3958573536197786
3.45122381152309, 0.394391114172998
3.4539352022485956, 0.3987898325133397
3.4539352022485956, 0.3973235930665591
3.4566465929741006, 0.4002560719601203
3.4566465929741006, 0.3987898325133397
3.459357983699606, 0.4017223114069009
3.459357983699606, 0.4002560719601203
3.4620693744251114, 0.40465479030046203
3.4620693744251114, 0.40318855085368144
3.4620693744251114, 0.4017223114069009
3.464780765150617, 0.4061210297472426
3.464780765150617, 0.40465479030046203
3.4674921558761223, 0.4075872691940232
3.4674921558761223, 0.4061210297472426
3.4702035466016277, 0.40905350864080375
3.4702035466016277, 0.4075872691940232
3.4729149373271326, 0.41051974808758435
3.4729149373271326, 0.40905350864080375
3.475626328052638, 0.41198598753436494
3.475626328052638, 0.41051974808758435
3.4783377187781435, 0.41051974808758435
3.481049109503649, 0.41051974808758435
3.4837605002291543, 0.41051974808758435
3.4864718909546597, 0.41051974808758435
3.4891832816801647, 0.41198598753436494
3.4891832816801647, 0.41051974808758435
3.49189467240567, 0.41198598753436494
3.4946060631311755, 0.4134522269811455
3.4946060631311755, 0.41198598753436494
3.497317453856681, 0.41491846642792607
3.497317453856681, 0.4134522269811455
3.5000288445821863, 0.4134522269811455
3.5027402353076917, 0.4134522269811455
3.5054516260331967, 0.4134522269811455
3.508163016758702, 0.41785094532148725
3.508163016758702, 0.41638470587470666
3.508163016758702, 0.41491846642792607
3.508163016758702, 0.4134522269811455
3.5108744074842075, 0.4207834242150484
3.5108744074842075, 0.4193171847682678
3.5108744074842075, 0.41785094532148725
3.5108744074842075, 0.41638470587470666
3.513585798209713, 0.4251821425553901
3.513585798209713, 0.42371590310860957
3.513585798209713, 0.422249663661829
3.513585798209713, 0.4207834242150484
3.513585798209713, 0.4193171847682678
3.513585798209713, 0.41785094532148725
3.5162971889352184, 0.43544581868285415
3.5162971889352184, 0.4339795792360736
3.5162971889352184, 0.432513339789293
3.5162971889352184, 0.4310471003425124
3.5162971889352184, 0.42958086089573183
3.5162971889352184, 0.4281146214489513
3.5162971889352184, 0.4266483820021707
3.5162971889352184, 0.4251821425553901
3.5162971889352184, 0.42371590310860957
3.5162971889352184, 0.422249663661829
3.519008579660724, 0.4398445370231959
3.519008579660724, 0.43837829757641533
3.519008579660724, 0.43691205812963474
3.519008579660724, 0.43544581868285415
3.519008579660724, 0.4339795792360736
3.519008579660724, 0.432513339789293
3.519008579660724, 0.4310471003425124
3.519008579660724, 0.42958086089573183
3.519008579660724, 0.4281146214489513
3.519008579660724, 0.4266483820021707
3.519008579660724, 0.4251821425553901
3.521719970386229, 0.44424325536353765
3.521719970386229, 0.44277701591675706
3.521719970386229, 0.44131077646997646
3.521719970386229, 0.4398445370231959
3.521719970386229, 0.43837829757641533
3.521719970386229, 0.43691205812963474
3.521719970386229, 0.43544581868285415
3.524431361111734, 0.4471757342570988
3.524431361111734, 0.4457094948103182
3.524431361111734, 0.44424325536353765
3.524431361111734, 0.44277701591675706
3.524431361111734, 0.44131077646997646
3.524431361111734, 0.4398445370231959
3.5271427518372396, 0.4515744525974405
3.5271427518372396, 0.45010821315065996
3.5271427518372396, 0.44864197370387937
3.5271427518372396, 0.4471757342570988
3.5271427518372396, 0.4457094948103182
3.5271427518372396, 0.44424325536353765
3.529854142562745, 0.4530406920442211
3.529854142562745, 0.4515744525974405
3.529854142562745, 0.45010821315065996
3.529854142562745, 0.44864197370387937
3.5325655332882504, 0.4545069314910017
3.5325655332882504, 0.4530406920442211
3.5325655332882504, 0.4515744525974405
3.535276924013756, 0.4574394103845628
3.535276924013756, 0.4559731709377823
3.535276924013756, 0.4545069314910017
3.5379883147392612, 0.4589056498313434
3.5379883147392612, 0.4574394103845628
3.5379883147392612, 0.4559731709377823
3.540699705464766, 0.4589056498313434
3.540699705464766, 0.4574394103845628
3.5434110961902716, 0.46183812872490454
3.5434110961902716, 0.460371889278124
3.5434110961902716, 0.4589056498313434
3.546122486915777, 0.46330436817168513
3.546122486915777, 0.46183812872490454
3.546122486915777, 0.460371889278124
3.5488338776412824, 0.46330436817168513
3.5488338776412824, 0.46183812872490454
3.551545268366788, 0.4647706076184657
3.551545268366788, 0.46330436817168513
3.5542566590922933, 0.46770308651202686
3.5542566590922933, 0.4662368470652463
3.5542566590922933, 0.4647706076184657
3.5569680498177982, 0.47063556540558804
3.5569680498177982, 0.46916932595880745
3.5569680498177982, 0.46770308651202686
3.5596794405433037, 0.47356804429914917
3.5596794405433037, 0.47210180485236863
3.562390831268809, 0.47650052319271036
3.562390831268809, 0.47503428374592976
3.5651022219943145, 0.4779667626394909
3.56781361271982, 0.4808992415330521
3.56781361271982, 0.4794330020862715
3.56781361271982, 0.4779667626394909
3.5705250034453253, 0.4808992415330521
3.5705250034453253, 0.4794330020862715
3.5732363941708303, 0.4823654809798327
3.5732363941708303, 0.4808992415330521
3.5759477848963357, 0.4823654809798327
3.5759477848963357, 0.4808992415330521
3.578659175621841, 0.4838317204266132
3.578659175621841, 0.4823654809798327
3.5813705663473465, 0.4838317204266132
3.5813705663473465, 0.4823654809798327
