number of samples	3000
Sample Rate	30000
Optical Frequency Poly term A	75.279000E+12
Optical Frequency Poly term B	57.968000E+9
Optical Frequency Poly term C	3.240700E+6
Optical Frequency Poly term D	-930.660000E+0
Battery Voltage	11.574019E+0  V
Lamp Current	4.800270E+0  A
Date/Time	9/15/2015 10:12:25 AM
Wavelength 10^-6 Line 11	Optical Frequency 10^14 Line 12
3.9793537365	3.9762936663	3.9732379580	3.9701866028	3.9671395916	3.9640969155	3.9610585657	3.9580245333	3.9549948094	3.9519693852	3.9489482519	3.9459314007	3.9429188229	3.9399105098	3.9369064526	3.9339066426	3.9309110712	3.9279197298	3.9249326097	3.9219497024	3.9189709993	3.9159964918	3.9130261715	3.9100600298	3.9070980582	3.9041402484	3.9011865918	3.8982370802	3.8952917050	3.8923504579	3.8894133306	3.8864803148	3.8835514022	3.8806265845	3.8777058534	3.8747892007	3.8718766183	3.8689680979	3.8660636314	3.8631632106	3.8602668275	3.8573744738	3.8544861416	3.8516018228	3.8487215093	3.8458451932	3.8429728664	3.8401045209	3.8372401489	3.8343797424	3.8315232935	3.8286707943	3.8258222370	3.8229776136	3.8201369164	3.8173001376	3.8144672693	3.8116383039	3.8088132336	3.8059920506	3.8031747473	3.8003613159	3.7975517489	3.7947460385	3.7919441772	3.7891461573	3.7863519713	3.7835616116	3.7807750706	3.7779923409	3.7752134149	3.7724382852	3.7696669443	3.7668993847	3.7641355990	3.7613755799	3.7586193199	3.7558668116	3.7531180477	3.7503730210	3.7476317240	3.7448941494	3.7421602901	3.7394301388	3.7367036881	3.7339809310	3.7312618601	3.7285464684	3.7258347487	3.7231266937	3.7204222965	3.7177215498	3.7150244467	3.7123309800	3.7096411426	3.7069549276	3.7042723280	3.7015933367	3.6989179467	3.6962461511	3.6935779430	3.6909133154	3.6882522614	3.6855947742	3.6829408468	3.6802904724	3.6776436442	3.6750003553	3.6723605989	3.6697243683	3.6670916567	3.6644624573	3.6618367634	3.6592145682	3.6565958652	3.6539806475	3.6513689086	3.6487606417	3.6461558403	3.6435544977	3.6409566073	3.6383621626	3.6357711570	3.6331835839	3.6305994367	3.6280187091	3.6254413944	3.6228674863	3.6202969781	3.6177298636	3.6151661361	3.6126057894	3.6100488170	3.6074952125	3.6049449696	3.6023980819	3.5998545431	3.5973143468	3.5947774867	3.5922439565	3.5897137501	3.5871868610	3.5846632831	3.5821430101	3.5796260358	3.5771123540	3.5746019586	3.5720948433	3.5695910021	3.5670904287	3.5645931171	3.5620990611	3.5596082546	3.5571206916	3.5546363661	3.5521552719	3.5496774030	3.5472027535	3.5447313173	3.5422630884	3.5397980608	3.5373362286	3.5348775859	3.5324221268	3.5299698452	3.5275207353	3.5250747913	3.5226320072	3.5201923772	3.5177558955	3.5153225562	3.5128923535	3.5104652816	3.5080413348	3.5056205072	3.5032027931	3.5007881868	3.4983766824	3.4959682745	3.4935629571	3.4911607246	3.4887615714	3.4863654918	3.4839724802	3.4815825308	3.4791956382	3.4768117966	3.4744310005	3.4720532444	3.4696785226	3.4673068296	3.4649381599	3.4625725080	3.4602098683	3.4578502353	3.4554936035	3.4531399676	3.4507893220	3.4484416612	3.4460969799	3.4437552727	3.4414165340	3.4390807586	3.4367479410	3.4344180760	3.4320911580	3.4297671819	3.4274461422	3.4251280337	3.4228128510	3.4205005888	3.4181912420	3.4158848051	3.4135812730	3.4112806405	3.4089829022	3.4066880530	3.4043960877	3.4021070011	3.3998207879	3.3975374432	3.3952569616	3.3929793380	3.3907045674	3.3884326446	3.3861635645	3.3838973220	3.3816339120	3.3793733295	3.3771155694	3.3748606266	3.3726084962	3.3703591731	3.3681126523	3.3658689287	3.3636279975	3.3613898537	3.3591544922	3.3569219081	3.3546920965	3.3524650525	3.3502407712	3.3480192476	3.3458004768	3.3435844540	3.3413711744	3.3391606329	3.3369528249	3.3347477454	3.3325453897	3.3303457529	3.3281488302	3.3259546168	3.3237631081	3.3215742991	3.3193881851	3.3172047614	3.3150240233	3.3128459660	3.3106705848	3.3084978750	3.3063278319	3.3041604509	3.3019957273	3.2998336564	3.2976742335	3.2955174541	3.2933633134	3.2912118070	3.2890629301	3.2869166783	3.2847730468	3.2826320312	3.2804936268	3.2783578292	3.2762246337	3.2740940359	3.2719660312	3.2698406151	3.2677177832	3.2655975308	3.2634798536	3.2613647471	3.2592522068	3.2571422283	3.2550348071	3.2529299388	3.2508276190	3.2487278433	3.2466306073	3.2445359065	3.2424437367	3.2403540934	3.2382669723	3.2361823690	3.2341002793	3.2320206987	3.2299436229	3.2278690478	3.2257969688	3.2237273819	3.2216602826	3.2195956667	3.2175335300	3.2154738682	3.2134166770	3.2113619523	3.2093096897	3.2072598852	3.2052125345	3.2031676333	3.2011251776	3.1990851631	3.1970475857	3.1950124413	3.1929797256	3.1909494345	3.1889215640	3.1868961098	3.1848730680	3.1828524343	3.1808342047	3.1788183752	3.1768049416	3.1747938999	3.1727852459	3.1707789758	3.1687750855	3.1667735708	3.1647744279	3.1627776526	3.1607832411	3.1587911892	3.1568014931	3.1548141487	3.1528291521	3.1508464993	3.1488661864	3.1468882095	3.1449125646	3.1429392477	3.1409682551	3.1389995827	3.1370332267	3.1350691833	3.1331074484	3.1311480183	3.1291908891	3.1272360569	3.1252835180	3.1233332684	3.1213853043	3.1194396220	3.1174962176	3.1155550873	3.1136162273	3.1116796339	3.1097453032	3.1078132315	3.1058834151	3.1039558501	3.1020305329	3.1001074597	3.0981866268	3.0962680304	3.0943516669	3.0924375325	3.0905256236	3.0886159365	3.0867084674	3.0848032128	3.0829001690	3.0809993322	3.0791006990	3.0772042655	3.0753100283	3.0734179836	3.0715281279	3.0696404576	3.0677549690	3.0658716585	3.0639905227	3.0621115579	3.0602347605	3.0583601270	3.0564876538	3.0546173375	3.0527491743	3.0508831609	3.0490192938	3.0471575693	3.0452979839	3.0434405343	3.0415852169	3.0397320282	3.0378809647	3.0360320230	3.0341851996	3.0323404910	3.0304978939	3.0286574047	3.0268190201	3.0249827366	3.0231485508	3.0213164593	3.0194864587	3.0176585455	3.0158327165	3.0140089683	3.0121872973	3.0103677004	3.0085501741	3.0067347151	3.0049213200	3.0031099856	3.0013007084	2.9994934851	2.9976883125	2.9958851872	2.9940841060	2.9922850655	2.9904880624	2.9886930935	2.9869001555	2.9851092451	2.9833203591	2.9815334942	2.9797486471	2.9779658147	2.9761849937	2.9744061809	2.9726293730	2.9708545668	2.9690817592	2.9673109470	2.9655421269	2.9637752957	2.9620104504	2.9602475877	2.9584867044	2.9567277974	2.9549708636	2.9532158997	2.9514629028	2.9497118695	2.9479627969	2.9462156818	2.9444705210	2.9427273115	2.9409860502	2.9392467340	2.9375093598	2.9357739245	2.9340404250	2.9323088583	2.9305792214	2.9288515111	2.9271257244	2.9254018583	2.9236799098	2.9219598758	2.9202417533	2.9185255392	2.9168112307	2.9150988246	2.9133883180	2.9116797079	2.9099729912	2.9082681651	2.9065652266	2.9048641726	2.9031650003	2.9014677066	2.8997722887	2.8980787435	2.8963870682	2.8946972598	2.8930093154	2.8913232321	2.8896390070	2.8879566371	2.8862761196	2.8845974516	2.8829206302	2.8812456524	2.8795725155	2.8779012166	2.8762317528	2.8745641212	2.8728983190	2.8712343434	2.8695721914	2.8679118604	2.8662533473	2.8645966495	2.8629417642	2.8612886884	2.8596374194	2.8579879543	2.8563402905	2.8546944251	2.8530503554	2.8514080784	2.8497675916	2.8481288921	2.8464919771	2.8448568440	2.8432234899	2.8415919121	2.8399621078	2.8383340745	2.8367078092	2.8350833094	2.8334605722	2.8318395950	2.8302203751	2.8286029097	2.8269871962	2.8253732319	2.8237610142	2.8221505402	2.8205418074	2.8189348131	2.8173295547	2.8157260294	2.8141242347	2.8125241678	2.8109258262	2.8093292072	2.8077343082	2.8061411266	2.8045496597	2.8029599049	2.8013718596	2.7997855213	2.7982008873	2.7966179551	2.7950367219	2.7934571854	2.7918793428	2.7903031917	2.7887287294	2.7871559534	2.7855848612	2.7840154501	2.7824477177	2.7808816614	2.7793172786	2.7777545669	2.7761935237	2.7746341465	2.7730764327	2.7715203800	2.7699659857	2.7684132473	2.7668621624	2.7653127285	2.7637649431	2.7622188037	2.7606743078	2.7591314531	2.7575902369	2.7560506568	2.7545127104	2.7529763953	2.7514417089	2.7499086489	2.7483772128	2.7468473982	2.7453192027	2.7437926237	2.7422676590	2.7407443061	2.7392225626	2.7377024260	2.7361838941	2.7346669643	2.7331516344	2.7316379019	2.7301257644	2.7286152196	2.7271062651	2.7255988986	2.7240931176	2.7225889199	2.7210863030	2.7195852646	2.7180858024	2.7165879141	2.7150915973	2.7135968496	2.7121036688	2.7106120526	2.7091219985	2.7076335044	2.7061465679	2.7046611867	2.7031773585	2.7016950810	2.7002143519	2.6987351690	2.6972575299	2.6957814325	2.6943068743	2.6928338532	2.6913623669	2.6898924132	2.6884239897	2.6869570943	2.6854917246	2.6840278785	2.6825655537	2.6811047481	2.6796454592	2.6781876850	2.6767314232	2.6752766717	2.6738234281	2.6723716903	2.6709214561	2.6694727233	2.6680254897	2.6665797531	2.6651355114	2.6636927622	2.6622515036	2.6608117333	2.6593734491	2.6579366488	2.6565013304	2.6550674917	2.6536351304	2.6522042445	2.6507748318	2.6493468903	2.6479204176	2.6464954118	2.6450718706	2.6436497921	2.6422291739	2.6408100141	2.6393923106	2.6379760611	2.6365612637	2.6351479162	2.6337360165	2.6323255626	2.6309165523	2.6295089836	2.6281028544	2.6266981626	2.6252949061	2.6238930829	2.6224926910	2.6210937282	2.6196961925	2.6183000819	2.6169053942	2.6155121276	2.6141202798	2.6127298490	2.6113408330	2.6099532299	2.6085670376	2.6071822540	2.6057988773	2.6044169053	2.6030363360	2.6016571676	2.6002793978	2.5989030248	2.5975280466	2.5961544612	2.5947822665	2.5934114606	2.5920420416	2.5906740074	2.5893073561	2.5879420857	2.5865781943	2.5852156799	2.5838545405	2.5824947741	2.5811363789	2.5797793529	2.5784236942	2.5770694007	2.5757164707	2.5743649020	2.5730146929	2.5716658414	2.5703183456	2.5689722035	2.5676274133	2.5662839730	2.5649418807	2.5636011346	2.5622617327	2.5609236731	2.5595869540	2.5582515734	2.5569175296	2.5555848205	2.5542534443	2.5529233992	2.5515946832	2.5502672945	2.5489412313	2.5476164917	2.5462930738	2.5449709757	2.5436501957	2.5423307319	2.5410125824	2.5396957454	2.5383802190	2.5370660015	2.5357530909	2.5344414856	2.5331311836	2.5318221831	2.5305144823	2.5292080794	2.5279029726	2.5265991601	2.5252966401	2.5239954108	2.5226954703	2.5213968170	2.5200994489	2.5188033644	2.5175085616	2.5162150388	2.5149227941	2.5136318258	2.5123421322	2.5110537115	2.5097665619	2.5084806816	2.5071960689	2.5059127221	2.5046306393	2.5033498189	2.5020702591	2.5007919581	2.4995149142	2.4982391258	2.4969645909	2.4956913081	2.4944192754	2.4931484911	2.4918789537	2.4906106613	2.4893436122	2.4880778047	2.4868132372	2.4855499078	2.4842878150	2.4830269570	2.4817673321	2.4805089386	2.4792517749	2.4779958392	2.4767411299	2.4754876453	2.4742353837	2.4729843435	2.4717345229	2.4704859204	2.4692385341	2.4679923626	2.4667474041	2.4655036570	2.4642611196	2.4630197903	2.4617796674	2.4605407493	2.4593030343	2.4580665209	2.4568312073	2.4555970919	2.4543641732	2.4531324494	2.4519019191	2.4506725804	2.4494444319	2.4482174720	2.4469916989	2.4457671111	2.4445437070	2.4433214850	2.4421004435	2.4408805809	2.4396618956	2.4384443860	2.4372280506	2.4360128876	2.4347988956	2.4335860731	2.4323744183	2.4311639297	2.4299546058	2.4287464449	2.4275394456	2.4263336063	2.4251289253	2.4239254012	2.4227230324	2.4215218173	2.4203217544	2.4191228422	2.4179250790	2.4167284634	2.4155329938	2.4143386687	2.4131454866	2.4119534459	2.4107625450	2.4095727826	2.4083841570	2.4071966667	2.4060103102	2.4048250860	2.4036409927	2.4024580286	2.4012761922	2.4000954822	2.3989158969	2.3977374349	2.3965600946	2.3953838747	2.3942087736	2.3930347897	2.3918619217	2.3906901680	2.3895195272	2.3883499978	2.3871815783	2.3860142672	2.3848480631	2.3836829645	2.3825189699	2.3813560779	2.3801942871	2.3790335959	2.3778740029	2.3767155067	2.3755581057	2.3744017987	2.3732465840	2.3720924604	2.3709394263	2.3697874802	2.3686366209	2.3674868468	2.3663381565	2.3651905486	2.3640440216	2.3628985742	2.3617542049	2.3606109123	2.3594686950	2.3583275516	2.3571874807	2.3560484808	2.3549105506	2.3537736886	2.3526378935	2.3515031638	2.3503694982	2.3492368953	2.3481053537	2.3469748720	2.3458454488	2.3447170827	2.3435897723	2.3424635164	2.3413383134	2.3402141621	2.3390910610	2.3379690088	2.3368480041	2.3357280456	2.3346091319	2.3334912616	2.3323744334	2.3312586459	2.3301438978	2.3290301877	2.3279175143	2.3268058762	2.3256952721	2.3245857007	2.3234771606	2.3223696504	2.3212631689	2.3201577147	2.3190532865	2.3179498829	2.3168475027	2.3157461445	2.3146458070	2.3135464888	2.3124481887	2.3113509053	2.3102546374	2.3091593836	2.3080651426	2.3069719131	2.3058796939	2.3047884835	2.3036982808	2.3026090843	2.3015208929	2.3004337053	2.2993475201	2.2982623360	2.2971781518	2.2960949662	2.2950127779	2.2939315857	2.2928513882	2.2917721841	2.2906939723	2.2896167515	2.2885405203	2.2874652775	2.2863910219	2.2853177522	2.2842454671	2.2831741653	2.2821038457	2.2810345069	2.2799661478	2.2788987670	2.2778323634	2.2767669356	2.2757024825	2.2746390027	2.2735764951	2.2725149585	2.2714543915	2.2703947930	2.2693361617	2.2682784964	2.2672217959	2.2661660589	2.2651112843	2.2640574708	2.2630046172	2.2619527222	2.2609017847	2.2598518035	2.2588027773	2.2577547050	2.2567075853	2.2556614170	2.2546161990	2.2535719300	2.2525286088	2.2514862343	2.2504448052	2.2494043204	2.2483647786	2.2473261787	2.2462885196	2.2452517999	2.2442160186	2.2431811744	2.2421472662	2.2411142927	2.2400822530	2.2390511456	2.2380209696	2.2369917236	2.2359634067	2.2349360175	2.2339095549	2.2328840178	2.2318594051	2.2308357154	2.2298129478	2.2287911010	2.2277701739	2.2267501654	2.2257310743	2.2247128994	2.2236956396	2.2226792939	2.2216638609	2.2206493397	2.2196357290	2.2186230277	2.2176112348	2.2166003490	2.2155903692	2.2145812944	2.2135731234	2.2125658550	2.2115594882	2.2105540218	2.2095494547	2.2085457858	2.2075430140	2.2065411382	2.2055401573	2.2045400701	2.2035408755	2.2025425725	2.2015451600	2.2005486368	2.1995530018	2.1985582540	2.1975643923	2.1965714155	2.1955793226	2.1945881125	2.1935977840	2.1926083362	2.1916197679	2.1906320780	2.1896452655	2.1886593293	2.1876742682	2.1866900813	2.1857067675	2.1847243256	2.1837427547	2.1827620535	2.1817822212	2.1808032566	2.1798251586	2.1788479262	2.1778715584	2.1768960540	2.1759214120	2.1749476313	2.1739747110	2.1730026499	2.1720314471	2.1710611013	2.1700916117	2.1691229772	2.1681551966	2.1671882691	2.1662221935	2.1652569687	2.1642925939	2.1633290679	2.1623663897	2.1614045582	2.1604435725	2.1594834315	2.1585241341	2.1575656795	2.1566080664	2.1556512940	2.1546953611	2.1537402669	2.1527860102	2.1518325900	2.1508800054	2.1499282553	2.1489773387	2.1480272546	2.1470780020	2.1461295798	2.1451819872	2.1442352230	2.1432892864	2.1423441762	2.1413998915	2.1404564313	2.1395137945	2.1385719803	2.1376309876	2.1366908154	2.1357514628	2.1348129287	2.1338752122	2.1329383122	2.1320022279	2.1310669582	2.1301325021	2.1291988587	2.1282660270	2.1273340060	2.1264027947	2.1254723922	2.1245427975	2.1236140097	2.1226860277	2.1217588506	2.1208324775	2.1199069074	2.1189821393	2.1180581722	2.1171350053	2.1162126375	2.1152910679	2.1143702956	2.1134503195	2.1125311388	2.1116127525	2.1106951596	2.1097783593	2.1088623505	2.1079471324	2.1070327039	2.1061190641	2.1052062122	2.1042941471	2.1033828680	2.1024723739	2.1015626638	2.1006537369	2.0997455922	2.0988382287	2.0979316457	2.0970258420	2.0961208169	2.0952165694	2.0943130985	2.0934104034	2.0925084831	2.0916073367	2.0907069634	2.0898073621	2.0889085320	2.0880104722	2.0871131817	2.0862166597	2.0853209052	2.0844259174	2.0835316953	2.0826382381	2.0817455448	2.0808536145	2.0799624464	2.0790720395	2.0781823930	2.0772935059	2.0764053774	2.0755180066	2.0746313926	2.0737455344	2.0728604313	2.0719760823	2.0710924866	2.0702096432	2.0693275513	2.0684462100	2.0675656184	2.0666857757	2.0658066810	2.0649283333	2.0640507319	2.0631738758	2.0622977643	2.0614223963	2.0605477711	2.0596738878	2.0588007455	2.0579283433	2.0570566804	2.0561857560	2.0553155692	2.0544461190	2.0535774047	2.0527094255	2.0518421803	2.0509756685	2.0501098891	2.0492448414	2.0483805243	2.0475169372	2.0466540791	2.0457919492	2.0449305467	2.0440698707	2.0432099204	2.0423506950	2.0414921935	2.0406344152	2.0397773593	2.0389210248	2.0380654110	2.0372105170	2.0363563421	2.0355028853	2.0346501458	2.0337981229	2.0329468156	2.0320962232	2.0312463449	2.0303971797	2.0295487270	2.0287009859	2.0278539555	2.0270076351	2.0261620237	2.0253171207	2.0244729253	2.0236294364	2.0227866535	2.0219445757	2.0211032021	2.0202625319	2.0194225644	2.0185832988	2.0177447342	2.0169068698	2.0160697049	2.0152332386	2.0143974701	2.0135623987	2.0127280235	2.0118943438	2.0110613587	2.0102290675	2.0093974693	2.0085665635	2.0077363491	2.0069068255	2.0060779917	2.0052498471	2.0044223909	2.0035956222	2.0027695403	2.0019441444	2.0011194337	2.0002954075	1.9994720649	1.9986494052	1.9978274277	1.9970061314	1.9961855158	1.9953655800	1.9945463231	1.9937277446	1.9929098435	1.9920926192	1.9912760708	1.9904601976	1.9896449989	1.9888304738	1.9880166217	1.9872034416	1.9863909330	1.9855790950	1.9847679269	1.9839574279	1.9831475973	1.9823384342	1.9815299381	1.9807221080	1.9799149434	1.9791084433	1.9783026071	1.9774974340	1.9766929233	1.9758890742	1.9750858860	1.9742833579	1.9734814893	1.9726802793	1.9718797272	1.9710798323	1.9702805939	1.9694820112	1.9686840834	1.9678868100	1.9670901900	1.9662942228	1.9654989077	1.9647042439	1.9639102306	1.9631168673	1.9623241531	1.9615320873	1.9607406693	1.9599498982	1.9591597733	1.9583702940	1.9575814595	1.9567932691	1.9560057220	1.9552188177	1.9544325553	1.9536469341	1.9528619534	1.9520776125	1.9512939108	1.9505108474	1.9497284217	1.9489466330	1.9481654805	1.9473849636	1.9466050816	1.9458258337	1.9450472193	1.9442692376	1.9434918879	1.9427151696	1.9419390819	1.9411636242	1.9403887958	1.9396145959	1.9388410239	1.9380680790	1.9372957607	1.9365240681	1.9357530006	1.9349825575	1.9342127381	1.9334435418	1.9326749678	1.9319070155	1.9311396842	1.9303729732	1.9296068817	1.9288414092	1.9280765550	1.9273123183	1.9265486985	1.9257856949	1.9250233069	1.9242615337	1.9235003748	1.9227398293	1.9219798967	1.9212205763	1.9204618673	1.9197037692	1.9189462813	1.9181894028	1.9174331332	1.9166774717	1.9159224178	1.9151679707	1.9144141297	1.9136608943	1.9129082637	1.9121562373	1.9114048145	1.9106539945	1.9099037767	1.9091541605	1.9084051452	1.9076567301	1.9069089147	1.9061616982	1.9054150800	1.9046690594	1.9039236358	1.9031788086	1.9024345771	1.9016909406	1.9009478986	1.9002054502	1.8994635951	1.8987223324	1.8979816615	1.8972415818	1.8965020927	1.8957631934	1.8950248835	1.8942871622	1.8935500289	1.8928134829	1.8920775237	1.8913421506	1.8906073629	1.8898731601	1.8891395415	1.8884065064	1.8876740543	1.8869421845	1.8862108964	1.8854801893	1.8847500627	1.8840205159	1.8832915483	1.8825631592	1.8818353481	1.8811081143	1.8803814571	1.8796553761	1.8789298705	1.8782049398	1.8774805833	1.8767568004	1.8760335905	1.8753109529	1.8745888872	1.8738673926	1.8731464685	1.8724261144	1.8717063296	1.8709871135	1.8702684655	1.8695503850	1.8688328714	1.8681159241	1.8673995424	1.8666837259	1.8659684738	1.8652537856	1.8645396606	1.8638260984	1.8631130982	1.8624006594	1.8616887816	1.8609774640	1.8602667061	1.8595565073	1.8588468670	1.8581377846	1.8574292595	1.8567212911	1.8560138788	1.8553070221	1.8546007203	1.8538949728	1.8531897791	1.8524851386	1.8517810507	1.8510775148	1.8503745303	1.8496720967	1.8489702133	1.8482688796	1.8475680950	1.8468678589	1.8461681707	1.8454690299	1.8447704358	1.8440723880	1.8433748858	1.8426779286	1.8419815159	1.8412856471	1.8405903216	1.8398955389	1.8392012983	1.8385075994	1.8378144415	1.8371218241	1.8364297465	1.8357382084	1.8350472089	1.8343567477	1.8336668241	1.8329774376	1.8322885876	1.8316002736	1.8309124949	1.8302252511	1.8295385415	1.8288523656	1.8281667229	1.8274816128	1.8267970346	1.8261129880	1.8254294723	1.8247464869	1.8240640313	1.8233821050	1.8227007074	1.8220198380	1.8213394961	1.8206596813	1.8199803930	1.8193016306	1.8186233936	1.8179456815	1.8172684937	1.8165918297	1.8159156888	1.8152400707	1.8145649746	1.8138904002	1.8132163468	1.8125428138	1.8118698009	1.8111973074	1.8105253327	1.8098538764	1.8091829379	1.8085125167	1.8078426122	1.8071732238	1.8065043512	1.8058359937	1.8051681507	1.8045008219	1.8038340065	1.8031677042	1.8025019143	1.8018366364	1.8011718699	1.8005076143	1.7998438690	1.7991806335	1.7985179074	1.7978556900	1.7971939809	1.7965327795	1.7958720853	1.7952118978	1.7945522164	1.7938930407	1.7932343701	1.7925762041	1.7919185422	1.7912613839	1.7906047286	1.7899485758	1.7892929251	1.7886377758	1.7879831275	1.7873289797	1.7866753319	1.7860221835	1.7853695340	1.7847173830	1.7840657298	1.7834145741	1.7827639153	1.7821137528	1.7814640862	1.7808149150	1.7801662386	1.7795180567	1.7788703685	1.7782231737	1.7775764718	1.7769302622	1.7762845444	1.7756393180	1.7749945824	1.7743503371	1.7737065817	1.7730633157	1.7724205384	1.7717782495	1.7711364485	1.7704951348	1.7698543080	1.7692139675	1.7685741129	1.7679347437	1.7672958593	1.7666574594	1.7660195433	1.7653821107	1.7647451609	1.7641086936	1.7634727082	1.7628372043	1.7622021814	1.7615676389	1.7609335764	1.7602999934	1.7596668895	1.7590342641	1.7584021167	1.7577704469	1.7571392542	1.7565085381	1.7558782981	1.7552485338	1.7546192446	1.7539904301	1.7533620898	1.7527342233	1.7521068300	1.7514799095	1.7508534613	1.7502274849	1.7496019799	1.7489769457	1.7483523820	1.7477282882	1.7471046638	1.7464815085	1.7458588216	1.7452366028	1.7446148516	1.7439935675	1.7433727500	1.7427523988	1.7421325132	1.7415130928	1.7408941373	1.7402756460	1.7396576186	1.7390400546	1.7384229535	1.7378063148	1.7371901382	1.7365744231	1.7359591690	1.7353443756	1.7347300423	1.7341161687	1.7335027544	1.7328897988	1.7322773015	1.7316652622	1.7310536802	1.7304425552	1.7298318866	1.7292216741	1.7286119173	1.7280026155	1.7273937684	1.7267853756	1.7261774366	1.7255699508	1.7249629180	1.7243563376	1.7237502092	1.7231445323	1.7225393065	1.7219345314	1.7213302065	1.7207263313	1.7201229054	1.7195199283	1.7189173997	1.7183153191	1.7177136860	1.7171125000	1.7165117606	1.7159114674	1.7153116200	1.7147122180	1.7141132608	1.7135147480	1.7129166793	1.7123190542	1.7117218721	1.7111251328	1.7105288357	1.7099329805	1.7093375667	1.7087425938	1.7081480614	1.7075539692	1.7069603166	1.7063671032	1.7057743286	1.7051819924	1.7045900941	1.7039986333	1.7034076096	1.7028170226	1.7022268718	1.7016371567	1.7010478771	1.7004590323	1.6998706221	1.6992826460	1.6986951035	1.6981079943	1.6975213179	1.6969350739	1.6963492619	1.6957638814	1.6951789320	1.6945944134	1.6940103250	1.6934266665	1.6928434375	1.6922606375	1.6916782661	1.6910963229	1.6905148075	1.6899337194	1.6893530583	1.6887728237	1.6881930152	1.6876136325	1.6870346750	1.6864561424	1.6858780342	1.6853003501	1.6847230897	1.6841462525	1.6835698381	1.6829938461	1.6824182761	1.6818431277	1.6812684004	1.6806940940	1.6801202079	1.6795467418	1.6789736952	1.6784010677	1.6778288591	1.6772570687	1.6766856963	1.6761147414	1.6755442036	1.6749740826	1.6744043779	1.6738350891	1.6732662158	1.6726977577	1.6721297142	1.6715620851	1.6709948699	1.6704280682	1.6698616797	1.6692957039	1.6687301404	1.6681649888	1.6676002488	1.6670359199	1.6664720018	1.6659084940	1.6653453962	1.6647827079	1.6642204289	1.6636585586	1.6630970966	1.6625360427	1.6619753964	1.6614151573	1.6608553251	1.6602958992	1.6597368795	1.6591782653	1.6586200565	1.6580622525	1.6575048531	1.6569478577	1.6563912661	1.6558350778	1.6552792925	1.6547239097	1.6541689291	1.6536143503	1.6530601730	1.6525063967	1.6519530210	1.6514000457	1.6508474702	1.6502952942	1.6497435173	1.6491921393	1.6486411596	1.6480905778	1.6475403937	1.6469906069	1.6464412169	1.6458922234	1.6453436260	1.6447954243	1.6442476180	1.6437002067	1.6431531900	1.6426065675	1.6420603389	1.6415145038	1.6409690618	1.6404240126	1.6398793557	1.6393350908	1.6387912176	1.6382477356	1.6377046446	1.6371619440	1.6366196336	1.6360777130	1.6355361818	1.6349950397	1.6344542863	1.6339139211	1.6333739440	1.6328343544	1.6322951520	1.6317563365	1.6312179075	1.6306798647	1.6301422076	1.6296049359	1.6290680492	1.6285315473	1.6279954296	1.6274596960	1.6269243459	1.6263893791	1.6258547951	1.6253205937	1.6247867744	1.6242533369	1.6237202809	1.6231876060	1.6226553118	1.6221233980	1.6215918642	1.6210607101	1.6205299353	1.6199995394	1.6194695222	1.6189398832	1.6184106221	1.6178817385	1.6173532321	1.6168251026	1.6162973496	1.6157699727	1.6152429716	1.6147163459	1.6141900953	1.6136642194	1.6131387180	1.6126135906	1.6120888368	1.6115644564	1.6110404491	1.6105168143	1.6099935519	1.6094706614	1.6089481426	1.6084259950	1.6079042183	1.6073828123	1.6068617764	1.6063411105	1.6058208141	1.6053008869	1.6047813286	1.6042621388	1.6037433172	1.6032248634	1.6027067772	1.6021890581	1.6016717058	1.6011547200	1.6006381004	1.6001218466	1.5996059582	1.5990904350	1.5985752766	1.5980604827	1.5975460528	1.5970319868	1.5965182842	1.5960049447	1.5954919681	1.5949793538	1.5944671017	1.5939552114	1.5934436825	1.5929325148	1.5924217078	1.5919112613	1.5914011749	1.5908914484	1.5903820812	1.5898730733	1.5893644241	1.5888561334	1.5883482008	1.5878406261	1.5873334089	1.5868265488	1.5863200456	1.5858138988	1.5853081083	1.5848026736	1.5842975945	1.5837928705	1.5832885015	1.5827844870	1.5822808267	1.5817775204	1.5812745676	1.5807719681	1.5802697216	1.5797678277	1.5792662861	1.5787650964	1.5782642585	1.5777637718	1.5772636362	1.5767638513	1.5762644168	1.5757653323	1.5752665976	1.5747682123	1.5742701761	1.5737724887	1.5732751498	1.5727781590	1.5722815161	1.5717852207	1.5712892725	1.5707936713	1.5702984166	1.5698035081	1.5693089457	1.5688147289	1.5683208574	1.5678273309	1.5673341491	1.5668413117	1.5663488184	1.5658566689	1.5653648628	1.5648733999	1.5643822798	1.5638915023	1.5634010670	1.5629109736	1.5624212218	1.5619318112	1.5614427417	1.5609540129	1.5604656244	1.5599775760	1.5594898674	1.5590024982	1.5585154682	1.5580287770	1.5575424244	1.5570564100	1.5565707335	1.5560853947	1.5556003932	1.5551157287	1.5546314010	1.5541474096	1.5536637544	1.5531804350	1.5526974511	1.5522148024	1.5517324887	1.5512505095	1.5507688647	1.5502875539	1.5498065768	1.5493259331	1.5488456226	1.5483656448	1.5478859996	1.5474066867	1.5469277056	1.5464490562	1.5459707382	1.5454927511	1.5450150949	1.5445377691	1.5440607734	1.5435841076	1.5431077714	1.5426317645	1.5421560865	1.5416807373	1.5412057164	1.5407310237	1.5402566587	1.5397826213	1.5393089112	1.5388355280	1.5383624714	1.5378897412	1.5374173371	1.5369452587	1.5364735059	1.5360020782	1.5355309755	1.5350601974	1.5345897437	1.5341196140	1.5336498081	1.5331803256	1.5327111664	1.5322423301	1.5317738164	1.5313056250	1.5308377557	1.5303702082	1.5299029822	1.5294360773	1.5289694934	1.5285032302	1.5280372872	1.5275716644	1.5271063613	1.5266413778	1.5261767135	1.5257123681	1.5252483414	1.5247846331	1.5243212429	1.5238581705
0.7533697124	0.7539494896	0.7545293314	0.7551092379	0.7556892090	0.7562692446	0.7568493448	0.7574295093	0.7580097382	0.7585900314	0.7591703889	0.7597508105	0.7603312963	0.7609118462	0.7614924602	0.7620731381	0.7626538799	0.7632346856	0.7638155551	0.7643964883	0.7649774853	0.7655585459	0.7661396701	0.7667208578	0.7673021090	0.7678834236	0.7684648015	0.7690462428	0.7696277473	0.7702093150	0.7707909459	0.7713726398	0.7719543968	0.7725362167	0.7731180996	0.7737000453	0.7742820538	0.7748641250	0.7754462590	0.7760284556	0.7766107147	0.7771930364	0.7777754206	0.7783578672	0.7789403761	0.7795229473	0.7801055808	0.7806882765	0.7812710343	0.7818538542	0.7824367361	0.7830196799	0.7836026857	0.7841857534	0.7847688828	0.7853520740	0.7859353268	0.7865186413	0.7871020174	0.7876854550	0.7882689540	0.7888525145	0.7894361363	0.7900198194	0.7906035637	0.7911873693	0.7917712359	0.7923551637	0.7929391524	0.7935232021	0.7941073128	0.7946914842	0.7952757165	0.7958600095	0.7964443632	0.7970287775	0.7976132523	0.7981977877	0.7987823836	0.7993670398	0.7999517564	0.8005365333	0.8011213704	0.8017062677	0.8022912252	0.8028762427	0.8034613202	0.8040464576	0.8046316550	0.8052169122	0.8058022292	0.8063876059	0.8069730423	0.8075585383	0.8081440939	0.8087297090	0.8093153836	0.8099011175	0.8104869108	0.8110727634	0.8116586752	0.8122446462	0.8128306763	0.8134167655	0.8140029136	0.8145891207	0.8151753868	0.8157617116	0.8163480953	0.8169345376	0.8175210387	0.8181075983	0.8186942165	0.8192808932	0.8198676284	0.8204544220	0.8210412739	0.8216281840	0.8222151524	0.8228021790	0.8233892637	0.8239764064	0.8245636072	0.8251508658	0.8257381824	0.8263255568	0.8269129890	0.8275004789	0.8280880265	0.8286756317	0.8292632944	0.8298510147	0.8304387924	0.8310266274	0.8316145198	0.8322024695	0.8327904764	0.8333785405	0.8339666617	0.8345548399	0.8351430751	0.8357313673	0.8363197163	0.8369081222	0.8374965848	0.8380851042	0.8386736802	0.8392623129	0.8398510020	0.8404397477	0.8410285498	0.8416174083	0.8422063232	0.8427952943	0.8433843216	0.8439734050	0.8445625446	0.8451517402	0.8457409918	0.8463302994	0.8469196628	0.8475090820	0.8480985571	0.8486880878	0.8492776742	0.8498673161	0.8504570137	0.8510467667	0.8516365751	0.8522264390	0.8528163581	0.8534063325	0.8539963622	0.8545864469	0.8551765868	0.8557667817	0.8563570316	0.8569473365	0.8575376962	0.8581281107	0.8587185800	0.8593091040	0.8598996826	0.8604903159	0.8610810037	0.8616717459	0.8622625426	0.8628533937	0.8634442991	0.8640352587	0.8646262726	0.8652173406	0.8658084627	0.8663996388	0.8669908689	0.8675821529	0.8681734908	0.8687648826	0.8693563280	0.8699478272	0.8705393800	0.8711309864	0.8717226464	0.8723143598	0.8729061267	0.8734979469	0.8740898204	0.8746817472	0.8752737272	0.8758657603	0.8764578465	0.8770499857	0.8776421780	0.8782344231	0.8788267211	0.8794190719	0.8800114755	0.8806039317	0.8811964406	0.8817890021	0.8823816161	0.8829742826	0.8835670015	0.8841597728	0.8847525964	0.8853454722	0.8859384002	0.8865313804	0.8871244126	0.8877174969	0.8883106331	0.8889038213	0.8894970613	0.8900903531	0.8906836967	0.8912770919	0.8918705388	0.8924640373	0.8930575873	0.8936511888	0.8942448416	0.8948385459	0.8954323014	0.8960261082	0.8966199662	0.8972138753	0.8978078354	0.8984018466	0.8989959088	0.8995900219	0.9001841858	0.9007784005	0.9013726660	0.9019669822	0.9025613490	0.9031557663	0.9037502342	0.9043447525	0.9049393213	0.9055339404	0.9061286098	0.9067233294	0.9073180993	0.9079129192	0.9085077892	0.9091027093	0.9096976793	0.9102926992	0.9108877689	0.9114828885	0.9120780578	0.9126732767	0.9132685453	0.9138638635	0.9144592312	0.9150546483	0.9156501149	0.9162456307	0.9168411959	0.9174368103	0.9180324739	0.9186281866	0.9192239484	0.9198197592	0.9204156189	0.9210115276	0.9216074851	0.9222034913	0.9227995463	0.9233956500	0.9239918023	0.9245880032	0.9251842526	0.9257805504	0.9263768966	0.9269732912	0.9275697341	0.9281662252	0.9287627644	0.9293593518	0.9299559872	0.9305526707	0.9311494021	0.9317461814	0.9323430085	0.9329398834	0.9335368061	0.9341337764	0.9347307943	0.9353278598	0.9359249728	0.9365221332	0.9371193410	0.9377165962	0.9383138986	0.9389112483	0.9395086452	0.9401060891	0.9407035801	0.9413011181	0.9418987031	0.9424963349	0.9430940136	0.9436917391	0.9442895112	0.9448873301	0.9454851955	0.9460831076	0.9466810661	0.9472790710	0.9478771224	0.9484752200	0.9490733640	0.9496715541	0.9502697905	0.9508680729	0.9514664014	0.9520647759	0.9526631963	0.9532616626	0.9538601747	0.9544587326	0.9550573363	0.9556559856	0.9562546804	0.9568534209	0.9574522068	0.9580510382	0.9586499149	0.9592488370	0.9598478044	0.9604468169	0.9610458747	0.9616449775	0.9622441254	0.9628433182	0.9634425560	0.9640418387	0.9646411662	0.9652405385	0.9658399555	0.9664394171	0.9670389233	0.9676384741	0.9682380694	0.9688377091	0.9694373932	0.9700371216	0.9706368942	0.9712367111	0.9718365721	0.9724364772	0.9730364264	0.9736364196	0.9742364566	0.9748365376	0.9754366624	0.9760368309	0.9766370432	0.9772372990	0.9778375985	0.9784379416	0.9790383281	0.9796387580	0.9802392313	0.9808397479	0.9814403078	0.9820409109	0.9826415572	0.9832422465	0.9838429789	0.9844437542	0.9850445725	0.9856454336	0.9862463376	0.9868472843	0.9874482737	0.9880493058	0.9886503804	0.9892514976	0.9898526573	0.9904538593	0.9910551038	0.9916563906	0.9922577196	0.9928590908	0.9934605041	0.9940619596	0.9946634571	0.9952649965	0.9958665779	0.9964682011	0.9970698662	0.9976715730	0.9982733215	0.9988751116	0.9994769433	1.0000788166	1.0006807313	1.0012826874	1.0018846849	1.0024867237	1.0030888038	1.0036909250	1.0042930874	1.0048952909	1.0054975354	1.0060998208	1.0067021472	1.0073045145	1.0079069225	1.0085093713	1.0091118608	1.0097143909	1.0103169616	1.0109195728	1.0115222245	1.0121249166	1.0127276490	1.0133304218	1.0139332348	1.0145360880	1.0151389813	1.0157419147	1.0163448881	1.0169479015	1.0175509548	1.0181540479	1.0187571809	1.0193603536	1.0199635659	1.0205668180	1.0211701095	1.0217734406	1.0223768112	1.0229802212	1.0235836705	1.0241871591	1.0247906869	1.0253942540	1.0259978601	1.0266015054	1.0272051896	1.0278089129	1.0284126750	1.0290164759	1.0296203157	1.0302241942	1.0308281114	1.0314320672	1.0320360615	1.0326400944	1.0332441658	1.0338482755	1.0344524236	1.0350566100	1.0356608346	1.0362650974	1.0368693983	1.0374737373	1.0380781143	1.0386825292	1.0392869821	1.0398914728	1.0404960013	1.0411005675	1.0417051714	1.0423098129	1.0429144919	1.0435192085	1.0441239625	1.0447287540	1.0453335828	1.0459384488	1.0465433521	1.0471482925	1.0477532701	1.0483582848	1.0489633364	1.0495684250	1.0501735505	1.0507787128	1.0513839119	1.0519891478	1.0525944203	1.0531997294	1.0538050751	1.0544104572	1.0550158759	1.0556213309	1.0562268223	1.0568323499	1.0574379138	1.0580435138	1.0586491499	1.0592548221	1.0598605303	1.0604662745	1.0610720545	1.0616778704	1.0622837220	1.0628896094	1.0634955324	1.0641014911	1.0647074853	1.0653135150	1.0659195801	1.0665256806	1.0671318165	1.0677379876	1.0683441940	1.0689504355	1.0695567121	1.0701630238	1.0707693704	1.0713757520	1.0719821685	1.0725886198	1.0731951059	1.0738016267	1.0744081822	1.0750147723	1.0756213969	1.0762280560	1.0768347496	1.0774414775	1.0780482398	1.0786550363	1.0792618670	1.0798687319	1.0804756309	1.0810825640	1.0816895310	1.0822965320	1.0829035668	1.0835106355	1.0841177380	1.0847248741	1.0853320439	1.0859392473	1.0865464843	1.0871537547	1.0877610586	1.0883683959	1.0889757664	1.0895831703	1.0901906073	1.0907980775	1.0914055808	1.0920131171	1.0926206864	1.0932282887	1.0938359238	1.0944435918	1.0950512925	1.0956590259	1.0962667919	1.0968745906	1.0974824218	1.0980902855	1.0986981816	1.0993061100	1.0999140708	1.1005220639	1.1011300891	1.1017381465	1.1023462360	1.1029543576	1.1035625111	1.1041706965	1.1047789138	1.1053871629	1.1059954438	1.1066037564	1.1072121006	1.1078204764	1.1084288837	1.1090373226	1.1096457928	1.1102542944	1.1108628273	1.1114713915	1.1120799869	1.1126886134	1.1132972710	1.1139059596	1.1145146792	1.1151234297	1.1157322111	1.1163410233	1.1169498663	1.1175587399	1.1181676442	1.1187765791	1.1193855445	1.1199945403	1.1206035666	1.1212126233	1.1218217102	1.1224308274	1.1230399748	1.1236491524	1.1242583600	1.1248675976	1.1254768652	1.1260861628	1.1266954901	1.1273048473	1.1279142343	1.1285236509	1.1291330971	1.1297425730	1.1303520784	1.1309616132	1.1315711774	1.1321807710	1.1327903939	1.1334000461	1.1340097274	1.1346194378	1.1352291774	1.1358389459	1.1364487435	1.1370585699	1.1376684252	1.1382783093	1.1388882221	1.1394981636	1.1401081338	1.1407181325	1.1413281597	1.1419382154	1.1425482995	1.1431584120	1.1437685527	1.1443787217	1.1449889189	1.1455991442	1.1462093975	1.1468196789	1.1474299883	1.1480403255	1.1486506906	1.1492610835	1.1498715041	1.1504819524	1.1510924284	1.1517029319	1.1523134629	1.1529240214	1.1535346072	1.1541452205	1.1547558610	1.1553665287	1.1559772236	1.1565879457	1.1571986948	1.1578094709	1.1584202740	1.1590311039	1.1596419608	1.1602528444	1.1608637547	1.1614746917	1.1620856553	1.1626966455	1.1633076622	1.1639187054	1.1645297749	1.1651408708	1.1657519930	1.1663631414	1.1669743160	1.1675855167	1.1681967435	1.1688079962	1.1694192749	1.1700305795	1.1706419100	1.1712532662	1.1718646482	1.1724760558	1.1730874890	1.1736989478	1.1743104321	1.1749219419	1.1755334770	1.1761450375	1.1767566232	1.1773682342	1.1779798703	1.1785915316	1.1792032179	1.1798149292	1.1804266655	1.1810384266	1.1816502126	1.1822620233	1.1828738588	1.1834857190	1.1840976037	1.1847095130	1.1853214468	1.1859334051	1.1865453877	1.1871573947	1.1877694259	1.1883814813	1.1889935610	1.1896056647	1.1902177925	1.1908299442	1.1914421199	1.1920543195	1.1926665430	1.1932787901	1.1938910611	1.1945033556	1.1951156738	1.1957280155	1.1963403807	1.1969527694	1.1975651814	1.1981776168	1.1987900754	1.1994025572	1.2000150622	1.2006275903	1.2012401415	1.2018527156	1.2024653127	1.2030779326	1.2036905754	1.2043032410	1.2049159292	1.2055286401	1.2061413736	1.2067541297	1.2073669082	1.2079797092	1.2085925325	1.2092053782	1.2098182461	1.2104311362	1.2110440485	1.2116569829	1.2122699393	1.2128829177	1.2134959181	1.2141089403	1.2147219843	1.2153350501	1.2159481376	1.2165612467	1.2171743775	1.2177875298	1.2184007035	1.2190138987	1.2196271153	1.2202403532	1.2208536123	1.2214668926	1.2220801941	1.2226935167	1.2233068603	1.2239202249	1.2245336104	1.2251470168	1.2257604440	1.2263738919	1.2269873606	1.2276008499	1.2282143598	1.2288278902	1.2294414411	1.2300550124	1.2306686041	1.2312822161	1.2318958484	1.2325095008	1.2331231734	1.2337368661	1.2343505788	1.2349643115	1.2355780641	1.2361918365	1.2368056288	1.2374194408	1.2380332725	1.2386471239	1.2392609948	1.2398748853	1.2404887952	1.2411027246	1.2417166733	1.2423306413	1.2429446286	1.2435586351	1.2441726607	1.2447867054	1.2454007691	1.2460148518	1.2466289534	1.2472430738	1.2478572131	1.2484713711	1.2490855477	1.2496997431	1.2503139570	1.2509281894	1.2515424403	1.2521567096	1.2527709973	1.2533853032	1.2539996274	1.2546139698	1.2552283303	1.2558427089	1.2564571056	1.2570715202	1.2576859526	1.2583004030	1.2589148711	1.2595293570	1.2601438606	1.2607583818	1.2613729206	1.2619874769	1.2626020506	1.2632166418	1.2638312503	1.2644458761	1.2650605191	1.2656751794	1.2662898567	1.2669045511	1.2675192626	1.2681339910	1.2687487363	1.2693634984	1.2699782774	1.2705930731	1.2712078854	1.2718227144	1.2724375599	1.2730524220	1.2736673005	1.2742821955	1.2748971067	1.2755120343	1.2761269781	1.2767419380	1.2773569141	1.2779719063	1.2785869145	1.2792019386	1.2798169786	1.2804320345	1.2810471061	1.2816621935	1.2822772965	1.2828924152	1.2835075495	1.2841226992	1.2847378644	1.2853530450	1.2859682409	1.2865834521	1.2871986786	1.2878139202	1.2884291769	1.2890444487	1.2896597355	1.2902750373	1.2908903539	1.2915056854	1.2921210317	1.2927363927	1.2933517683	1.2939671586	1.2945825634	1.2951979828	1.2958134165	1.2964288647	1.2970443272	1.2976598040	1.2982752950	1.2988908002	1.2995063195	1.3001218528	1.3007374002	1.3013529615	1.3019685366	1.3025841256	1.3031997284	1.3038153449	1.3044309751	1.3050466189	1.3056622762	1.3062779471	1.3068936313	1.3075093290	1.3081250400	1.3087407642	1.3093565017	1.3099722524	1.3105880161	1.3112037929	1.3118195827	1.3124353854	1.3130512011	1.3136670295	1.3142828707	1.3148987247	1.3155145912	1.3161304704	1.3167463622	1.3173622664	1.3179781831	1.3185941121	1.3192100535	1.3198260072	1.3204419730	1.3210579510	1.3216739412	1.3222899433	1.3229059575	1.3235219836	1.3241380215	1.3247540713	1.3253701329	1.3259862061	1.3266022911	1.3272183876	1.3278344956	1.3284506152	1.3290667462	1.3296828885	1.3302990422	1.3309152071	1.3315313833	1.3321475706	1.3327637690	1.3333799784	1.3339961988	1.3346124302	1.3352286724	1.3358449255	1.3364611893	1.3370774638	1.3376937489	1.3383100447	1.3389263510	1.3395426677	1.3401589949	1.3407753325	1.3413916804	1.3420080385	1.3426244068	1.3432407853	1.3438571739	1.3444735725	1.3450899811	1.3457063996	1.3463228280	1.3469392662	1.3475557142	1.3481721718	1.3487886391	1.3494051160	1.3500216024	1.3506380983	1.3512546037	1.3518711183	1.3524876423	1.3531041756	1.3537207180	1.3543372696	1.3549538303	1.3555704000	1.3561869787	1.3568035663	1.3574201627	1.3580367680	1.3586533820	1.3592700047	1.3598866361	1.3605032760	1.3611199245	1.3617365814	1.3623532468	1.3629699205	1.3635866025	1.3642032928	1.3648199912	1.3654366978	1.3660534125	1.3666701352	1.3672868658	1.3679036044	1.3685203509	1.3691371051	1.3697538671	1.3703706368	1.3709874141	1.3716041990	1.3722209914	1.3728377913	1.3734545986	1.3740714132	1.3746882351	1.3753050643	1.3759219007	1.3765387442	1.3771555948	1.3777724524	1.3783893170	1.3790061884	1.3796230668	1.3802399519	1.3808568438	1.3814737423	1.3820906475	1.3827075592	1.3833244775	1.3839414022	1.3845583334	1.3851752709	1.3857922147	1.3864091647	1.3870261209	1.3876430832	1.3882600516	1.3888770260	1.3894940064	1.3901109927	1.3907279848	1.3913449827	1.3919619864	1.3925789957	1.3931960106	1.3938130312	1.3944300572	1.3950470887	1.3956641256	1.3962811678	1.3968982154	1.3975152681	1.3981323261	1.3987493891	1.3993664572	1.3999835304	1.4006006085	1.4012176914	1.4018347793	1.4024518719	1.4030689692	1.4036860713	1.4043031779	1.4049202891	1.4055374048	1.4061545250	1.4067716495	1.4073887784	1.4080059116	1.4086230490	1.4092401906	1.4098573363	1.4104744860	1.4110916398	1.4117087975	1.4123259591	1.4129431246	1.4135602938	1.4141774667	1.4147946434	1.4154118236	1.4160290074	1.4166461947	1.4172633854	1.4178805795	1.4184977770	1.4191149777	1.4197321817	1.4203493888	1.4209665991	1.4215838124	1.4222010287	1.4228182479	1.4234354700	1.4240526950	1.4246699227	1.4252871532	1.4259043863	1.4265216220	1.4271388603	1.4277561011	1.4283733443	1.4289905899	1.4296078379	1.4302250881	1.4308423405	1.4314595951	1.4320768518	1.4326941105	1.4333113713	1.4339286340	1.4345458985	1.4351631649	1.4357804331	1.4363977030	1.4370149745	1.4376322476	1.4382495223	1.4388667985	1.4394840761	1.4401013551	1.4407186354	1.4413359170	1.4419531998	1.4425704838	1.4431877688	1.4438050549	1.4444223420	1.4450396300	1.4456569190	1.4462742087	1.4468914992	1.4475087904	1.4481260822	1.4487433747	1.4493606677	1.4499779612	1.4505952551	1.4512125494	1.4518298440	1.4524471388	1.4530644339	1.4536817292	1.4542990245	1.4549163199	1.4555336152	1.4561509105	1.4567682056	1.4573855006	1.4580027953	1.4586200898	1.4592373839	1.4598546775	1.4604719708	1.4610892635	1.4617065556	1.4623238471	1.4629411379	1.4635584279	1.4641757172	1.4647930056	1.4654102931	1.4660275797	1.4666448652	1.4672621496	1.4678794329	1.4684967151	1.4691139959	1.4697312755	1.4703485537	1.4709658306	1.4715831059	1.4722003797	1.4728176520	1.4734349226	1.4740521915	1.4746694586	1.4752867240	1.4759039875	1.4765212491	1.4771385087	1.4777557663	1.4783730218	1.4789902752	1.4796075264	1.4802247753	1.4808420219	1.4814592662	1.4820765081	1.4826937474	1.4833109843	1.4839282185	1.4845454502	1.4851626791	1.4857799053	1.4863971286	1.4870143491	1.4876315667	1.4882487813	1.4888659929	1.4894832014	1.4901004068	1.4907176089	1.4913348078	1.4919520034	1.4925691956	1.4931863844	1.4938035697	1.4944207515	1.4950379297	1.4956551043	1.4962722751	1.4968894422	1.4975066055	1.4981237649	1.4987409204	1.4993580719	1.4999752194	1.5005923627	1.5012095020	1.5018266370	1.5024437678	1.5030608942	1.5036780163	1.5042951339	1.5049122471	1.5055293557	1.5061464598	1.5067635592	1.5073806538	1.5079977438	1.5086148289	1.5092319091	1.5098489844	1.5104660547	1.5110831200	1.5117001801	1.5123172351	1.5129342850	1.5135513295	1.5141683687	1.5147854026	1.5154024310	1.5160194539	1.5166364713	1.5172534831	1.5178704892	1.5184874896	1.5191044843	1.5197214731	1.5203384561	1.5209554331	1.5215724041	1.5221893691	1.5228063279	1.5234232807	1.5240402272	1.5246571674	1.5252741013	1.5258910288	1.5265079499	1.5271248645	1.5277417726	1.5283586740	1.5289755688	1.5295924568	1.5302093381	1.5308262126	1.5314430802	1.5320599408	1.5326767945	1.5332936410	1.5339104805	1.5345273129	1.5351441380	1.5357609558	1.5363777663	1.5369945694	1.5376113651	1.5382281532	1.5388449338	1.5394617068	1.5400784722	1.5406952298	1.5413119796	1.5419287216	1.5425454558	1.5431621819	1.5437789001	1.5443956102	1.5450123122	1.5456290061	1.5462456917	1.5468623690	1.5474790380	1.5480956986	1.5487123508	1.5493289944	1.5499456295	1.5505622560	1.5511788738	1.5517954829	1.5524120832	1.5530286746	1.5536452572	1.5542618308	1.5548783954	1.5554949509	1.5561114974	1.5567280346	1.5573445627	1.5579610814	1.5585775908	1.5591940908	1.5598105813	1.5604270624	1.5610435339	1.5616599957	1.5622764479	1.5628928904	1.5635093230	1.5641257458	1.5647421588	1.5653585617	1.5659749547	1.5665913376	1.5672077103	1.5678240729	1.5684404252	1.5690567673	1.5696730990	1.5702894203	1.5709057312	1.5715220315	1.5721383213	1.5727546004	1.5733708689	1.5739871266	1.5746033736	1.5752196097	1.5758358348	1.5764520491	1.5770682523	1.5776844444	1.5783006254	1.5789167952	1.5795329538	1.5801491011	1.5807652370	1.5813813615	1.5819974746	1.5826135762	1.5832296661	1.5838457445	1.5844618111	1.5850778660	1.5856939092	1.5863099404	1.5869259598	1.5875419672	1.5881579625	1.5887739458	1.5893899170	1.5900058759	1.5906218226	1.5912377571	1.5918536791	1.5924695888	1.5930854860	1.5937013706	1.5943172427	1.5949331022	1.5955489489	1.5961647829	1.5967806041	1.5973964125	1.5980122079	1.5986279904	1.5992437598	1.5998595161	1.6004752593	1.6010909894	1.6017067061	1.6023224096	1.6029380997	1.6035537764	1.6041694396	1.6047850893	1.6054007254	1.6060163478	1.6066319566	1.6072475516	1.6078631328	1.6084787001	1.6090942536	1.6097097930	1.6103253184	1.6109408297	1.6115563269	1.6121718099	1.6127872786	1.6134027330	1.6140181731	1.6146335987	1.6152490098	1.6158644065	1.6164797885	1.6170951559	1.6177105085	1.6183258465	1.6189411696	1.6195564778	1.6201717711	1.6207870494	1.6214023127	1.6220175609	1.6226327940	1.6232480118	1.6238632144	1.6244784017	1.6250935736	1.6257087301	1.6263238711	1.6269389965	1.6275541064	1.6281692006	1.6287842791	1.6293993418	1.6300143887	1.6306294198	1.6312444349	1.6318594340	1.6324744171	1.6330893841	1.6337043349	1.6343192695	1.6349341879	1.6355490899	1.6361639756	1.6367788448	1.6373936976	1.6380085338	1.6386233534	1.6392381563	1.6398529425	1.6404677120	1.6410824646	1.6416972004	1.6423119192	1.6429266210	1.6435413058	1.6441559735	1.6447706240	1.6453852573	1.6459998734	1.6466144721	1.6472290534	1.6478436173	1.6484581637	1.6490726926	1.6496872038	1.6503016974	1.6509161733	1.6515306314	1.6521450716	1.6527594940	1.6533738985	1.6539882849	1.6546026533	1.6552170036	1.6558313357	1.6564456496	1.6570599452	1.6576742225	1.6582884814	1.6589027219	1.6595169439	1.6601311473	1.6607453321	1.6613594982	1.6619736456	1.6625877743	1.6632018841	1.6638159750	1.6644300470	1.6650440999	1.6656581338	1.6662721486	1.6668861443	1.6675001207	1.6681140778	1.6687280156	1.6693419340	1.6699558329	1.6705697124	1.6711835722	1.6717974125	1.6724112331	1.6730250340	1.6736388151	1.6742525763	1.6748663177	1.6754800391	1.6760937405	1.6767074218	1.6773210830	1.6779347241	1.6785483449	1.6791619454	1.6797755256	1.6803890854	1.6810026247	1.6816161435	1.6822296418	1.6828431194	1.6834565764	1.6840700126	1.6846834281	1.6852968227	1.6859101964	1.6865235491	1.6871368808	1.6877501915	1.6883634811	1.6889767494	1.6895899965	1.6902032224	1.6908164269	1.6914296100	1.6920427716	1.6926559117	1.6932690303	1.6938821272	1.6944952024	1.6951082559	1.6957212876	1.6963342975	1.6969472855	1.6975602514	1.6981731954	1.6987861173	1.6993990171	1.7000118947	1.7006247501	1.7012375831	1.7018503938	1.7024631821	1.7030759480	1.7036886913	1.7043014120	1.7049141101	1.7055267855	1.7061394382	1.7067520681	1.7073646751	1.7079772593	1.7085898204	1.7092023585	1.7098148736	1.7104273655	1.7110398342	1.7116522797	1.7122647019	1.7128771007	1.7134894762	1.7141018281	1.7147141565	1.7153264614	1.7159387426	1.7165510001	1.7171632339	1.7177754438	1.7183876299	1.7189997921	1.7196119303	1.7202240445	1.7208361346	1.7214482006	1.7220602424	1.7226722599	1.7232842531	1.7238962220	1.7245081664	1.7251200864	1.7257319818	1.7263438527	1.7269556989	1.7275675204	1.7281793172	1.7287910891	1.7294028362	1.7300145584	1.7306262556	1.7312379277	1.7318495748	1.7324611967	1.7330727935	1.7336843650	1.7342959111	1.7349074319	1.7355189273	1.7361303972	1.7367418415	1.7373532603	1.7379646534	1.7385760209	1.7391873625	1.7397986784	1.7404099684	1.7410212324	1.7416324705	1.7422436825	1.7428548685	1.7434660283	1.7440771619	1.7446882692	1.7452993502	1.7459104049	1.7465214331	1.7471324348	1.7477434100	1.7483543586	1.7489652805	1.7495761758	1.7501870442	1.7507978859	1.7514087007	1.7520194885	1.7526302494	1.7532409832	1.7538516899	1.7544623695	1.7550730219	1.7556836470	1.7562942447	1.7569048151	1.7575153581	1.7581258736	1.7587363615	1.7593468218	1.7599572545	1.7605676595	1.7611780367	1.7617883860	1.7623987075	1.7630090011	1.7636192667	1.7642295042	1.7648397136	1.7654498948	1.7660600479	1.7666701726	1.7672802691	1.7678903371	1.7685003768	1.7691103879	1.7697203705	1.7703303244	1.7709402498	1.7715501463	1.7721600142	1.7727698532	1.7733796633	1.7739894444	1.7745991966	1.7752089197	1.7758186137	1.7764282786	1.7770379142	1.7776475205	1.7782570976	1.7788666452	1.7794761634	1.7800856521	1.7806951112	1.7813045407	1.7819139406	1.7825233107	1.7831326511	1.7837419616	1.7843512422	1.7849604929	1.7855697136	1.7861789042	1.7867880647	1.7873971951	1.7880062952	1.7886153650	1.7892244045	1.7898334136	1.7904423923	1.7910513404	1.7916602580	1.7922691450	1.7928780013	1.7934868269	1.7940956217	1.7947043856	1.7953131187	1.7959218208	1.7965304919	1.7971391320	1.7977477409	1.7983563186	1.7989648652	1.7995733804	1.8001818643	1.8007903168	1.8013987378	1.8020071274	1.8026154853	1.8032238117	1.8038321063	1.8044403693	1.8050486004	1.8056567997	1.8062649671	1.8068731026	1.8074812060	1.8080892774	1.8086973166	1.8093053237	1.8099132985	1.8105212410	1.8111291512	1.8117370290	1.8123448743	1.8129526872	1.8135604674	1.8141682150	1.8147759300	1.8153836122	1.8159912616	1.8165988781	1.8172064618	1.8178140125	1.8184215301	1.8190290147	1.8196364662	1.8202438845	1.8208512695	1.8214586213	1.8220659397	1.8226732247	1.8232804762	1.8238876942	1.8244948786	1.8251020294	1.8257091466	1.8263162299	1.8269232795	1.8275302952	1.8281372770	1.8287442249	1.8293511387	1.8299580184	1.8305648640	1.8311716754	1.8317784526	1.8323851955	1.8329919040	1.8335985781	1.8342052177	1.8348118228	1.8354183934	1.8360249293	1.8366314305	1.8372378969	1.8378443285	1.8384507253	1.8390570872	1.8396634141	1.8402697060	1.8408759628	1.8414821844	1.8420883709	1.8426945221	1.8433006380	1.8439067185	1.8445127636	1.8451187733	1.8457247474	1.8463306859	1.8469365888	1.8475424560	1.8481482874	1.8487540831	1.8493598428	1.8499655667	1.8505712545	1.8511769064	1.8517825221	1.8523881017	1.8529936451	1.8535991523	1.8542046231	1.8548100576	1.8554154556	1.8560208172	1.8566261422	1.8572314306	1.8578366824	1.8584418975	1.8590470759	1.8596522174	1.8602573220	1.8608623897	1.8614674205	1.8620724142	1.8626773708	1.8632822903	1.8638871725	1.8644920175	1.8650968252	1.8657015955	1.8663063284	1.8669110238	1.8675156816	1.8681203019	1.8687248845	1.8693294294	1.8699339365	1.8705384058	1.8711428373	1.8717472308	1.8723515863	1.8729559038	1.8735601832	1.8741644244	1.8747686274	1.8753727922	1.8759769186	1.8765810067	1.8771850563	1.8777890674	1.8783930400	1.8789969740	1.8796008693	1.8802047259	1.8808085438	1.8814123228	1.8820160629	1.8826197641	1.8832234264	1.8838270495	1.8844306336	1.8850341785	1.8856376842	1.8862411506	1.8868445777	1.8874479654	1.8880513137	1.8886546224	1.8892578917	1.8898611213	1.8904643112	1.8910674615	1.8916705719	1.8922736426	1.8928766733	1.8934796641	1.8940826150	1.8946855257	1.8952883964	1.8958912269	1.8964940171	1.8970967671	1.8976994768	1.8983021460	1.8989047749	1.8995073632	1.9001099110	1.9007124181	1.9013148846	1.9019173104	1.9025196954	1.9031220395	1.9037243428	1.9043266051	1.9049288265	1.9055310067	1.9061331459	1.9067352438	1.9073373006	1.9079393161	1.9085412902	1.9091432229	1.9097451142	1.9103469640	1.9109487723	1.9115505389	1.9121522638	1.9127539470	1.9133555885	1.9139571880	1.9145587457	1.9151602615	1.9157617352	1.9163631669	1.9169645564	1.9175659038	1.9181672090	1.9187684718	1.9193696923	1.9199708705	1.9205720061	1.9211730993	1.9217741499	1.9223751578	1.9229761231	1.9235770457	1.9241779255	1.9247787624	1.9253795564	1.9259803075	1.9265810156	1.9271816805	1.9277823024	1.9283828811	1.9289834165	1.9295839087	1.9301843575	1.9307847629	1.9313851249	1.9319854433	1.9325857182	1.9331859494	1.9337861370	1.9343862808	1.9349863808	1.9355864370	1.9361864492	1.9367864175	1.9373863418	1.9379862220	1.9385860581	1.9391858500	1.9397855977	1.9403853010	1.9409849601	1.9415845747	1.9421841448	1.9427836704	1.9433831515	1.9439825879	1.9445819796	1.9451813266	1.9457806288	1.9463798861	1.9469790985	1.9475782659	1.9481773884	1.9487764657	1.9493754979	1.9499744850	1.9505734267	1.9511723232	1.9517711743	1.9523699800	1.9529687403	1.9535674550	1.9541661241	1.9547647476	1.9553633254	1.9559618575	1.9565603437	1.9571587841	1.9577571786	1.9583555271	1.9589538295	1.9595520859	1.9601502962	1.9607484602	1.9613465780	1.9619446495	1.9625426747	1.9631406534	1.9637385856	1.9643364713	1.9649343105	1.9655321030	1.9661298487	1.9667275478	1.9673252000
-0.0076906694	-0.0140951644	-0.0214067764	-0.0251739218	-0.0260879975	-0.0258414605	-0.0255049574	-0.0254617140	-0.0256838955	-0.0259304325	-0.0261237852	-0.0262828413	-0.0264960760	-0.0267212398	-0.0269618122	-0.0270209612	-0.0272317106	-0.0274489217	-0.0276184159	-0.0278246918	-0.0280374294	-0.0282128882	-0.0284504783	-0.0286070492	-0.0288177986	-0.0290921704	-0.0292626587	-0.0294152532	-0.0296548315	-0.0297959939	-0.0300156902	-0.0302229602	-0.0304247627	-0.0305644339	-0.0307055962	-0.0309968677	-0.0312543399	-0.0313989816	-0.0315515760	-0.0317583490	-0.0320148271	-0.0320680115	-0.0322842284	-0.0324452727	-0.0326033348	-0.0327579175	-0.0329333763	-0.0331739487	-0.0332390623	-0.0334011008	-0.0335944534	-0.0337316393	-0.0338837367	-0.0339443769	-0.0340870304	-0.0341471735	-0.0343082178	-0.0344275099	-0.0344220424	-0.0344836766	-0.0346631118	-0.0347585455	-0.0348171975	-0.0348529851	-0.0349166076	-0.0350204911	-0.0350294380	-0.0349876858	-0.0350617463	-0.0351566829	-0.0350880900	-0.0350279469	-0.0350269528	-0.0350582669	-0.0350880900	-0.0351213923	-0.0350572728	-0.0349340043	-0.0349956386	-0.0348485117	-0.0348917550	-0.0347078464	-0.0346765322	-0.0346979054	-0.0346795145	-0.0345110144	-0.0344106102	-0.0344419244	-0.0343136854	-0.0342674597	-0.0340398106	-0.0340422958	-0.0339413946	-0.0337818414	-0.0337376039	-0.0336501230	-0.0336555906	-0.0334925580	-0.0334020949	-0.0332157009	-0.0330725504	-0.0329691639	-0.0328752214	-0.0327753142	-0.0325884233	-0.0325431917	-0.0325009424	-0.0323786680	-0.0322419791	-0.0321987357	-0.0321107578	-0.0319999155	-0.0319154170	-0.0318468240	-0.0317489051	-0.0316668917	-0.0315938253	-0.0315530672	-0.0315729492	-0.0315744404	-0.0314397397	-0.0314551483	-0.0314158813	-0.0313935140	-0.0313179623	-0.0313179623	-0.0312583163	-0.0313184594	-0.0313691585	-0.0313438090	-0.0313607087	-0.0315133032	-0.0316226543	-0.0316609271	-0.0316922413	-0.0317225614	-0.0318681972	-0.0318935467	-0.0319690984	-0.0320207917	-0.0322071856	-0.0323085839	-0.0323105721	-0.0323776739	-0.0324731076	-0.0325009424	-0.0325799734	-0.0327335620	-0.0327102006	-0.0329194589	-0.0332157009	-0.0334562734	-0.0336675198	-0.0339314536	-0.0342381337	-0.0344558418	-0.0346342829	-0.0348082506	-0.0351054867	-0.0354290666	-0.0356830594	-0.0359817867	-0.0363769418	-0.0366955511	-0.0370007401	-0.0373780014	-0.0377642096	-0.0381414709	-0.0384943767	-0.0389814861	-0.0393726648	-0.0397956547	-0.0401744072	-0.0406833868	-0.0411565789	-0.0417132754	-0.0423166946	-0.0429767776	-0.0435965995	-0.0442626471	-0.0450539514	-0.0458035035	-0.0466117075	-0.0473885974	-0.0483608280	-0.0493141708	-0.0502277495	-0.0511562397	-0.0522442832	-0.0533025036	-0.0543930323	-0.0554775963	-0.0566590852	-0.0579379960	-0.0591463257	-0.0605007881	-0.0618592270	-0.0632216423	-0.0646804853	-0.0661646780	-0.0676762084	-0.0692140825	-0.0708811897	-0.0725274207	-0.0741562551	-0.0758949375	-0.0776853132	-0.0795144589	-0.0813639836	-0.0833710733	-0.0856107826	-0.0879588489	-0.0903198385	-0.0929383003	-0.0958873006	-0.0988164188	-0.1019204989	-0.1051712088	-0.1085282875	-0.1119733442	-0.1155411723	-0.1191681494	-0.1229159097	-0.1267894239	-0.1307007138	-0.1346945142	-0.1387449783	-0.1428739763	-0.1472440438	-0.1517090480	-0.1562689888	-0.1610257616	-0.1660156510	-0.1710572337	-0.1762936601	-0.1817796059	-0.1874807745	-0.1932773768	-0.1991510220	-0.2051827291	-0.2112914791	-0.2172948544	-0.2233673197	-0.2295645447	-0.2358437830	-0.2419575034	-0.2480016369	-0.2541884238	-0.2603279909	-0.2664576170	-0.2724684480	-0.2783748985	-0.2842286616	-0.2899700913	-0.2956409399	-0.3011298679	-0.3064537753	-0.3117418950	-0.3169107226	-0.3218409659	-0.3266096679	-0.3312695158	-0.3358070894	-0.3400350005	-0.3441033584	-0.3480106719	-0.3517057450	-0.3552745672	-0.3587355294	-0.3620319680	-0.3651340598	-0.3679816618	-0.3707462564	-0.3734442462	-0.3759195574	-0.3780161162	-0.3800256912	-0.3820437160	-0.3837520784	-0.3853486044	-0.3867930330	-0.3882389528	-0.3895491777	-0.3906198244	-0.3916760566	-0.3927526679	-0.3937075018	-0.3943889579	-0.3951071958	-0.3956872537	-0.3961947422	-0.3966207144	-0.3969870406	-0.3971764168	-0.3973270231	-0.3974781265	-0.3974612267	-0.3973464081	-0.3972857679	-0.3971202501	-0.3968304697	-0.3965257778	-0.3962046832	-0.3958940267	-0.3955192506	-0.3950226973	-0.3944550656	-0.3939704415	-0.3933973423	-0.3926597194	-0.3919310435	-0.3912436227	-0.3905726046	-0.3898653018	-0.3891381170	-0.3883592390	-0.3875962665	-0.3868864785	-0.3860385104	-0.3850697591	-0.3842297439	-0.3833827699	-0.3824170009	-0.3814885106	-0.3803776029	-0.3793839991	-0.3783973539	-0.3772382323	-0.3759568362	-0.3748871837	-0.3738165370	-0.3726141720	-0.3713864574	-0.3702541765	-0.3689762598	-0.3677947708	-0.3664616816	-0.3649933945	-0.3637045427	-0.3623247307	-0.3610065529	-0.3596431435	-0.3583870971	-0.3570500314	-0.3558924009	-0.3546641892	-0.3535015882	-0.3522862999	-0.3511351310	-0.3499044341	-0.3486399378	-0.3474047674	-0.3461089569	-0.3447669207	-0.3434726014	-0.3421434885	-0.3408645777	-0.3395608143	-0.3382317015	-0.3368687891	-0.3355023974	-0.3341459468	-0.3328516274	-0.3313689259	-0.3300040254	-0.3287310792	-0.3275560520	-0.3264670144	-0.3254187350	-0.3245553584	-0.3237377104	-0.3230154961	-0.3222256830	-0.3214005792	-0.3206276658	-0.3199124102	-0.3190589746	-0.3180529445	-0.3171836032	-0.3163753992	-0.3155970182	-0.3146963628	-0.3138205599	-0.3130009237	-0.3122628038	-0.3114486352	-0.3106011642	-0.3097472315	-0.3090299877	-0.3083127439	-0.3075656771	-0.3067599583	-0.3060576261	-0.3054040047	-0.3047543598	-0.3039923815	-0.3031623072	-0.3024475487	-0.3017382577	-0.3010165404	-0.3002326919	-0.2994647489	-0.2987907485	-0.2979785681	-0.2972225544	-0.2964849315	-0.2958119252	-0.2951205280	-0.2944962327	-0.2938590140	-0.2932262688	-0.2926178790	-0.2919090851	-0.2912435346	-0.2905640666	-0.2898945396	-0.2891355436	-0.2884724783	-0.2878715443	-0.2871836265	-0.2866835938	-0.2860692394	-0.2854663172	-0.2849165794	-0.2843867236	-0.2837092439	-0.2830844515	-0.2824581679	-0.2818055407	-0.2811986421	-0.2804744396	-0.2798710203	-0.2792586542	-0.2787123958	-0.2781442671	-0.2776149084	-0.2770467797	-0.2765184151	-0.2760452231	-0.2755213319	-0.2748612489	-0.2742145863	-0.2738368279	-0.2732686993	-0.2726796945	-0.2721344301	-0.2717601512	-0.2713073382	-0.2709345504	-0.2706735989	-0.2703172137	-0.2700612327	-0.2698310984	-0.2694965834	-0.2690716053	-0.2686814207	-0.2681938142	-0.2677096871	-0.2671480201	-0.2664531435	-0.2657821254	-0.2650280999	-0.2641910670	-0.2631398053	-0.2619722338	-0.2606888495	-0.2590724415	-0.2572964802	-0.2550796352	-0.2526396146	-0.2496990641	-0.2465467702	-0.2428710822	-0.2389130695	-0.2345410137	-0.2301227323	-0.2256984863	-0.2216977272	-0.2183819037	-0.2159965586	-0.2149184562	-0.2152047573	-0.2168077450	-0.2197318927	-0.2235492402	-0.2280470497	-0.2329275880	-0.2378752281	-0.2425216557	-0.2468981849	-0.2508840324	-0.2544389372	-0.2575758226	-0.2604308803	-0.2631581961	-0.2655753525	-0.2677951797	-0.2698504833	-0.2717949447	-0.2736285638	-0.2755506579	-0.2775209658	-0.2795434641	-0.2816837633	-0.2837495050	-0.2859335446	-0.2879610134	-0.2898075558	-0.2915348061	-0.2932019133	-0.2948183214	-0.2964322442	-0.2981932939	-0.3002321948	-0.3023347182	-0.3044377387	-0.3065283328	-0.3085011261	-0.3103377275	-0.3120510603	-0.3138021691	-0.3156800256	-0.3177025239	-0.3197662774	-0.3219677138	-0.3240970779	-0.3261036706	-0.3278508029	-0.3293663097	-0.3307153046	-0.3323078542	-0.3342562920	-0.3366167846	-0.3396741418	-0.3434611692	-0.3473759385	-0.3513389217	-0.3546477865	-0.3575565258	-0.3598633369	-0.3617879162	-0.3633431871	-0.3652946071	-0.3677684272	-0.3709614792	-0.3746431319	-0.3786906137	-0.3826516087	-0.3863397230	-0.3894050331	-0.3917978340	-0.3936200209	-0.3951951738	-0.3969646733	-0.3988420329	-0.4010852215	-0.4035893617	-0.4065214623	-0.4095852812	-0.4127311135	-0.4163963635	-0.4206993292	-0.4257200358	-0.4315588874	-0.4378923041	-0.4441004642	-0.4496097714	-0.4537412547	-0.4561186470	-0.4567325043	-0.4562339627	-0.4554143265	-0.4555713944	-0.4572419810	-0.4610314936	-0.4668121903	-0.4738454541	-0.4808538654	-0.4865267021	-0.4899672853	-0.4909325573	-0.4897316834	-0.4871554709	-0.4844460490	-0.4828674167	-0.4830120584	-0.4852706556	-0.4895368396	-0.4950431645	-0.5010828244	-0.5069674047	-0.5124145805	-0.5173095333	-0.5217521702	-0.5258687420	-0.5299674200	-0.5338990890	-0.5371403550	-0.5395540319	-0.5410909119	-0.5415636069	-0.5415685774	-0.5412454946	-0.5411351494	-0.5417654094	-0.5432863837	-0.5453163378	-0.5473512623	-0.5486460787	-0.5491321940	-0.5480466359	-0.5456076093	-0.5418190908	-0.5373774480	-0.5325928404	-0.5279841887	-0.5239029075	-0.5205319114	-0.5181843421	-0.5170933164	-0.5177986310	-0.5205075559	-0.5251748596	-0.5321435068	-0.5411465816	-0.5517312708	-0.5630595476	-0.5739727872	-0.5838988846	-0.5922871079	-0.5988029422	-0.6035989820	-0.6073323279	-0.6104900893	-0.6136836385	-0.6172996805	-0.6213421917	-0.6255899849	-0.6296180817	-0.6325919345	-0.6340522687	-0.6337107951	-0.6316485327	-0.6281358772	-0.6237538805	-0.6190880680	-0.6149193059	-0.6116864898	-0.6096515652	-0.6087643302	-0.6088463435	-0.6094890297	-0.6101998119	-0.6106521278	-0.6109081088	-0.6109110911	-0.6107609818	-0.6107898108	-0.6110005602	-0.6114633141	-0.6118689073	-0.6123634725	-0.6127616099	-0.6129375657	-0.6127993857	-0.6123570108	-0.6116173998	-0.6108077046	-0.6098742438	-0.6087737742	-0.6075679298	-0.6064217314	-0.6053739491	-0.6047715240	-0.6048311700	-0.6056259537	-0.6074779636	-0.6102783459	-0.6136896031	-0.6173260241	-0.6207159082	-0.6235669895	-0.6257863198	-0.6274509417	-0.6288232980	-0.6300251660	-0.6316127451	-0.6334751931	-0.6355041531	-0.6370981938	-0.6383109969	-0.6388309117	-0.6385585281	-0.6375221779	-0.6362586756	-0.6355066383	-0.6355573375	-0.6369152793	-0.6395521319	-0.6433078451	-0.6475228329	-0.6516826480	-0.6552748316	-0.6578306650	-0.6593317574	-0.6595559271	-0.6590901908	-0.6582377493	-0.6575741870	-0.6572272458	-0.6574176161	-0.6578495529	-0.6584991979	-0.6591438723	-0.6594092972	-0.6592666438	-0.6587556759	-0.6580518525	-0.6571387708	-0.6563623780	-0.6557107449	-0.6553995913	-0.6552221443	-0.6551808891	-0.6550839642	-0.6548379243	-0.6543155243	-0.6533865370	-0.6522984935	-0.6511433483	-0.6499534095	-0.6486118704	-0.6474139788	-0.6462886566	-0.6451891810	-0.6439102702	-0.6427133727	-0.6414046389	-0.6400640939	-0.6384750236	-0.6369615050	-0.6354768153	-0.6338942067	-0.6323424152	-0.6305197312	-0.6288715119	-0.6271010182	-0.6253315186	-0.6235232491	-0.6216439014	-0.6196830374	-0.6178394772	-0.6159501885	-0.6139619867	-0.6120085785	-0.6101103428	-0.6082071366	-0.6063014452	-0.6042700001	-0.6023215623	-0.6003293841	-0.5983879051	-0.5963365779	-0.5941952846	-0.5920813290	-0.5900021670	-0.5879056082	-0.5857106334	-0.5836200393	-0.5815383920	-0.5794786149	-0.5773900090	-0.5752859944	-0.5732431171	-0.5711893047	-0.5690803196	-0.5669295823	-0.5647962418	-0.5626798010	-0.5605877157	-0.5583171892	-0.5561435876	-0.5538790258	-0.5517476735	-0.5495397754	-0.5473502682	-0.5452258746	-0.5431024751	-0.5410804739	-0.5389660213	-0.5368456041	-0.5347599804	-0.5326485101	-0.5306786992	-0.5285781640	-0.5264413441	-0.5242543222	-0.5221488165	-0.5201606147	-0.5181818569	-0.5161528969	-0.5141070373	-0.5121158532	-0.5101584685	-0.5082000898	-0.5061572125	-0.5042231892	-0.5022479107	-0.5001936012	-0.4982178257	-0.4962216711	-0.4943254236	-0.4923889151	-0.4904524065	-0.4885501945	-0.4866539470	-0.4848436893	-0.4829424714	-0.4811486163	-0.4792652922	-0.4774575197	-0.4756427885	-0.4737609555	-0.4719636211	-0.4702070448	-0.4685160792	-0.4667162595	-0.4648543086	-0.4631837220	-0.4615126384	-0.4599399708	-0.4581689801	-0.4564531619	-0.4547701491	-0.4532188547	-0.4516665661	-0.4499487598	-0.4482945759	-0.4467393050	-0.4452759885	-0.4436416867	-0.4420685220	-0.4405306479	-0.4390330349	-0.4375592804	-0.4360263768	-0.4344432711	-0.4330351272	-0.4316399066	-0.4301323526	-0.4286735095	-0.4272857447	-0.4258905241	-0.4245609141	-0.4231443204	-0.4217888638	-0.4205044854	-0.4191539994	-0.4179277759	-0.4165698341	-0.4152884381	-0.4140398473	-0.4127897655	-0.4115416718	-0.4102920870	-0.4090628812	-0.4078992861	-0.4067038798	-0.4054880944	-0.4042827471	-0.4031385369	-0.4020783283	-0.4009520120	-0.3997720143	-0.3987411316	-0.3976575617	-0.3965531156	-0.3954118878	-0.3944247456	-0.3933367021	-0.3923003520	-0.3911804973	-0.3901511058	-0.3891833486	-0.3882812020	-0.3872811365	-0.3862045253	-0.3852854790	-0.3843107631	-0.3834255162	-0.3824642207	-0.3813970534	-0.3805132977	-0.3796563827	-0.3787502597	-0.3778486102	-0.3769206170	-0.3761198688	-0.3753305527	-0.3744144887	-0.3735411711	-0.3727016529	-0.3719610477	-0.3711896254	-0.3703699892	-0.3694608839	-0.3686909528	-0.3679602886	-0.3672574593	-0.3664775872	-0.3657886752	-0.3650903194	-0.3644158219	-0.3636861519	-0.3630106603	-0.3622730374	-0.3616616654	-0.3610512874	-0.3603693342	-0.3597012984	-0.3591446019	-0.3585377033	-0.3580207709	-0.3573219179	-0.3567721802	-0.3562413303	-0.3557229067	-0.3551458311	-0.3546199517	-0.3540871136	-0.3535706782	-0.3530800894	-0.3525313457	-0.3521426523	-0.3516485841	-0.3512042211	-0.3507255615	-0.3502488901	-0.3497528337	-0.3493949574	-0.3489302153	-0.3484689524	-0.3480464596	-0.3476940508	-0.3472819960	-0.3467690399	-0.3463525116	-0.3459802209	-0.3455855628	-0.3451546201	-0.3447460446	-0.3443449249	-0.3440640914	-0.3436843448	-0.3433299479	-0.3430381793	-0.3428960228	-0.3427061496	-0.3426201598	-0.3424919208	-0.3424471863	-0.3424382394	-0.3424213397	-0.3423577172	-0.3423562261	-0.3424924179	-0.3424392335	-0.3425132940	-0.3424809857	-0.3425277085	-0.3426082306	-0.3426410360	-0.3425818870	-0.3426022660	-0.3427399490	-0.3427891570	-0.3427986010	-0.3428413473	-0.3429173960	-0.3430098474	-0.3431082634	-0.3431177073	-0.3432106558	-0.3433026101	-0.3434069907	-0.3435292651	-0.3436073020	-0.3437231148	-0.3438821709	-0.3440044453	-0.3441108141	-0.3442574440	-0.3444388674	-0.3446903750	-0.3448931715	-0.3449965580	-0.3451963723	-0.3454016541	-0.3455955038	-0.3458977105	-0.3461367917	-0.3463977432	-0.3466527301	-0.3469290902	-0.3472317939	-0.3474241524	-0.3476990213	-0.3480355245	-0.3483113875	-0.3485728360	-0.3489903584	-0.3493253704	-0.3496588912	-0.3499208368	-0.3503706675	-0.3508055866	-0.3511182313	-0.3514527463	-0.3518926359	-0.3523419695	-0.3527768887	-0.3532212518	-0.3536512004	-0.3541288659	-0.3546060343	-0.3550628237	-0.3555206071	-0.3559783906	-0.3565589455	-0.3570216995	-0.3575078148	-0.3579874685	-0.3583940558	-0.3590407184	-0.3594910461	-0.3599538001	-0.3604896204	-0.3611238568	-0.3615751786	-0.3621254135	-0.3627288327	-0.3632954702	-0.3638770192	-0.3644973382	-0.3650749108	-0.3656529805	-0.3662539145	-0.3669696671	-0.3675228843	-0.3681064215	-0.3687585517	-0.3694554164	-0.3700578415	-0.3707149422	-0.3713879485	-0.3721310389	-0.3727752163	-0.3733850972	-0.3740859383	-0.3748553724	-0.3754463654	-0.3761765325	-0.3769325463	-0.3776567488	-0.3783193170	-0.3790991892	-0.3799009315	-0.3805888493	-0.3814079885	-0.3821659904	-0.3829259805	-0.3837356757	-0.3845284712	-0.3853729599	-0.3862254014	-0.3869421481	-0.3876718182	-0.3886589604	-0.3894219328	-0.3901779466	-0.3909304809	-0.3917729814	-0.3926796014	-0.3933705016	-0.3941926230	-0.3950505321	-0.3958517774	-0.3967201245	-0.3975825070	-0.3983946875	-0.3992277440	-0.4000702445	-0.4009699058	-0.4018680760	-0.4026812505	-0.4036435402	-0.4046356529	-0.4054721888	-0.4063812941	-0.4072938787	-0.4081860842	-0.4090524432	-0.4099685071	-0.4109402407	-0.4118657487	-0.4127524867	-0.4136650713	-0.4146904864	-0.4156174854	-0.4163998428	-0.4173238596	-0.4183736302	-0.4192896941	-0.4201873672	-0.4211740124	-0.4221422667	-0.4230757274	-0.4240519345	-0.4250127330	-0.4259824784	-0.4268985424	-0.4279145135	-0.4289329699	-0.4298003229	-0.4307258308	-0.4317497547	-0.4326151196	-0.4335376452	-0.4344716030	-0.4355477172	-0.4364384316	-0.4373649336	-0.4383172823	-0.4393178448	-0.4402090563	-0.4410346571	-0.4420217993	-0.4429781243	-0.4439294789	-0.4447247596	-0.4456870492	-0.4466627593	-0.4475539707	-0.4483865302	-0.4493652226	-0.4502355579	-0.4511009227	-0.4519985958	-0.4528669429	-0.4537223668	-0.4545966785	-0.4555013103	-0.4563373492	-0.4571709028	-0.4579900419	-0.4588285660	-0.4596700724	-0.4603888074	-0.4611726559	-0.4620797730	-0.4628601422	-0.4635127694	-0.4642712684	-0.4650566081	-0.4657967162	-0.4665035219	-0.4672451212	-0.4680105789	-0.4686979997	-0.4692924720	-0.4698799856	-0.4706106498	-0.4712841531	-0.4718642110	-0.4725486495	-0.4731863652	-0.4737589673	-0.4743549308	-0.4749310123	-0.4754926793	-0.4760240262	-0.4765330058	-0.4770877141	-0.4775067277	-0.4780390687	-0.4785122607	-0.4789670619	-0.4793647022	-0.4798637409	-0.4802618783	-0.4805725348	-0.4809791221	-0.4814170235	-0.4818295754	-0.4820860534	-0.4824146038	-0.4826884786	-0.4829921764	-0.4832680394	-0.4835429083	-0.4837874571	-0.4840623260	-0.4842169087	-0.4844097643	-0.4845385003	-0.4848431923	-0.4850768060	-0.4851135877	-0.4852259211	-0.4854187767	-0.4855147074	-0.4855470157	-0.4855728623	-0.4856051706	-0.4856926515	-0.4857100482	-0.4857731736	-0.4856996102	-0.4856384730	-0.4856792311	-0.4856330054	-0.4855201750	-0.4855147074	-0.4854515820	-0.4852900406	-0.4851324756	-0.4849102941	-0.4847661494	-0.4846190225	-0.4843580710	-0.4840971195	-0.4839569513	-0.4836900352	-0.4833987637	-0.4831735998	-0.4829389920	-0.4825696835	-0.4822157836	-0.4819155651	-0.4815909912	-0.4812505116	-0.4808528713	-0.4804820716	-0.4800610699	-0.4797459399	-0.4791912316	-0.4788239114	-0.4784247798	-0.4779411498	-0.4774460875	-0.4769664338	-0.4764181872	-0.4758714317	-0.4754131512	-0.4748360756	-0.4742515443	-0.4736610484	-0.4731376543	-0.4725739990	-0.4719661063	-0.4713691488	-0.4707468416	-0.4700027571	-0.4693804499	-0.4686915380	-0.4680896099	-0.4673485077	-0.4665696297	-0.4659140201	-0.4652280905	-0.4645187995	-0.4637240158	-0.4629297292	-0.4622741197	-0.4615325204	-0.4607074167	-0.4599081596	-0.4591402166	-0.4583682973	-0.4576122836	-0.4567374748	-0.4559034241	-0.4550803086	-0.4543347329	-0.4535210613	-0.4525985357	-0.4517679644	-0.4510596675	-0.4501669649	-0.4493647255	-0.4485396218	-0.4477726729	-0.4469888244	-0.4461537796	-0.4453435874	-0.4446009940	-0.4438007428	-0.4429791184	-0.4422653540	-0.4414422384	-0.4406201170	-0.4398447183	-0.4390404907	-0.4380712423	-0.4372118421	-0.4364165614	-0.4355094443	-0.4345958656	-0.4336569373	-0.4327523055	-0.4317557193	-0.4307352748	-0.4295811236	-0.4285422882	-0.4275556431	-0.4263403547	-0.4252518142	-0.4243188506	-0.4232656007	-0.4222958552	-0.4212858487	-0.4202117227	-0.4190426601	-0.4179203202	-0.4167607015	-0.4155021697	-0.4142510938	-0.4130755695	-0.4119124714	-0.4107727347	-0.4095822989	-0.4085022083	-0.4073351339	-0.4059453808	-0.4043737073	-0.4029581076	-0.4014416067	-0.4000250129	-0.3986596154	-0.3974388595	-0.3964263677	-0.3954909188	-0.3945982162	-0.3937268867	-0.3927576384	-0.3916656185	-0.3905099762	-0.3894005597	-0.3882404439	-0.3871921645	-0.3862129751	-0.3852218565	-0.3842093648	-0.3831625766	-0.3820576334	-0.3808120250	-0.3793800227	-0.3779216766	-0.3765120416	-0.3750715894	-0.3737032095	-0.3725386203	-0.3714858675	-0.3704524996	-0.3695563176	-0.3686407507	-0.3678514346	-0.3672072572	-0.3665869383	-0.3660888937	-0.3655888610	-0.3651484743	-0.3646290566	-0.3640494957	-0.3633059083	-0.3624306024	-0.3613614469	-0.3602361247	-0.3591127907	-0.3580764405	-0.3571081863	-0.3562781120	-0.3554390909	-0.3546910299	-0.3539757743	-0.3531263151	-0.3522708913	-0.3513607919	-0.3503870701	-0.3494650415	-0.3486722461	-0.3479152382	-0.3470364531	-0.3461681059	-0.3452242071	-0.3441649926	-0.3428870759	-0.3414650146	-0.3399539812	-0.3383688874	-0.3367271297	-0.3350391464	-0.3335599243	-0.3321473069	-0.3307774359	-0.3296774633	-0.3287216353	-0.3280888900	-0.3277429429	-0.3275038617	-0.3275401463	-0.3276395564	-0.3278413589	-0.3280133384	-0.3281838267	-0.3281410803	-0.3279402720	-0.3275068440	-0.3269804675	-0.3262000983	-0.3253262837	-0.3244738421	-0.3235244758	-0.3227371479	-0.3218658185	-0.3210715318	-0.3204402778	-0.3198318880	-0.3192339363	-0.3188631367	-0.3183730450	-0.3180047306	-0.3177288676	-0.3172218761	-0.3167392401	-0.3161974552	-0.3155353840	-0.3146804572	-0.3139786220	-0.3133225154	-0.3127325165	-0.3122975974	-0.3119074128	-0.3116777755	-0.3115480453	-0.3112831174	-0.3108457130	-0.3104942983	-0.3098983349	-0.3091209480	-0.3084235862	-0.3076750282	-0.3070760824	-0.3066670099	-0.3063573475	-0.3061963031	-0.3061977943	-0.3063245421	-0.3063742472	-0.3065298240	-0.3066630335	-0.3067942548	-0.3068539009	-0.3067360999	-0.3066451397	-0.3065318122	-0.3063732531	-0.3061799005	-0.3060834727	-0.3060123945	-0.3060059328	-0.3059954948	-0.3060899343	-0.3061451069	-0.3061958061	-0.3062146940	-0.3060710464	-0.3059766068	-0.3058264976	-0.3057141642	-0.3056261863	-0.3057236082	-0.3058016451	-0.3059691511	-0.3061540538	-0.3063782236	-0.3065934464	-0.3067256619	-0.3069036059	-0.3069717018	-0.3070402948	-0.3071068995	-0.3072863348	-0.3074046328	-0.3075602096	-0.3077361654	-0.3078311020	-0.3079523824	-0.3080572600	-0.3082123397	-0.3083321289	-0.3085175287	-0.3085761807	-0.3087238047	-0.3089459862	-0.3090135851	-0.3091418241	-0.3093779230	-0.3095543759	-0.3096776445	-0.3099087729	-0.3100429765	-0.3102487554	-0.3105852586	-0.3108069431	-0.3109983075	-0.3112279448	-0.3114849199	-0.3117592917	-0.3120276990	-0.3122757271	-0.3125471167	-0.3128309325	-0.3130918840	-0.3133170478	-0.3136441070	-0.3139174848	-0.3141411575	-0.3144811400	-0.3148236077	-0.3150925120	-0.3154016774	-0.3157028900	-0.3159365037	-0.3162620717	-0.3165960896	-0.3169688775	-0.3172695930	-0.3176398956	-0.3180141745	-0.3183233399	-0.3186692870	-0.3190132459	-0.3194282831	-0.3198358644	-0.3202280372	-0.3205486348	-0.3209726188	-0.3214110173	-0.3216918508	-0.3221217994	-0.3225900210	-0.3231004918	-0.3234762619	-0.3238485527	-0.3242616016	-0.3247198821	-0.3251905889	-0.3255922056	-0.3259977988	-0.3264794407	-0.3269387153	-0.3273676698	-0.3278542822	-0.3283279713	-0.3288359569	-0.3292922492	-0.3298638572	-0.3301774960	-0.3306760376	-0.3312009229	-0.3316830618	-0.3321676860	-0.3326254695	-0.3331533370	-0.3335708594	-0.3340843125	-0.3345674456	-0.3351062482	-0.3355381851	-0.3360297680	-0.3364795986	-0.3369935488	-0.3374935815	-0.3379697559	-0.3385378845	-0.3390006385	-0.3395280090	-0.3399514960	-0.3404644521	-0.3409808875	-0.3415490161	-0.3420043143	-0.3424914238	-0.3429780362	-0.3434616662	-0.3439264084	-0.3444358851	-0.3449314444	-0.3454120922	-0.3459146102	-0.3463758730	-0.3469121904	-0.3474137143	-0.3479554993	-0.3484510586	-0.3488526754	-0.3494123542	-0.3499819740	-0.3503890583	-0.3509020144	-0.3514616932	-0.3519652053	-0.3524523147	-0.3530348578	-0.3535269378	-0.3541398010	-0.3546497747	-0.3551647190	-0.3556314494	-0.3560961915	-0.3566901668	-0.3571613707	-0.3577299964	-0.3582031884	-0.3587320501	-0.3592460002	-0.3597246598	-0.3602072958	-0.3606422149	-0.3611124246	-0.3616646477	-0.3621602070	-0.3625469122	-0.3629390850	-0.3634555205	-0.3638879543	-0.3642920564	-0.3647120640	-0.3650749108	-0.3655590379	-0.3660307388	-0.3663791712	-0.3667753204	-0.3671098353	-0.3675432633	-0.3679433889	-0.3682162696	-0.3685656961	-0.3689797391	-0.3693147511	-0.3696462838	-0.3699370583	-0.3702502001	-0.3705489274	-0.3708178317	-0.3711578142	-0.3714808970	-0.3717507954	-0.3718874842	-0.3721315360	-0.3724769861	-0.3726564213	-0.3728040452	-0.3729874569	-0.3731529747	-0.3733900677	-0.3735272536	-0.3737444647	-0.3738577922	-0.3739432849	-0.3740034280	-0.3741142702	-0.3741972776	-0.3742777998	-0.3743573279	-0.3744080270	-0.3744214474	-0.3744577321	-0.3743627954	-0.3743528544	-0.3742773028	-0.3742549355	-0.3741590048	-0.3740198306	-0.3738717096	-0.3737494352	-0.3736202021	-0.3734447433	-0.3733045750	-0.3730192681	-0.3728761176	-0.3726787885	-0.3723641556	-0.3721230861	-0.3718571641	-0.3714550503	-0.3711493643	-0.3709271828	-0.3705926678	-0.3702173947	-0.3698615066	-0.3695185418	-0.3691606655	-0.3686725619	-0.3683624025	-0.3679249981	-0.3675805421	-0.3671799194	-0.3667549413	-0.3662638555	-0.3657553729	-0.3652911278	-0.3648010360	-0.3644103544	-0.3639093275	-0.3633496487	-0.3629435585	-0.3624380582	-0.3618624738	-0.3613882876	-0.3608291059	-0.3602555097	-0.3596963279	-0.3591888394	-0.3586470544	-0.3580471145	-0.3574287838	-0.3569158277	-0.3563611194	-0.3556930836	-0.3551045759	-0.3545046360	-0.3540120590	-0.3533266265	-0.3526899048	-0.3520735623	-0.3514532433	-0.3507707931	-0.3501504741	-0.3495445696	-0.3489048657	-0.3482333505	-0.3475777410	-0.3469027465	-0.3461298330	-0.3455403312	-0.3448399871	-0.3440337713	-0.3433841264	-0.3427757366	-0.3420246934	-0.3412830941	-0.3405723120	-0.3399142172	-0.3390990545	-0.3383067561	-0.3375915005	-0.3369885783	-0.3362713345	-0.3354357927	-0.3347100990	-0.3340162166	-0.3332134801	-0.3324708868	-0.3317168613	-0.3310880924	-0.3303474873	-0.3295189042	-0.3287395291	-0.3280366997	-0.3272563305	-0.3264317239	-0.3256110936	-0.3247800252	-0.3239897150	-0.3232277367	-0.3223196255	-0.3213712533	-0.3205938664	-0.3197155782	-0.3188218815	-0.3179083028	-0.3169877654	-0.3160264698	-0.3150283925	-0.3139562547	-0.3130565934	-0.3121564350	-0.3110594447	-0.3099311402	-0.3088649670	-0.3077157863	-0.3066724775	-0.3055382083	-0.3043656663	-0.3031598220	-0.3019544746	-0.3007844179	-0.2996302667	-0.2983145742	-0.2969511648	-0.2957776287	-0.2945210852	-0.2931626463	-0.2917127502	-0.2904040163	-0.2891464787	-0.2877686549	-0.2863624992	-0.2850791149	-0.2835829931	-0.2820988004	-0.2807627288	-0.2793685023	-0.2778072669	-0.2764021053	-0.2749874997	-0.2734640401	-0.2719525097	-0.2704877020	-0.2690482439	-0.2675501339	-0.2659645430	-0.2645310495	-0.2630682300	-0.2614697158	-0.2599378063	-0.2584208083	-0.2569430774	-0.2554171325	-0.2538628557	-0.2523006262	-0.2507861135	-0.2492079783	-0.2477521175	-0.2462639485	-0.2446251732	-0.2430157238	-0.2415852127	-0.2401015171	-0.2384826238	-0.2368696951	-0.2353641293	-0.2339047892	-0.2323172100	-0.2307350985	-0.2292757584	-0.2277547840	-0.2262049807	-0.2246218750	-0.2230651130	-0.2215018894	-0.2198998958	-0.2184524849	-0.2168673910	-0.2153265346	-0.2137235469	-0.2122637098	-0.2107357767	-0.2091303038	-0.2075790093	-0.2062021796	-0.2045912391	-0.2030305007	-0.2014637977	-0.2000601272	-0.1984983947	-0.1969590295	-0.1954479961	-0.1939652946	-0.1923792067	-0.1909069432	-0.1894545618	-0.1878704621	-0.1863415349	-0.1849224559	-0.1834869742	-0.1819774320	-0.1804171906	-0.1790115320	-0.1776764545	-0.1761082603	-0.1745743626	-0.1732258648	-0.1718216973	-0.1703151374	-0.1688518208	-0.1673899955	-0.1660628708	-0.1645195292	-0.1631665578	-0.1618449007	-0.1604039515	-0.1589803990	-0.1576657005	-0.1562978177	-0.1548523950	-0.1534303337	-0.1521822400	-0.1507000356	-0.1493415967	-0.1480149691	-0.1467330760	-0.1454288156	-0.1440181864	-0.1427462343	-0.1414365064	-0.1400909909	-0.1387588957	-0.1375078197	-0.1362507791	-0.1348565526	-0.1335756536	-0.1324115615	-0.1310655489	-0.1297553239	-0.1285638940	-0.1273689847	-0.1260865945	-0.1247316350	-0.1235869278	-0.1223641837	-0.1210996874	-0.1199152162	-0.1187983438	-0.1175691381	-0.1162797892	-0.1151276263	-0.1140733823	-0.1128322473	-0.1115841537	-0.1104821928	-0.1094229783	-0.1082588862	-0.1070604976	-0.1059366665	-0.1048923635	-0.1037267802	-0.1026302869	-0.1015566580	-0.1005352193	-0.0993840505	-0.0983516767	-0.0972790418	-0.0962581002	-0.0951854653	-0.0941645237	-0.0931634641	-0.0921191611	-0.0910286325	-0.0900976570	-0.0891289056	-0.0880761528	-0.0870293646	-0.0861818936	-0.0852240773	-0.0842379293	-0.0831598268	-0.0823282614	-0.0814042447	-0.0803743561	-0.0795512406	-0.0786580409	-0.0777181186	-0.0768572272	-0.0759694951	-0.0751235152	-0.0741149999	-0.0732441675	-0.0724792068	-0.0715979364	-0.0706808783	-0.0698259516	-0.0690957845	-0.0682945391	-0.0673476580	-0.0666030765	-0.0657859255	-0.0649309988	-0.0641938730	-0.0634234448	-0.0626430756	-0.0618194630	-0.0610266675	-0.0603486907	-0.0594962492	-0.0587044478	-0.0580090743	-0.0573788143	-0.0566347298	-0.0558687750	-0.0550874117	-0.0544576488	-0.0537056115	-0.0529843913	-0.0523804750	-0.0516965336	-0.0509827691	-0.0503385918
