4.01479431799350
4.01153447895296
4.00827994773025
4.00503071127444
4.00178675657733
3.99854807067328
3.99531464063908
3.99208645359370
3.98886349669820
3.98564575715552
3.98243322221028
3.97922587914867
3.97602371529825
3.97282671802775
3.96963487474699
3.96644817290661
3.96326659999799
3.96009014355303
3.95691879114401
3.95375253038341
3.95059134892378
3.94743523445755
3.94428417471687
3.94113815747347
3.93799717053847
3.93486120176224
3.93173023903427
3.92860427028293
3.92548328347543
3.92236726661755
3.91925620775356
3.91615009496604
3.91304891637573
3.90995266014138
3.90686131445959
3.90377486756466
3.90069330772846
3.89761662326023
3.89454480250650
3.89147783385090
3.88841570571400
3.88535840655320
3.88230592486256
3.87925824917266
3.87621536805045
3.87317727009913
3.87014394395796
3.86711537830217
3.86409156184279
3.86107248332650
3.85805813153551
3.85504849528741
3.85204356343503
3.84904332486630
3.84604776850412
3.84305688330623
3.84007065826503
3.83708908240751
3.83411214479505
3.83113983452334
3.82817214072219
3.82520905255545
3.82225055922086
3.81929664994989
3.81634731400763
3.81340254069269
3.81046231933699
3.80752663930573
3.80459548999716
3.80166886084254
3.79874674130596
3.79582912088420
3.79291598910666
3.79000733553520
3.78710314976399
3.78420342141944
3.78130814016003
3.77841729567621
3.77553087769026
3.77264887595618
3.76977128025957
3.76689808041750
3.76402926627839
3.76116482772188
3.75830475465875
3.75544903703073
3.75259766481046
3.74975062800131
3.74690791663730
3.74406952078296
3.74123543053322
3.73840563601331
3.73558012737863
3.73275889481460
3.72994192853664
3.72712921878994
3.72432075584944
3.72151653001966
3.71871653163462
3.71592075105770
3.71312917868157
3.71034180492803
3.70755862024793
3.70477961512104
3.70200478005598
3.69923410559007
3.69646758228922
3.69370520074786
3.69094695158880
3.68819282546314
3.68544281305015
3.68269690505716
3.67995509221949
3.67721736530029
3.67448371509050
3.67175413240868
3.66902860810095
3.66630713304088
3.66358969812936
3.66087629429454
3.65816691249171
3.65546154370316
3.65276017893817
3.65006280923281
3.64736942564989
3.64468001927888
3.64199458123576
3.63931310266295
3.63663557472923
3.63396198862959
3.63129233558518
3.62862660684320
3.62596479367679
3.62330688738495
3.62065287929243
3.61800276074966
3.61535652313262
3.61271415784278
3.61007565630696
3.60744100997731
3.60481021033113
3.60218324887085
3.59956011712390
3.59694080664261
3.59432530900416
3.59171361581045
3.58910571868802
3.58650160928797
3.58390127928585
3.58130472038161
3.57871192429945
3.57612288278778
3.57353758761912
3.57095603059001
3.56837820352092
3.56580409825614
3.56323370666377
3.56066702063552
3.55810403208672
3.55554473295621
3.55298911520620
3.55043717082228
3.54788889181324
3.54534427021105
3.54280329807076
3.54026596747042
3.53773227051095
3.53520219931615
3.53267574603251
3.53015290282924
3.52763366189809
3.52511801545331
3.52260595573159
3.52009747499195
3.51759256551565
3.51509121960616
3.51259342958902
3.51009918781179
3.50760848664399
3.50512131847700
3.50263767572395
3.50015755081970
3.49768093622076
3.49520782440514
3.49273820787236
3.49027207914332
3.48780943076025
3.48535025528663
3.48289454530709
3.48044229342737
3.47799349227422
3.47554813449534
3.47310621275929
3.47066771975545
3.46823264819390
3.46580099080537
3.46337274034117
3.46094788957313
3.45852643129347
3.45610835831482
3.45369366347005
3.45128233961228
3.44887437961475
3.44646977637079
3.44406852279372
3.44167061181681
3.43927603639316
3.43688478949571
3.43449686411706
3.43211225326953
3.42973094998499
3.42735294731482
3.42497823832986
3.42260681612034
3.42023867379579
3.41787380448498
3.41551220133586
3.41315385751552
3.41079876621005
3.40844692062454
3.40609831398301
3.40375293952829
3.40141079052201
3.39907186024452
3.39673614199482
3.39440362909048
3.39207431486762
3.38974819268078
3.38742525590294
3.38510549792536
3.38278891215761
3.38047549202745
3.37816523098076
3.37585812248153
3.37355416001175
3.37125333707136
3.36895564717821
3.36666108386796
3.36436964069406
3.36208131122765
3.35979608905752
3.35751396779007
3.35523494104921
3.35295900247631
3.35068614573015
3.34841636448688
3.34614965243990
3.34388600329989
3.34162541079464
3.33936786866912
3.33711337068529
3.33486191062214
3.33261348227560
3.33036807945847
3.32812569600037
3.32588632574770
3.32364996256355
3.32141660032768
3.31918623293644
3.31695885430271
3.31473445835588
3.31251303904173
3.31029459032244
3.30807910617649
3.30586658059865
3.30365700759987
3.30145038120726
3.29924669546404
3.29704594442944
3.29484812217872
3.29265322280306
3.29046124040951
3.28827216912098
3.28608600307613
3.28390273642934
3.28172236335069
3.27954487802585
3.27737027465606
3.27519854745809
3.27302969066416
3.27086369852191
3.26870056529431
3.26654028525968
3.26438285271157
3.26222826195874
3.26007650732511
3.25792758314969
3.25578148378657
3.25363820360484
3.25149773698851
3.24936007833654
3.24722522206273
3.24509316259568
3.24296389437875
3.24083741187001
3.23871370954219
3.23659278188264
3.23447462339326
3.23235922859048
3.23024659200518
3.22813670818268
3.22602957168265
3.22392517707910
3.22182351896032
3.21972459192883
3.21762839060132
3.21553490960863
3.21344414359570
3.21135608722149
3.20927073515899
3.20718808209511
3.20510812273071
3.20303085178046
3.20095626397289
3.19888435405028
3.19681511676866
3.19474854689770
3.19268463922075
3.19062338853474
3.18856478965013
3.18650883739091
3.18445552659452
3.18240485211182
3.18035680880703
3.17831139155773
3.17626859525476
3.17422841480222
3.17219084511739
3.17015588113074
3.16812351778583
3.16609375003930
3.16406657286083
3.16204198123308
3.16001997015166
3.15800053462509
3.15598366967475
3.15396937033483
3.15195763165233
3.14994844868697
3.14794181651117
3.14593773021001
3.14393618488120
3.14193717563501
3.13994069759426
3.13794674589426
3.13595531568277
3.13396640211999
3.13198000037848
3.12999610564314
3.12801471311117
3.12603581799203
3.12405941550740
3.12208550089114
3.12011406938926
3.11814511625987
3.11617863677313
3.11421462621126
3.11225307986843
3.11029399305078
3.10833736107638
3.10638317927515
3.10443144298886
3.10248214757107
3.10053528838711
3.09859086081403
3.09664886024058
3.09470928206716
3.09277212170576
3.09083737457999
3.08890503612496
3.08697510178731
3.08504756702515
3.08312242730802
3.08119967811684
3.07927931494391
3.07736133329285
3.07544572867858
3.07353249662725
3.07162163267625
3.06971313237416
3.06780699128068
3.06590320496665
3.06400176901399
3.06210267901565
3.06020593057559
3.05831151930876
3.05641944084106
3.05452969080926
3.05264226486103
3.05075715865490
3.04887436786015
3.04699388815690
3.04511571523595
3.04323984479883
3.04136627255777
3.03949499423558
3.03762600556574
3.03575930229225
3.03389488016969
3.03203273496312
3.03017286244810
3.02831525841061
3.02645991864707
3.02460683896425
3.02275601517928
3.02090744311961
3.01906111862297
3.01721703753733
3.01537519572090
3.01353558904207
3.01169821337938
3.00986306462150
3.00803013866721
3.00619943142534
3.00437093881475
3.00254465676432
3.00072058121287
2.99889870810921
2.99707903341202
2.99526155308987
2.99344626312119
2.99163315949423
2.98982223820702
2.98801349526737
2.98620692669280
2.98440252851054
2.98260029675749
2.98080022748021
2.97900231673484
2.97720656058713
2.97541295511239
2.97362149639542
2.97183218053056
2.97004500362159
2.96825996178174
2.96647705113364
2.96469626780934
2.96291760795019
2.96114106770691
2.95936664323949
2.95759433071720
2.95582412631856
2.95405602623130
2.95229002665232
2.95052612378770
2.94876431385265
2.94700459307146
2.94524695767752
2.94349140391326
2.94173792803014
2.93998652628861
2.93823719495808
2.93648993031690
2.93474472865235
2.93300158626060
2.93126049944665
2.92952146452437
2.92778447781642
2.92604953565424
2.92431663437804
2.92258577033674
2.92085693988797
2.91913013939806
2.91740536524196
2.91568261380326
2.91396188147415
2.91224316465540
2.91052645975632
2.90881176319475
2.90709907139703
2.90538838079796
2.90367968784082
2.90197298897727
2.90026828066740
2.89856555937967
2.89686482159089
2.89516606378617
2.89346928245895
2.89177447411093
2.89008163525208
2.88839076240056
2.88670185208277
2.88501490083326
2.88332990519476
2.88164686171810
2.87996576696225
2.87828661749424
2.87660940988917
2.87493414073016
2.87326080660836
2.87158940412289
2.86991992988086
2.86825238049729
2.86658675259515
2.86492304280528
2.86326124776641
2.86160136412511
2.85994338853577
2.85828731766061
2.85663314816959
2.85498087674046
2.85333050005870
2.85168201481749
2.85003541771772
2.84839070546793
2.84674787478432
2.84510692239070
2.84346784501850
2.84183063940671
2.84019530230189
2.83856183045813
2.83693022063704
2.83530046960772
2.83367257414674
2.83204653103811
2.83042233707329
2.82879998905113
2.82717948377786
2.82556081806709
2.82394398873976
2.82232899262413
2.82071582655576
2.81910448737752
2.81749497193948
2.81588727709901
2.81428139972064
2.81267733667614
2.81107508484443
2.80947464111160
2.80787600237086
2.80627916552254
2.80468412747406
2.80309088513993
2.80149943544170
2.79990977530794
2.79832190167425
2.79673581148323
2.79515150168444
2.79356896923438
2.79198821109651
2.79040922424120
2.78883200564569
2.78725655229411
2.78568286117746
2.78411092929355
2.78254075364701
2.78097233124929
2.77940565911858
2.77784073427987
2.77627755376484
2.77471611461194
2.77315641386629
2.77159844857969
2.77004221581063
2.76848771262422
2.76693493609220
2.76538388329292
2.76383455131131
2.76228693723890
2.76074103817373
2.75919685122040
2.75765437349001
2.75611360210016
2.75457453417495
2.75303716684489
2.75150149724698
2.74996752252462
2.74843523982762
2.74690464631218
2.74537573914087
2.74384851548260
2.74232297251263
2.74079910741252
2.73927691737016
2.73775639957967
2.73623755124149
2.73472036956227
2.73320485175489
2.73169099503846
2.73017879663827
2.72866825378579
2.72715936371866
2.72565212368063
2.72414653092162
2.72264258269764
2.72114027627077
2.71963960890920
2.71814057788715
2.71664318048489
2.71514741398874
2.71365327569098
2.71216076288991
2.71066987288981
2.70918060300091
2.70769295053937
2.70620691282728
2.70472248719266
2.70323967096940
2.70175846149727
2.70027885612191
2.69880085219479
2.69732444707322
2.69584963812032
2.69437642270499
2.69290479820194
2.69143476199161
2.68996631146023
2.68849944399971
2.68703415700773
2.68557044788763
2.68410831404847
2.68264775290495
2.68118876187744
2.67973133839194
2.67827547988009
2.67682118377913
2.67536844753189
2.67391726858678
2.67246764439777
2.67101957242439
2.66957305013168
2.66812807499022
2.66668464447608
2.66524275607081
2.66380240726146
2.66236359554052
2.66092631840591
2.65949057336100
2.65805635791457
2.65662366958078
2.65519250587921
2.65376286433477
2.65233474247775
2.65090813784377
2.64948304797379
2.64805947041406
2.64663740271615
2.64521684243689
2.64379778713840
2.64238023438805
2.64096418175844
2.63954962682741
2.63813656717801
2.63672500039847
2.63531492408222
2.63390633582788
2.63249923323918
2.63109361392505
2.62968947549949
2.62828681558166
2.62688563179580
2.62548592177124
2.62408768314240
2.62269091354875
2.62129561063479
2.61990177205008
2.61850939544919
2.61711847849170
2.61572901884218
2.61434101417017
2.61295446215021
2.61156936046176
2.61018570678924
2.60880349882198
2.60742273425424
2.60604341078518
2.60466552611885
2.60328907796416
2.60191406403490
2.60054048204970
2.59916832973203
2.59779760481018
2.59642830501726
2.59506042809117
2.59369397177460
2.59232893381501
2.59096531196463
2.58960310398042
2.58824230762410
2.58688292066208
2.58552494086551
2.58416836601023
2.58281319387676
2.58145942225030
2.58010704892070
2.57875607168247
2.57740648833475
2.57605829668132
2.57471149453055
2.57336607969542
2.57202204999350
2.57067940324693
2.56933813728243
2.56799824993125
2.56665973902920
2.56532260241660
2.56398683793831
2.56265244344366
2.56131941678652
2.55998775582520
2.55865745842249
2.55732852244566
2.55600094576640
2.55467472626084
2.55334986180954
2.55202635029748
2.55070418961401
2.54938337765291
2.54806391231230
2.54674579149469
2.54542901310694
2.54411357506024
2.54279947527013
2.54148671165646
2.54017528214339
2.53886518465939
2.53755641713720
2.53624897751386
2.53494286373065
2.53363807373312
2.53233460547105
2.53103245689848
2.52973162597364
2.52843211065898
2.52713390892117
2.52583701873104
2.52454143806361
2.52324716489808
2.52195419721778
2.52066253301021
2.51937217026700
2.51808310698390
2.51679534116077
2.51550887080159
2.51422369391441
2.51293980851138
2.51165721260872
2.51037590422671
2.50909588138969
2.50781714212601
2.50653968446809
2.50526350645235
2.50398860611923
2.50271498151315
2.50144263068254
2.50017155167981
2.49890174256132
2.49763320138741
2.49636592622237
2.49509991513440
2.49383516619567
2.49257167748224
2.49130944707408
2.49004847305509
2.48878875351302
2.48753028653952
2.48627307023012
2.48501710268418
2.48376238200493
2.48250890629945
2.48125667367863
2.48000568225720
2.47875593015367
2.47750741549039
2.47626013639349
2.47501409099286
2.47376927742220
2.47252569381895
2.47128333832430
2.47004220908320
2.46880230424433
2.46756362196010
2.46632616038662
2.46508991768373
2.46385489201496
2.46262108154751
2.46138848445229
2.46015709890385
2.45892692308043
2.45769795516390
2.45647019333978
2.45524363579723
2.45401828072903
2.45279412633156
2.45157117080484
2.45034941235245
2.44912884918158
2.44790947950300
2.44669130153105
2.44547431348361
2.44425851358214
2.44304390005164
2.44183047112064
2.44061822502118
2.43940715998884
2.43819727426271
2.43698856608535
2.43578103370286
2.43457467536478
2.43336948932414
2.43216547383744
2.43096262716462
2.42976094756910
2.42856043331770
2.42736108268071
2.42616289393181
2.42496586534811
2.42376999521012
2.42257528180177
2.42138172341034
2.42018931832652
2.41899806484437
2.41780796126130
2.41661900587808
2.41543119699884
2.41424453293104
2.41305901198546
2.41187463247623
2.41069139272077
2.40950929103982
2.40832832575741
2.40714849520087
2.40596979770081
2.40479223159110
2.40361579520889
2.40244048689459
2.40126630499186
2.40009324784759
2.39892131381192
2.39775050123821
2.39658080848302
2.39541223390617
2.39424477587063
2.39307843274259
2.39191320289142
2.39074908468969
2.38958607651311
2.38842417674058
2.38726338375414
2.38610369593899
2.38494511168346
2.38378762937903
2.38263124742028
2.38147596420494
2.38032177813382
2.37916868761085
2.37801669104306
2.37686578684057
2.37571597341655
2.37456724918727
2.37341961257208
2.37227306199335
2.37112759587652
2.36998321265009
2.36883991074557
2.36769768859750
2.36655654464347
2.36541647732406
2.36427748508285
2.36313956636644
2.36200271962442
2.36086694330935
2.35973223587679
2.35859859578524
2.35746602149621
2.35633451147412
2.35520406418637
2.35407467810329
2.35294635169814
2.35181908344713
2.35069287182937
2.34956771532690
2.34844361242466
2.34732056161048
2.34619856137510
2.34507761021215
2.34395770661813
2.34283884909240
2.34172103613722
2.34060426625768
2.33948853796173
2.33837384976017
2.33726020016664
2.33614758769761
2.33503601087238
2.33392546821304
2.33281595824455
2.33170747949461
2.33060003049377
2.32949360977534
2.32838821587543
2.32728384733293
2.32618050268949
2.32507818048954
2.32397687928026
2.32287659761158
2.32177733403619
2.32067908710951
2.31958185538969
2.31848563743761
2.31739043181688
2.31629623709380
2.31520305183740
2.31411087461940
2.31301970401422
2.31192953859896
2.31084037695341
2.30975221766004
2.30866505930397
2.30757890047301
2.30649373975760
2.30540957575085
2.30432640704850
2.30324423224894
2.30216304995319
2.30108285876488
2.30000365729029
2.29892544413829
2.29784821792036
2.29677197725058
2.29569672074563
2.29462244702479
2.29354915470991
2.29247684242541
2.29140550879829
2.29033515245812
2.28926577203703
2.28819736616968
2.28712993349330
2.28606347264766
2.28499798227506
2.28393346102033
2.28286990753081
2.28180732045639
2.28074569844944
2.27968504016485
2.27862534426000
2.27756660939479
2.27650883423158
2.27545201743523
2.27439615767306
2.27334125361488
2.27228730393295
2.27123430730201
2.27018226239923
2.26913116790424
2.26808102249912
2.26703182486837
2.26598357369894
2.26493626768019
2.26388990550391
2.26284448586431
2.26180000745798
2.26075646898395
2.25971386914363
2.25867220664083
2.25763148018173
2.25659168847491
2.25555283023132
2.25451490416428
2.25347790898948
2.25244184342496
2.25140670619112
2.25037249601072
2.24933921160883
2.24830685171289
2.24727541505267
2.24624490036025
2.24521530637005
2.24418663181880
2.24315887544554
2.24213203599161
2.24110611220066
2.24008110281864
2.23905700659379
2.23803382227661
2.23701154861992
2.23599018437879
2.23496972831055
2.23395017917483
2.23293153573348
2.23191379675063
2.23089696099266
2.22988102722817
2.22886599422803
2.22785186076531
2.22683862561535
2.22582628755567
2.22481484536604
2.22380429782843
2.22279464372702
2.22178588184820
2.22077801098055
2.21977102991485
2.21876493744406
2.21775973236334
2.21675541347002
2.21575197956359
2.21474942944572
2.21374776192026
2.21274697579320
2.21174706987269
2.21074804296902
2.20974989389464
2.20875262146414
2.20775622449422
2.20676070180375
2.20576605221369
2.20477227454713
2.20377936762929
2.20278733028749
2.20179616135116
2.20080585965183
2.19981642402311
2.19882785330074
2.19784014632251
2.19685330192833
2.19586731896014
2.19488219626200
2.19389793268001
2.19291452706235
2.19193197825926
2.19095028512302
2.18996944650796
2.18898946127049
2.18801032826901
2.18703204636401
2.18605461441796
2.18507803129540
2.18410229586288
2.18312740698896
2.18215336354421
2.18118016440124
2.18020780843463
2.17923629452097
2.17826562153888
2.17729578836891
2.17632679389366
2.17535863699768
2.17439131656749
2.17342483149161
2.17245918066051
2.17149436296664
2.17053037730441
2.16956722257018
2.16860489766226
2.16764340148091
2.16668273292835
2.16572289090871
2.16476387432809
2.16380568209450
2.16284831311787
2.16189176631008
2.16093604058489
2.15998113485802
2.15902704804706
2.15807377907153
2.15712132685284
2.15616969031430
2.15521886838112
2.15426885998039
2.15331966404108
2.15237127949407
2.15142370527208
2.15047694030972
2.14953098354347
2.14858583391167
2.14764149035453
2.14669795181410
2.14575521723429
2.14481328556086
2.14387215574142
2.14293182672540
2.14199229746409
2.14105356691060
2.14011563401986
2.13917849774864
2.13824215705552
2.13730661090090
2.13637185824700
2.13543789805783
2.13450472929922
2.13357235093879
2.13264076194596
2.13170996129195
2.13077994794976
2.12985072089418
2.12892227910177
2.12799462155088
2.12706774722162
2.12614165509590
2.12521634415735
2.12429181339139
2.12336806178520
2.12244508832770
2.12152289200958
2.12060147182325
2.11968082676288
2.11876095582437
2.11784185800538
2.11692353230526
2.11600597772512
2.11508919326779
2.11417317793780
2.11325793074142
2.11234345068662
2.11142973678309
2.11051678804222
2.10960460347709
2.10869318210249
2.10778252293491
2.10687262499251
2.10596348729517
2.10505510886443
2.10414748872351
2.10324062589732
2.10233451941243
2.10142916829707
2.10052457158117
2.09962072829630
2.09871763747568
2.09781529815420
2.09691370936840
2.09601287015646
2.09511277955821
2.09421343661513
2.09331484037031
2.09241698986851
2.09151988415609
2.09062352228105
2.08972790329302
2.08883302624324
2.08793889018457
2.08704549417148
2.08615283726005
2.08526091850798
2.08436973697455
2.08347929172065
2.08258958180878
2.08170060630302
2.08081236426903
2.07992485477406
2.07903807688696
2.07815202967815
2.07726671221962
2.07638212358492
2.07549826284921
2.07461512908918
2.07373272138309
2.07285103881077
2.07197008045360
2.07108984539451
2.07021033271797
2.06933154151003
2.06845347085824
2.06757611985172
2.06669948758112
2.06582357313861
2.06494837561792
2.06407389411426
2.06320012772441
2.06232707554664
2.06145473668076
2.06058311022807
2.05971219529140
2.05884199097507
2.05797249638493
2.05710371062831
2.05623563281404
2.05536826205245
2.05450159745537
2.05363563813610
2.05277038320944
2.05190583179167
2.05104198300055
2.05017883595530
2.04931638977665
2.04845464358676
2.04759359650928
2.04673324766931
2.04587359619344
2.04501464120968
2.04415638184752
2.04329881723790
2.04244194651319
2.04158576880723
2.04073028325529
2.03987548899407
2.03902138516174
2.03816797089787
2.03731524534348
2.03646320764100
2.03561185693431
2.03476119236869
2.03391121309085
2.03306191824892
2.03221330699243
2.03136537847232
2.03051813184096
2.02967156625210
2.02882568086090
2.02798047482393
2.02713594729913
2.02629209744585
2.02544892442484
2.02460642739821
2.02376460552947
2.02292345798353
2.02208298392663
2.02124318252644
2.02040405295196
2.01956559437359
2.01872780596307
2.01789068689353
2.01705423633945
2.01621845347667
2.01538333748238
2.01454888753514
2.01371510281483
2.01288198250271
2.01204952578137
2.01121773183475
2.01038659984811
2.00955612900807
2.00872631850257
2.00789716752089
2.00706867525362
2.00624084089270
2.00541366363138
2.00458714266424
2.00376127718716
2.00293606639735
2.00211150949332
2.00128760567490
2.00046435414323
1.99964175410075
1.99881980475119
1.99799850529959
1.99717785495229
1.99635785291692
1.99553849840239
1.99471979061892
1.99390172877799
1.99308431209238
1.99226753977616
1.99145141104466
1.99063592511448
1.98982108120351
1.98900687853091
1.98819331631709
1.98738039378375
1.98656811015383
1.98575646465153
1.98494545650234
1.98413508493295
1.98332534917136
1.98251624844678
1.98170778198968
1.98089994903179
1.98009274880604
1.97928618054665
1.97848024348904
1.97767493686988
1.97687025992709
1.97606621189977
1.97526279202830
1.97445999955426
1.97365783372044
1.97285629377088
1.97205537895082
1.97125508850671
1.97045542168623
1.96965637773825
1.96885795591286
1.96806015546136
1.96726297563624
1.96646641569119
1.96567047488110
1.96487515246208
1.96408044769140
1.96328635982753
1.96249288813013
1.96170003186006
1.96090779027934
1.96011616265119
1.95932514824000
1.95853474631134
1.95774495613194
1.95695577696973
1.95616720809379
1.95537924877437
1.95459189828288
1.95380515589190
1.95301902087518
1.95223349250760
1.95144857006523
1.95066425282526
1.94988054006606
1.94909743106713
1.94831492510912
1.94753302147382
1.94675171944419
1.94597101830429
1.94519091733933
1.94441141583568
1.94363251308081
1.94285420836334
1.94207650097301
1.94129939020068
1.94052287533836
1.93974695567915
1.93897163051729
1.93819689914813
1.93742276086813
1.93664921497488
1.93587626076707
1.93510389754448
1.93433212460804
1.93356094125974
1.93279034680269
1.93202034054112
1.93125092178031
1.93048208982669
1.92971384398774
1.92894618357205
1.92817910788930
1.92741261625025
1.92664670796676
1.92588138235175
1.92511663871923
1.92435247638429
1.92358889466311
1.92282589287291
1.92206347033202
1.92130162635981
1.92054036027673
1.91977967140431
1.91901955906511
1.91826002258278
1.91750106128202
1.91674267448859
1.91598486152929
1.91522762173201
1.91447095442564
1.91371485894017
1.91295933460660
1.91220438075700
1.91144999672446
1.91069618184313
1.90994293544818
1.90919025687585
1.90843814546338
1.90768660054905
1.90693562147219
1.90618520757315
1.90543535819329
1.90468607267501
1.90393735036175
1.90318919059792
1.90244159272901
1.90169455610149
1.90094808006284
1.90020216396158
1.89945680714723
1.89871200897030
1.89796776878234
1.89722408593587
1.89648095978446
1.89573838968262
1.89499637498592
1.89425491505089
1.89351400923506
1.89277365689697
1.89203385739614
1.89129461009307
1.89055591434926
1.88981776952720
1.88908017499036
1.88834313010319
1.88760663423112
1.88687068674056
1.88613528699890
1.88540043437449
1.88466612823667
1.88393236795574
1.88319915290298
1.88246648245062
1.88173435597188
1.88100277284092
1.88027173243287
1.87954123412383
1.87881127729083
1.87808186131189
1.87735298556597
1.87662464943297
1.87589685229376
1.87516959353014
1.87444287252489
1.87371668866169
1.87299104132519
1.87226592990098
1.87154135377560
1.87081731233649
1.87009380497208
1.86937083107168
1.86864839002557
1.86792648122495
1.86720510406195
1.86648425792962
1.86576394222195
1.86504415633383
1.86432489966109
1.86360617160049
1.86288797154968
1.86217029890726
1.86145315307271
1.86073653344645
1.86002043942979
1.85930487042498
1.85858982583514
1.85787530506434
1.85716130751751
1.85644783260051
1.85573487972010
1.85502244828393
1.85431053770055
1.85359914737942
1.85288827673087
1.85217792516614
1.85146809209735
1.85075877693753
1.85004997910057
1.84934169800127
1.84863393305530
1.84792668367921
1.84721994929045
1.84651372930732
1.84580802314904
1.84510283023565
1.84439814998812
1.84369398182826
1.84299032517875
1.84228717946315
1.84158454410590
1.84088241853228
1.84018080216845
1.83947969444143
1.83877909477910
1.83807900261020
1.83737941736433
1.83668033847195
1.83598176536436
1.83528369747373
1.83458613423308
1.83388907507626
1.83319251943800
1.83249646675384
1.83180091646021
1.83110586799435
1.83041132079434
1.82971727429913
1.82902372794849
1.82833068118301
1.82763813344415
1.82694608417419
1.82625453281624
1.82556347881424
1.82487292161296
1.82418286065801
1.82349329539581
1.82280422527362
1.82211564973950
1.82142756824237
1.82073998023193
1.82005288515872
1.81936628247411
1.81868017163025
1.81799455208014
1.81730942327758
1.81662478467716
1.81594063573432
1.81525697590527
1.81457380464706
1.81389112141752
1.81320892567530
1.81252721687984
1.81184599449139
1.81116525797100
1.81048500678051
1.80980524038255
1.80912595824058
1.80844715981881
1.80776884458226
1.80709101199676
1.80641366152890
1.80573679264606
1.80506040481643
1.80438449750896
1.80370907019340
1.80303412234028
1.80235965342088
1.80168566290732
1.80101215027243
1.80033911498987
1.79966655653404
1.79899447438014
1.79832286800412
1.79765173688270
1.79698108049340
1.79631089831446
1.79564118982493
1.79497195450460
1.79430319183403
1.79363490129455
1.79296708236823
1.79229973453791
1.79163285728721
1.79096645010047
1.79030051246281
1.78963504386008
1.78897004377892
1.78830551170668
1.78764144713148
1.78697784954220
1.78631471842844
1.78565205328057
1.78498985358968
1.78432811884762
1.78366684854698
1.78300604218109
1.78234569924401
1.78168581923054
1.78102640163623
1.78036744595735
1.77970895169091
1.77905091833464
1.77839334538701
1.77773623234723
1.77707957871523
1.77642338399165
1.77576764767788
1.77511236927603
1.77445754828891
1.77380318422008
1.77314927657380
1.77249582485507
1.77184282856958
1.77119028722376
1.77053820032475
1.76988656738040
1.76923538789926
1.76858466139061
1.76793438736444
1.76728456533143
1.76663519480299
1.76598627529122
1.76533780630894
1.76468978736964
1.76404221798755
1.76339509767759
1.76274842595538
1.76210220233722
1.76145642634012
1.76081109748181
1.76016621528067
1.75952177925580
1.75887778892700
1.75823424381474
1.75759114344018
1.75694848732519
1.75630627499231
1.75566450596477
1.75502317976649
1.75438229592205
1.75374185395675
1.75310185339654
1.75246229376807
1.75182317459865
1.75118449541629
1.75054625574965
1.74990845512808
1.74927109308162
1.74863416914094
1.74799768283743
1.74736163370311
1.74672602127069
1.74609084507354
1.74545610464570
1.74482179952189
1.74418792923746
1.74355449332846
1.74292149133157
1.74228892278415
1.74165678722421
1.74102508419043
1.74039381322214
1.73976297385933
1.73913256564263
1.73850258811333
1.73787304081340
1.73724392328542
1.73661523507264
1.73598697571897
1.73535914476894
1.73473174176775
1.73410476626124
1.73347821779588
1.73285209591881
1.73222640017780
1.73160113012124
1.73097628529820
1.73035186525836
1.72972786955203
1.72910429773020
1.72848114934444
1.72785842394700
1.72723612109073
1.72661424032915
1.72599278121636
1.72537174330713
1.72475112615684
1.72413092932152
1.72351115235779
1.72289179482293
1.72227285627482
1.72165433627198
1.72103623437354
1.72041855013925
1.71980128312950
1.71918443290528
1.71856799902820
1.71795198106049
1.71733637856499
1.71672119110516
1.71610641824508
1.71549205954943
1.71487811458351
1.71426458291322
1.71365146410507
1.71303875772620
1.71242646334433
1.71181458052780
1.71120310884554
1.71059204786711
1.70998139716265
1.70937115630291
1.70876132485924
1.70815190240360
1.70754288850852
1.70693428274715
1.70632608469325
1.70571829392113
1.70511091000574
1.70450393252261
1.70389736104784
1.70329119515815
1.70268543443083
1.70208007844379
1.70147512677548
1.70087057900498
1.70026643471193
1.69966269347657
1.69905935487973
1.69845641850279
1.69785388392775
1.69725175073718
1.69665001851421
1.69604868684257
1.69544775530656
1.69484722349107
1.69424709098155
1.69364735736404
1.69304802222512
1.69244908515200
1.69185054573240
1.69125240355466
1.69065465820767
1.69005730928089
1.68946035636434
1.68886379904863
1.68826763692491
1.68767186958491
1.68707649662092
1.68648151762580
1.68588693219297
1.68529273991639
1.68469894039063
1.68410553321076
1.68351251797244
1.68291989427190
1.68232766170590
1.68173581987177
1.68114436836738
1.68055330679118
1.67996263474214
1.67937235181982
1.67878245762429
1.67819295175620
1.67760383381674
1.67701510340763
1.67642676013118
1.67583880359019
1.67525123338806
1.67466404912870
1.67407725041656
1.67349083685666
1.67290480805454
1.67231916361629
1.67173390314854
1.67114902625844
1.67056453255370
1.66998042164256
1.66939669313380
1.66881334663672
1.66823038176117
1.66764779811753
1.66706559531670
1.66648377297014
1.66590233068980
1.66532126808819
1.66474058477834
1.66416028037381
1.66358035448869
1.66300080673757
1.66242163673560
1.66184284409844
1.66126442844226
1.66068638938379
1.66010872654023
1.65953143952934
1.65895452796939
1.65837799147915
1.65780182967795
1.65722604218559
1.65665062862241
1.65607558860926
1.65550092176752
1.65492662771907
1.65435270608628
1.65377915649208
1.65320597855988
1.65263317191360
1.65206073617768
1.65148867097706
1.65091697593720
1.65034565068405
1.64977469484407
1.64920410804424
1.64863388991203
1.64806404007541
1.64749455816287
1.64692544380338
1.64635669662642
1.64578831626199
1.64522030234055
1.64465265449308
1.64408537235106
1.64351845554647
1.64295190371176
1.64238571647991
1.64181989348437
1.64125443435909
1.64068933873852
1.64012460625758
1.63956023655170
1.63899622925680
1.63843258400927
1.63786930044603
1.63730637820443
1.63674381692235
1.63618161623814
1.63561977579064
1.63505829521917
1.63449717416353
1.63393641226401
1.63337600916138
1.63281596449688
1.63225627791226
1.63169694904972
1.63113797755194
1.63057936306210
1.63002110522383
1.62946320368126
1.62890565807897
1.62834846806205
1.62779163327602
1.62723515336691
1.62667902798121
1.62612325676586
1.62556783936832
1.62501277543646
1.62445806461867
1.62390370656379
1.62334970092110
1.62279604734039
1.62224274547190
1.62168979496633
1.62113719547484
1.62058494664906
1.62003304814110
1.61948149960350
1.61893030068928
1.61837945105193
1.61782895034537
1.61727879822401
1.61672899434270
1.61617953835675
1.61563042992194
1.61508166869448
1.61453325433107
1.61398518648883
1.61343746482535
1.61289008899868
1.61234305866731
1.61179637349019
1.61125003312672
1.61070403723673
1.61015838548053
1.60961307751887
1.60906811301293
1.60852349162435
1.60797921301523
1.60743527684809
1.60689168278590
1.60634843049210
1.60580551963055
1.60526294986554
1.60472072086184
1.60417883228463
1.60363728379954
1.60309607507264
1.60255520577044
1.60201467555990
1.60147448410839
1.60093463108374
1.60039511615421
1.59985593898849
1.59931709925571
1.59877859662543
1.59824043076766
1.59770260135282
1.59716510805177
1.59662795053580
1.59609112847664
1.59555464154644
1.59501848941778
1.59448267176367
1.59394718825755
1.59341203857329
1.59287722238518
1.59234273936793
1.59180858919668
1.59127477154701
1.59074128609490
1.59020813251677
1.58967531048944
1.58914281969018
1.58861065979667
1.58807883048700
1.58754733143968
1.58701616233366
1.58648532284829
1.58595481266334
1.58542463145899
1.58489477891585
1.58436525471494
1.58383605853770
1.58330719006597
1.58277864898201
1.58225043496850
1.58172254770852
1.58119498688557
1.58066775218357
1.58014084328682
1.57961425988005
1.57908800164841
1.57856206827743
1.57803645945307
1.57751117486168
1.57698621419004
1.57646157712530
1.57593726335505
1.57541327256726
1.57488960445032
1.57436625869300
1.57384323498451
1.57332053301442
1.57279815247273
1.57227609304982
1.57175435443648
1.57123293632391
1.57071183840369
1.57019106036780
1.56967060190863
1.56915046271894
1.56863064249193
1.56811114092114
1.56759195770055
1.56707309252452
1.56655454508778
1.56603631508549
1.56551840221318
1.56500080616678
1.56448352664259
1.56396656333733
1.56344991594810
1.56293358417237
1.56241756770802
1.56190186625331
1.56138647950688
1.56087140716778
1.56035664893542
1.55984220450960
1.55932807359051
1.55881425587873
1.55830075107521
1.55778755888129
1.55727467899869
1.55676211112951
1.55624985497623
1.55573791024172
1.55522627662922
1.55471495384235
1.55420394158512
1.55369323956189
1.55318284747742
1.55267276503685
1.55216299194569
1.55165352790980
1.55114437263546
1.55063552582929
1.55012698719830
1.54961875644987
1.54911083329175
1.54860321743206
1.54809590857929
1.54758890644231
1.54708221073035
1.54657582115302
1.54606973742029
1.54556395924250
1.54505848633036
1.54455331839494
1.54404845514770
1.54354389630043
1.54303964156530
1.54253569065487
1.54203204328203
1.54152869916005
1.54102565800255
1.54052291952353
1.54002048343735
1.53951834945872
1.53901651730271
1.53851498668476
1.53801375732067
1.53751282892659
1.53701220121904
1.53651187391489
1.53601184673137
1.53551211938606
1.53501269159690
1.53451356308220
1.53401473356060
1.53351620275112
1.53301797037311
1.53252003614630
1.53202239979074
1.53152506102686
1.53102801957544
1.53053127515759
1.53003482749479
1.52953867630886
1.52904282132198
1.52854726225668
1.52805199883581
1.52755703078261
1.52706235782064
1.52656797967382
1.52607389606640
1.52558010672298
1.52508661136853
1.52459340972834
1.52410050152805
1.52360788649364
1.52311556435144
1.52262353482811
1.52213179765068
1.52164035254649
1.52114919924324
1.52065833746896
1.52016776695203
1.51967748742117
1.51918749860541
1.51869780023416
1.51820839203715
1.51771927374443
1.51723044508642
1.51674190579385
1.51625365559780
1.51576569422967
1.51527802142122
1.51479063690452
1.51430354041198
1.51381673167635
1.51333021043070
1.51284397640846
1.51235802934335
1.51187236896946
1.51138699502118
1.51090190723325
1.51041710534073
1.50993258907901
1.50944835818382
1.50896441239120
1.50848075143753
1.50799737505951
1.50751428299417
1.50703147497887
1.50654895075128
1.50606671004941
1.50558475261159
1.50510307817648
1.50462168648305
1.50414057727060
1.50365975027877
1.50317920524748
1.50269894191700
1.50221896002794
1.50173925932118
1.50125983953796
1.50078070041983
1.50030184170865
1.49982326314661
1.49934496447621
1.49886694544026
1.49838920578192
1.49791174524462
1.49743456357214
1.49695766050857
1.49648103579830
1.49600468918606
1.49552862041686
1.49505282923606
1.49457731538930
1.49410207862256
1.49362711868211
1.49315243531456
1.49267802826680
1.49220389728604
1.49173004211982
1.49125646251597
1.49078315822262
1.49031012898824
1.48983737456159
1.48936489469172
1.48889268912803
1.48842075762019
1.48794909991819
1.48747771577233
1.48700660493322
1.48653576715175
1.48606520217914
1.48559490976690
1.48512488966686
1.48465514163113
1.48418566541215
1.48371646076263
1.48324752743561
1.48277886518442
1.48231047376270
1.48184235292437
1.48137450242366
1.48090692201511
1.48043961145355
1.47997257049411
1.47950579889221
1.47903929640359
1.47857306278426
1.47810709779055
1.47764140117907
1.47717597270674
1.47671081213076
1.47624591920863
1.47578129369815
1.47531693535742
1.47485284394482
1.47438901921902
1.47392546093901
1.47346216886404
1.47299914275367
1.47253638236774
1.47207388746640
1.47161165781008
1.47114969315949
1.47068799327564
1.47022655791983
1.46976538685365
1.46930447983898
1.46884383663797
1.46838345701308
1.46792334072705
1.46746348754290
1.46700389722395
1.46654456953378
1.46608550423629
1.46562670109565
1.46516815987629
1.46470988034297
1.46425186226069
1.46379410539477
1.46333660951079
1.46287937437462
1.46242239975240
1.46196568541058
1.46150923111586
1.46105303663524
1.46059710173599
1.46014142618567
1.45968600975211
1.45923085220342
1.45877595330800
1.45832131283451
1.45786693055191
1.45741280622941
1.45695893963652
1.45650533054301
1.45605197871895
1.45559888393466
1.45514604596075
1.45469346456810
1.45424113952786
1.45378907061146
1.45333725759060
1.45288570023727
1.45243439832370
1.45198335162243
1.45153255990624
1.45108202294820
1.45063174052164
1.45018171240018
1.44973193835768
1.44928241816830
1.44883315160646
1.44838413844684
1.44793537846440
1.44748687143435
1.44703861713219
1.44659061533369
1.44614286581486
1.44569536835201
1.44524812272168
1.44480112870071
1.44435438606618
1.44390789459546
1.44346165406617
1.44301566425619
1.44256992494366
1.44212443590702
1.44167919692492
1.44123420777632
1.44078946824041
1.44034497809667
1.43990073712480
1.43945674510481
1.43901300181695
1.43856950704171
1.43812626055988
1.43768326215247
1.43724051160078
1.43679800868636
1.43635575319101
1.43591374489680
1.43547198358605
1.43503046904133
1.43458920104550
1.43414817938163
1.43370740383308
1.43326687418346
1.43282659021663
1.43238655171670
1.43194675846806
1.43150721025531
1.43106790686335
1.43062884807731
1.43019003368258
1.42975146346479
1.42931313720985
1.42887505470389
1.42843721573332
1.42799962008478
1.42756226754517
1.42712515790164
1.42668829094161
1.42625166645270
1.42581528422284
1.42537914404016
1.42494324569307
1.42450758897022
1.42407217366050
1.42363699955306
1.42320206643728
1.42276737410280
1.42233292233952
1.42189871093756
1.42146473968730
1.42103100837937
1.42059751680463
1.42016426475419
1.41973125201942
1.41929847839192
1.41886594366353
1.41843364762635
1.41800159007271
1.41756977079518
1.41713818958658
1.41670684623997
1.41627574054866
1.41584487230620
1.41541424130635
1.41498384734316
1.41455369021088
1.41412376970403
1.41369408561735
1.41326463774582
1.41283542588466
1.41240644982935
1.41197770937558
1.41154920431930
1.41112093445666
1.41069289958410
1.41026509949827
1.40983753399604
1.40941020287454
1.40898310593113
1.40855624296342
1.40812961376922
1.40770321814660
1.40727705589386
1.40685112680953
1.40642543069239
1.40599996734143
1.40557473655589
1.40514973813524
1.40472497187916
1.40430043758760
1.40387613506072
1.40345206409891
1.40302822450281
1.40260461607325
1.40218123861134
1.40175809191839
1.40133517579595
1.40091249004579
1.40049003446992
1.40006780887058
1.39964581305022
1.39922404681155
1.39880250995747
1.39838120229113
1.39796012361592
1.39753927373542
1.39711865245347
1.39669825957412
1.39627809490165
1.39585815824056
1.39543844939558
1.39501896817167
1.39459971437402
1.39418068780801
1.39376188827928
1.39334331559368
1.39292496955729
1.39250684997640
1.39208895665753
1.39167128940743
1.39125384803306
1.39083663234161
1.39041964214047
1.39000287723730
1.38958633743992
1.38917002255641
1.38875393239507
1.38833806676440
1.38792242547313
1.38750700833021
1.38709181514480
1.38667684572630
1.38626209988431
1.38584757742864
1.38543327816934
1.38501920191667
1.38460534848110
1.38419171767331
1.38377830930423
1.38336512318496
1.38295215912685
1.38253941694146
1.38212689644054
1.38171459743610
1.38130251974032
1.38089066316562
1.38047902752462
1.38006761263017
1.37965641829532
1.37924544433334
1.37883469055770
1.37842415678210
1.37801384282045
1.37760374848685
1.37719387359564
1.37678421796136
1.37637478139875
1.37596556372278
1.37555656474861
1.37514778429162
1.37473922216741
1.37433087819178
1.37392275218074
1.37351484395049
1.37310715331748
1.37269968009832
1.37229242410987
1.37188538516918
1.37147856309350
1.37107195770030
1.37066556880724
1.37025939623221
1.36985343979329
1.36944769930877
1.36904217459714
1.36863686547711
1.36823177176758
1.36782689328766
1.36742222985667
1.36701778129413
1.36661354741975
1.36620952805346
1.36580572301540
1.36540213212590
1.36499875520550
1.36459559207492
1.36419264255511
1.36378990646722
1.36338738363258
1.36298507387275
1.36258297700946
1.36218109286467
1.36177942126052
1.36137796201936
1.36097671496373
1.36057567991639
1.36017485670028
1.35977424513854
1.35937384505452
1.35897365627176
1.35857367861400
1.35817391190518
1.35777435596945
1.35737501063112
1.35697587571473
1.35657695104502
1.35617823644689
1.35577973174548
1.35538143676611
1.35498335133427
1.35458547527569
1.35418780841626
1.35379035058209
1.35339310159946
1.35299606129486
1.35259922949498
1.35220260602668
1.35180619071704
1.35140998339332
1.35101398388298
1.35061819201365
1.35022260761319
1.34982723050962
1.34943206053117
1.34903709750625
1.34864234126347
1.34824779163164
1.34785344843973
1.34745931151694
1.34706538069262
1.34667165579635
1.34627813665787
1.34588482310712
1.34549171497423
1.34509881208952
1.34470611428349
1.34431362138685
1.34392133323048
1.34352924964544
1.34313737046300
1.34274569551461
1.34235422463189
1.34196295764668
1.34157189439097
1.34118103469697
1.34079037839706
1.34039992532379
1.34000967530993
1.33961962818841
1.33922978379235
1.33884014195506
1.33845070251004
1.33806146529096
1.33767243013168
1.33728359686625
1.33689496532889
1.33650653535402
1.33611830677623
1.33573027943031
1.33534245315120
1.33495482777406
1.33456740313420
1.33418017906715
1.33379315540857
1.33340633199435
1.33301970866054
1.33263328524336
1.33224706157923
1.33186103750474
1.33147521285667
1.33108958747197
1.33070416118777
1.33031893384138
1.32993390527029
1.32954907531218
1.32916444380489
1.32878001058645
1.32839577549507
1.32801173836912
1.32762789904717
1.32724425736795
1.32686081317039
1.32647756629357
1.32609451657677
1.32571166385942
1.32532900798115
1.32494654878177
1.32456428610123
1.32418221977969
1.32380034965748
1.32341867557509
1.32303719737320
1.32265591489265
1.32227482797448
1.32189393645987
1.32151324019019
1.32113273900700
1.32075243275200
1.32037232126709
1.31999240439434
1.31961268197597
1.31923315385441
1.31885381987222
1.31847467987216
1.31809573369716
1.31771698119031
1.31733842219487
1.31696005655430
1.31658188411219
1.31620390471233
1.31582611819866
1.31544852441530
1.31507112320656
1.31469391441687
1.31431689789089
1.31394007347339
1.31356344100935
1.31318700034390
1.31281075132235
1.31243469379018
1.31205882759301
1.31168315257666
1.31130766858710
1.31093237547049
1.31055727307311
1.31018236124147
1.30980763982219
1.30943310866209
1.30905876760814
1.30868461650749
1.30831065520745
1.30793688355548
1.30756330139923
1.30718990858650
1.30681670496526
1.30644369038364
1.30607086468995
1.30569822773263
1.30532577936033
1.30495351942182
1.30458144776607
1.30420956424218
1.30383786869944
1.30346636098730
1.30309504095535
1.30272390845336
1.30235296333127
1.30198220543916
1.30161163462729
1.30124125074608
1.30087105364610
1.30050104317809
1.30013121919294
1.29976158154172
1.29939213007565
1.29902286464610
1.29865378510462
1.29828489130291
1.29791618309282
1.29754766032638
1.29717932285577
1.29681117053331
1.29644320321151
1.29607542074302
1.29570782298065
1.29534040977738
1.29497318098634
1.29460613646080
1.29423927605422
1.29387259962019
1.29350610701248
1.29313979808499
1.29277367269181
1.29240773068716
1.29204197192542
1.29167639626114
1.29131100354901
1.29094579364388
1.29058076640077
1.29021592167482
1.28985125932137
1.28948677919589
1.28912248115399
1.28875836505147
1.28839443074426
1.28803067808844
1.28766710694027
1.28730371715613
1.28694050859259
1.28657748110633
1.28621463455422
1.28585196879327
1.28548948368064
1.28512717907364
1.28476505482974
1.28440311080656
1.28404134686186
1.28367976285357
1.28331835863976
1.28295713407865
1.28259608902863
1.28223522334820
1.28187453689606
1.28151402953102
1.28115370111207
1.28079355149832
1.28043358054906
1.28007378812370
1.27971417408183
1.27935473828317
1.27899548058759
1.27863640085512
1.27827749894592
1.27791877472030
1.27756022803875
1.27720185876187
1.27684366675043
1.27648565186533
1.27612781396763
1.27577015291854
1.27541266857941
1.27505536081173
1.27469822947715
1.27434127443747
1.27398449555462
1.27362789269068
1.27327146570789
1.27291521446861
1.27255913883537
1.27220323867083
1.27184751383781
1.27149196419925
1.27113658961827
1.27078138995810
1.27042636508214
1.27007151485391
1.26971683913709
1.26936233779551
1.26900801069312
1.26865385769405
1.26829987866252
1.26794607346295
1.26759244195987
1.26723898401795
1.26688569950202
1.26653258827704
1.26617965020811
1.26582688516049
1.26547429299957
1.26512187359087
1.26476962680006
1.26441755249297
1.26406565053554
1.26371392079386
1.26336236313418
1.26301097742287
1.26265976352645
1.26230872131157
1.26195785064502
1.26160715139375
1.26125662342483
1.26090626660546
1.26055608080302
1.26020606588498
1.25985622171897
1.25950654817278
1.25915704511430
1.25880771241158
1.25845854993281
1.25810955754630
1.25776073512053
1.25741208252407
1.25706359962568
1.25671528629421
1.25636714239868
1.25601916780823
1.25567136239215
1.25532372601985
1.25497625856089
1.25462895988495
1.25428182986187
1.25393486836160
1.25358807525425
1.25324145041004
1.25289499369934
1.25254870499266
1.25220258416063
1.25185663107404
1.25151084560377
1.25116522762088
1.25081977699654
1.25047449360205
1.25012937730887
1.24978442798857
1.24943964551286
1.24909502975357
1.24875058058270
1.24840629787234
1.24806218149475
1.24771823132228
1.24737444722746
1.24703082908292
1.24668737676143
1.24634409013589
1.24600096907934
1.24565801346495
1.24531522316601
1.24497259805596
1.24463013800834
1.24428784289686
1.24394571259533
1.24360374697771
1.24326194591808
1.24292030929066
1.24257883696977
1.24223752882990
1.24189638474566
1.24155540459176
1.24121458824307
1.24087393557459
1.24053344646143
1.24019312077884
1.23985295840219
1.23951295920700
1.23917312306889
1.23883344986363
1.23849393946711
1.23815459175534
1.23781540660447
1.23747638389078
1.23713752349066
1.23679882528064
1.23646028913738
1.23612191493766
1.23578370255838
1.23544565187659
1.23510776276944
1.23477003511422
1.23443246878834
1.23409506366934
1.23375781963490
1.23342073656279
1.23308381433094
1.23274705281739
1.23241045190030
1.23207401145797
1.23173773136881
1.23140161151136
1.23106565176429
1.23072985200639
1.23039421211658
1.23005873197388
1.22972341145747
1.22938825044662
1.22905324882075
1.22871840645940
1.22838372324220
1.22804919904895
1.22771483375955
1.22738062725402
1.22704657941250
1.22671269011527
1.22637895924272
1.22604538667536
1.22571197229382
1.22537871597887
1.22504561761139
1.22471267707237
1.22437989424294
1.22404726900434
1.22371480123793
1.22338249082520
1.22305033764776
1.22271834158732
1.22238650252575
1.22205482034500
1.22172329492717
1.22139192615445
1.22106071390919
1.22072965807381
1.22039875853090
1.22006801516313
1.21973742785332
1.21940699648437
1.21907672093935
1.21874660110140
1.21841663685381
1.21808682807998
1.21775717466342
1.21742767648778
1.21709833343679
1.21676914539434
1.21644011224441
1.21611123387110
1.21578251015865
1.21545394099139
1.21512552625378
1.21479726583039
1.21446915960592
1.21414120746518
1.21381340929309
1.21348576497469
1.21315827439513
1.21283093743970
1.21250375399379
1.21217672394289
1.21184984717262
1.21152312356874
1.21119655301708
1.21087013540361
1.21054387061443
1.21021775853571
1.20989179905378
1.20956599205507
1.20924033742610
1.20891483505355
1.20858948482417
1.20826428662485
1.20793924034260
1.20761434586451
1.20728960307782
1.20696501186987
1.20664057212810
1.20631628374008
1.20599214659349
1.20566816057612
1.20534432557587
1.20502064148077
1.20469710817893
1.20437372555860
1.20405049350814
1.20372741191601
1.20340448067078
1.20308169966115
1.20275906877592
1.20243658790400
1.20211425693442
1.20179207575630
1.20147004425890
1.20114816233157
1.20082642986378
1.20050484674511
1.20018341286525
1.19986212811399
1.19954099238126
1.19922000555706
1.19889916753154
1.19857847819492
1.19825793743756
1.19793754514991
1.19761730122255
1.19729720554616
1.19697725801152
1.19665745850952
1.19633780693118
1.19601830316761
1.19569894711002
1.19537973864976
1.19506067767825
1.19474176408706
1.19442299776782
1.19410437861232
1.19378590651241
1.19346758136008
1.19314940304742
1.19283137146661
1.19251348650997
1.19219574806989
1.19187815603891
1.19156071030962
1.19124341077478
1.19092625732721
1.19060924985986
1.19029238826577
1.18997567243811
1.18965910227012
1.18934267765518
1.18902639848677
1.18871026465846
1.18839427606393
1.18807843259698
1.18776273415150
1.18744718062149
1.18713177190106
1.18681650788441
1.18650138846587
1.18618641353984
1.18587158300087
1.18555689674357
1.18524235466268
1.18492795665304
1.18461370260958
1.18429959242735
1.18398562600151
1.18367180322730
1.18335812400008
1.18304458821532
1.18273119576856
1.18241794655549
1.18210484047186
1.18179187741355
1.18147905727654
1.18116637995690
1.18085384535081
1.18054145335455
1.18022920386451
1.17991709677718
1.17960513198914
1.17929330939709
1.17898162889781
1.17867009038820
1.17835869376526
1.17804743892608
1.17773632576786
1.17742535418789
1.17711452408359
1.17680383535245
1.17649328789207
1.17618288160015
1.17587261637451
1.17556249211303
1.17525250871373
1.17494266607470
1.17463296409416
1.17432340267041
1.17401398170184
1.17370470108696
1.17339556072438
1.17308656051280
1.17277770035102
1.17246898013793
1.17216039977254
1.17185195915395
1.17154365818136
1.17123549675405
1.17092747477143
1.17061959213299
1.17031184873831
1.17000424448710
1.16969677927913
1.16938945301430
1.16908226559258
1.16877521691405
1.16846830687890
1.16816153538741
1.16785490233994
1.16754840763697
1.16724205117906
1.16693583286688
1.16662975260119
1.16632381028286
1.16601800581283
1.16571233909216
1.16540681002199
1.16510141850358
1.16479616443826
1.16449104772747
1.16418606827274
1.16388122597571
1.16357652073809
1.16327195246170
1.16296752104847
1.16266322640040
1.16235906841961
1.16205504700828
1.16175116206872
1.16144741350332
1.16114380121457
1.16084032510504
1.16053698507742
1.16023378103446
1.15993071287905
1.15962778051413
1.15932498384276
1.15902232276808
1.15871979719335
1.15841740702188
1.15811515215711
1.15781303250256
1.15751104796184
1.15720919843867
1.15690748383685
1.15660590406027
1.15630445901291
1.15600314859887
1.15570197272231
1.15540093128749
1.15510002419879
1.15479925136064
1.15449861267760
1.15419810805429
1.15389773739545
1.15359750060590
1.15329739759054
1.15299742825439
1.15269759250253
1.15239789024015
1.15209832137253
1.15179888580505
1.15149958344315
1.15120041419240
1.15090137795843
1.15060247464699
1.15030370416388
1.15000506641504
1.14970656130645
1.14940818874423
1.14910994863456
1.14881184088371
1.14851386539806
1.14821602208405
1.14791831084823
1.14762073159725
1.14732328423782
1.14702596867677
1.14672878482100
1.14643173257750
1.14613481185336
1.14583802255575
1.14554136459193
1.14524483786926
1.14494844229518
1.14465217777721
1.14435604422297
1.14406004154017
1.14376416963661
1.14346842842015
1.14317281779879
1.14287733768057
1.14258198797364
1.14228676858625
1.14199167942670
1.14169672040341
1.14140189142488
1.14110719239970
1.14081262323654
1.14051818384416
1.14022387413140
1.13992969400720
1.13963564338058
1.13934172216066
1.13904793025662
1.13875426757775
1.13846073403341