3.69212786891 0.221299127285
3.68985082363 0.222360792683
3.6875763105 0.221692472412
3.68530432561 0.222172829208
3.68303486509 0.223326012601
3.68076792506 0.222090057535
3.67850350164 0.221562912402
3.67624159096 0.221651196039
3.67398218917 0.222457620848
3.67172529243 0.221157405836
3.66947089688 0.221456297073
3.6672189987 0.222947205456
3.66496959405 0.223673405407
3.66272267913 0.222356943286
3.66047825012 0.221868542872
3.65823630321 0.222558060035
3.65599683461 0.223092972455
3.65375984053 0.223396913594
3.6515253172 0.224051463948
3.64929326083 0.223106586895
3.64706366766 0.223105901944
3.64483653393 0.223980656935
3.6426118559 0.223905953062
3.64038962982 0.222673930525
3.63816985194 0.222742906236
3.63595251856 0.223337663936
3.63373762593 0.223272271968
3.63152517035 0.223843587026
3.62931514812 0.222869228293
3.62710755552 0.223121120836
3.62490238888 0.224207495505
3.6226996445 0.223941579873
3.62049931872 0.224344519668
3.61830140784 0.223834474432
3.61610590823 0.224256517195
3.61391281621 0.224505931917
3.61172212815 0.226309080472
3.60953384039 0.22610178729
3.60734794931 0.225723559382
3.60516445128 0.224448029445
3.60298334268 0.226375242786
3.60080461989 0.227029689937
3.59862827931 0.22633608746
3.59645431734 0.226164460871
3.59428273039 0.226588008787
3.59211351488 0.226894655368
3.58994666722 0.228324694433
3.58778218386 0.227125353138
3.58562006121 0.226576934155
3.58346029573 0.225177859651
3.58130288387 0.226573506773
3.57914782209 0.226852253193
3.57699510684 0.227671928598
3.57484473461 0.226129868022
3.57269670186 0.226263065087
3.57055100508 0.226432942978
3.56840764078 0.22668968301
3.56626660543 0.226611349617
3.56412789556 0.22649693521
3.56199150766 0.226752189776
3.55985743827 0.226665900797
3.5577256839 0.227534836049
3.5555962411 0.227567180866
3.55346910639 0.22601415271
3.55134427633 0.226250303239
3.54922174746 0.226146965193
3.54710151635 0.226158927844
3.54498357957 0.227105128886
3.54286793368 0.226055806031
3.54075457527 0.226291112986
3.53864350092 0.226225518172
3.53653470723 0.226432259976
3.53442819079 0.224843448573
3.53232394821 0.22565637171
3.5302219761 0.225971412273
3.52812227108 0.228148456517
3.52602482978 0.227424916453
3.52392964884 0.227958124318
3.52183672487 0.226441421293
3.51974605455 0.226777730727
3.51765763451 0.227131406748
3.51557146141 0.226972490636
3.51348753192 0.225358375852
3.5114058427 0.227410934366
3.50932639045 0.227010953401
3.50724917183 0.226224344358
3.50517418354 0.226242015556
3.50310142228 0.226265619979
3.50103088475 0.225809784573
3.49896256766 0.2264785884
3.49689646772 0.226006708299
3.49483258165 0.225801733879
3.4927709062 0.22555905136
3.49071143808 0.226524499361
3.48865417403 0.22580929471
3.48659911082 0.226015813844
3.48454624518 0.225851840065
3.48249557389 0.227438334732
3.48044709369 0.227293169112
3.47840080138 0.228366824928
3.47635669371 0.227531215876
3.47431476749 0.227080489879
3.47227501949 0.227001248654
3.47023744652 0.227474983505
3.46820204538 0.228557247833
3.46616881287 0.227889103361
3.46413774581 0.227148819453
3.46210884103 0.227479947001
3.46008209534 0.227656285022
3.45805750558 0.228404356927
3.4560350686 0.229313968247
3.45401478123 0.228071635495
3.45199664032 0.227191099829
3.44998064274 0.227644670692
3.44796678535 0.229099281983
3.44595506501 0.22906442021
3.4439454786 0.228485304349
3.441938023 0.22882090978
3.4399326951 0.228891896938
3.43792949179 0.229296783516
3.43592840996 0.229388926877
3.43392944653 0.23020080517
3.4319325984 0.229758112293
3.4299378625 0.229307596281
3.42794523573 0.230415976251
3.42595471503 0.230287252834
3.42396629733 0.230677578229
3.42197997958 0.229362382827
3.41999575871 0.229028040842
3.41801363168 0.228961083908
3.41603359544 0.229814613242
3.41405564696 0.230117205341
3.41207978321 0.231726386116
3.41010600116 0.231375987053
3.40813429778 0.230717194726
3.40616467007 0.230945240944
3.40419711501 0.231034047297
3.4022316296 0.230635570435
3.40026821085 0.231447629162
3.39830685576 0.230918588148
3.39634756134 0.230675335595
3.39439032462 0.230351527567
3.39243514261 0.230739761925
3.39048201236 0.230729396949
3.38853093089 0.231393909655
3.38658189524 0.232246806899
3.38463490247 0.233652134756
3.38268994963 0.2345816878
3.38074703377 0.235451607716
3.37880615196 0.23439876653
3.37686730126 0.233740751991
3.37493047876 0.233476059425
3.37299568152 0.232156324107
3.37106290665 0.23210140377
3.36913215122 0.232887482341
3.36720341233 0.23483753114
3.36527668709 0.236162609698
3.36335197261 0.23718641282
3.36142926599 0.23732789218
3.35950856435 0.236134085085
3.35758986482 0.235120553951
3.35567316452 0.235356297047
3.35375846059 0.234184144204
3.35184575018 0.235471490481
3.34993503041 0.235425972981
3.34802629845 0.236093252493
3.34611955145 0.238191170077
3.34421478657 0.238015870952
3.34231200097 0.236839064377
3.34041119183 0.23576815876
3.33851235633 0.235463565607
3.33661549163 0.236644405702
3.33472059494 0.236955990341
3.33282766344 0.236303285167
3.33093669433 0.237162932103
3.32904768482 0.237869735065
3.3271606321 0.238412028748
3.3252755334 0.238616226271
3.32339238593 0.239160665163
3.32151118692 0.23695304581
3.31963193358 0.238073153051
3.31775462317 0.23788278692
3.3158792529 0.237960739735
3.31400582004 0.238475381151
3.31213432182 0.238627085865
3.3102647555 0.237768971871
3.30839711834 0.238266870064
3.30653140761 0.239436033809
3.30466762056 0.236889640641
3.30280575448 0.234948363756
3.30094580665 0.233859153823
3.29908777434 0.233968695609
3.29723165485 0.235716701155
3.29537744547 0.236109930347
3.2935251435 0.238041706969
3.29167474625 0.239236105464
3.28982625101 0.238154423354
3.28797965512 0.236367069103
3.28613495588 0.234229088686
3.28429215061 0.233870622014
3.28245123665 0.234867707302
3.28061221134 0.236303301891
3.278775072 0.238110345371
3.27693981598 0.236464961661
3.27510644063 0.237162390408
3.27327494331 0.236190243573
3.27144532136 0.234622207189
3.26961757215 0.232736948761
3.26779169306 0.233225260692
3.26596768144 0.23175241839
3.26414553469 0.232480301319
3.26232525017 0.233586376357
3.26050682528 0.23314338959
3.25869025741 0.232515788377
3.25687554395 0.233493737073
3.2550626823 0.232909292472
3.25325166988 0.233062244713
3.25144250408 0.2313032236
3.24963518233 0.230983420629
3.24782970204 0.233045159894
3.24602606064 0.234376382585
3.24422425556 0.234491381996
3.24242428423 0.232686207872
3.24062614409 0.231429202496
3.23882983257 0.230680882766
3.23703534714 0.228631754417
3.23524268524 0.228811395902
3.23345184433 0.230121322064
3.23166282187 0.229213513395
3.22987561532 0.229426833793
3.22809022216 0.230244151212
3.22630663986 0.231059289806
3.2245248659 0.230947246143
3.22274489776 0.22778103929
3.22096673294 0.22769979069
3.21919036892 0.225310345957
3.21741580321 0.225166291819
3.21564303331 0.225886142373
3.21387205672 0.227182427928
3.21210287096 0.228677890351
3.21033547354 0.227518101256
3.20856986198 0.22701844279
3.2068060338 0.22563561657
3.20504398654 0.225004696674
3.20328371773 0.225034338996
3.20152522491 0.225127283493
3.19976850562 0.224000115996
3.1980135574 0.224219064614
3.19626037781 0.223030415195
3.19450896441 0.221135886239
3.19275931475 0.21854641882
3.1910114264 0.217321318906
3.18926529692 0.218058627898
3.18752092389 0.218346572245
3.1857783049 0.219641198269
3.18403743751 0.219106917949
3.18229831932 0.217834055076
3.18056094791 0.218145407342
3.17882532089 0.215918637424
3.17709143585 0.215760049361
3.17535929039 0.214983305925
3.17362888212 0.216111436854
3.17190020866 0.216888037363
3.17017326762 0.21762791431
3.16844805661 0.217689363513
3.16672457328 0.216969743168
3.16500281523 0.216439146653
3.16328278012 0.214741967942
3.16156446557 0.214162226786
3.15984786923 0.213879732137
3.15813298873 0.21252476604
3.15641982174 0.211267336004
3.15470836591 0.211760386624
3.15299861889 0.211902263127
3.15129057836 0.212043774943
3.14958424196 0.211455538635
3.14787960738 0.208450435157
3.14617667229 0.208410279608
3.14447543437 0.208477357682
3.1427758913 0.210545172494
3.14107804077 0.210070606378
3.13938188047 0.210146894889
3.1376874081 0.210092585876
3.13599462135 0.20976594701
3.13430351793 0.206026144669
3.13261409555 0.206018809362
3.13092635192 0.207130545212
3.12924028476 0.206863530665
3.12755589178 0.208133827613
3.1258731707 0.205335850477
3.12419211927 0.203888471054
3.1225127352 0.202759189125
3.12083501624 0.205905253309
3.11915896012 0.204752174295
3.11748456459 0.201822757003
3.11581182739 0.201751046646
3.11414074628 0.202851941916
3.11247131902 0.202684660356
3.11080354336 0.202421523855
3.10913741706 0.201346249771
3.1074729379 0.200226840057
3.10581010364 0.199533730995
3.10414891207 0.200110404217
3.10248936096 0.197939581982
3.10083144808 0.198047390087
3.09917517125 0.197990260693
3.09752052823 0.196105982701
3.09586751683 0.196189466835
3.09421613484 0.197467015259
3.09256638007 0.193531874434
3.09091825033 0.191267183787
3.08927174342 0.193270436875
3.08762685716 0.194363278292
3.08598358937 0.195608042478
3.08434193786 0.195080929738
3.08270190047 0.19407709667
3.08106347502 0.19395250035
3.07942665935 0.195134267401
3.07779145129 0.193841809393
3.07615784868 0.193151827005
3.07452584938 0.193033009769
3.07289545122 0.192433252195
3.07126665206 0.194588051156
3.06963944975 0.193864553434
3.06801384216 0.191277388512
3.06638982714 0.193628670468
3.06476740257 0.191725164173
3.06314656631 0.192156110019
3.06152731624 0.192284822047
3.05990965024 0.19232708807
3.05829356618 0.194229744413
3.05667906196 0.194469847047
3.05506613546 0.192949041187
3.05345478457 0.193220611746
3.0518450072 0.193323326427
3.05023680124 0.192525039162
3.0486301646 0.191739355377
3.04702509517 0.190602154361
3.04542159088 0.189917668041
3.04381964964 0.189444938629
3.04221926937 0.189261802782
3.04062044798 0.189340220671
3.0390231834 0.187707308352
3.03742747357 0.188326255602
3.03583331641 0.188067330882
3.03424070986 0.191166035565
3.03264965186 0.189796709742
3.03106014035 0.190324088508
3.02947217328 0.18754664778
3.02788574861 0.188288628463
3.02630086427 0.187945094635
3.02471751824 0.185358059723
3.02313570847 0.185819360683
3.02155543292 0.185042028985
3.01997668957 0.186679525796
3.01839947638 0.187737483481
3.01682379134 0.186872131751
3.01524963241 0.187642318658
3.01367699758 0.187012429317
3.01210588484 0.187495183006
3.01053629217 0.185437651563
3.00896821757 0.187471660243
3.00740165902 0.187193840515
3.00583661454 0.185438565669
3.00427308212 0.184646888572
3.00271105978 0.185227466733
3.0011505455 0.184381154325
2.99959153732 0.182602624376
2.99803403325 0.18408293682
2.9964780313 0.184728783829
2.9949235295 0.186017949737
2.99337052588 0.18554855348
2.99181901846 0.185845882157
2.99026900528 0.184927064346
2.98872048438 0.18591224718
2.98717345379 0.186039432602
2.98562791155 0.183234837584
2.98408385572 0.182993460799
2.98254128434 0.181754877011
2.98100019547 0.182253495148
2.97946058716 0.182622517331
2.97792245747 0.183927616441
2.97638580447 0.185740147352
2.97485062622 0.185587479124
2.97331692079 0.183543032957
2.97178468626 0.184147858666
2.97025392069 0.181267450725
2.96872462217 0.182665125059
2.96719678879 0.183010937125
2.96567041862 0.183888772399
2.96414550976 0.182871487164
2.96262206029 0.181883413368
2.96110006832 0.182350331117
2.95957953195 0.183492630247
2.95806044927 0.182000571103
2.95654281839 0.181827484005
2.95502663742 0.183439954317
2.95351190447 0.184176393165
2.95199861766 0.184197831629
2.9504867751 0.182679770586
2.94897637492 0.183491270853
2.94746741523 0.182815627682
2.94595989417 0.181523141897
2.94445380987 0.17952572655
2.94294916047 0.183241248358
2.94144594408 0.183225904514
2.93994415887 0.184196390185
2.93844380297 0.183996566109
2.93694487453 0.183528579502
2.9354473717 0.185994048556
2.93395129263 0.185722682063
2.93245663547 0.188034544004
2.93096339839 0.187571506574
2.92947157954 0.188371641567
2.9279811771 0.187374137883
2.92649218923 0.189489497749
2.9250046141 0.18836914488
2.92351844989 0.188244609805
2.92203369477 0.187958880101
2.92055034692 0.18815553821
2.91906840453 0.186707244067
2.91758786578 0.184954181564
2.91610872887 0.187827871677
2.91463099199 0.190519775613
2.91315465332 0.191570183434
2.91167971107 0.19034086024
2.91020616345 0.188724135256
2.90873400865 0.189070041273
2.90726324489 0.185072613563
2.90579387037 0.186417739606
2.90432588331 0.188745787336
2.90285928192 0.189208072659
2.90139406443 0.190752294776
2.89993022906 0.189084939743
2.89846777403 0.188230064798
2.89700669757 0.188591207732
2.89554699791 0.186030586972
2.89408867329 0.187472521683
2.89263172194 0.188163176017
2.89117614211 0.188767286349
2.88972193203 0.186517578538
2.88826908996 0.184560740782
2.88681761414 0.185126627246
2.88536750283 0.185881549916
2.88391875428 0.187511505439
2.88247136674 0.186933209349
2.88102533848 0.186257080769
2.87958066777 0.188860044648
2.87813735286 0.190295095951
2.87669539203 0.187800492896
2.87525478354 0.185138782055
2.87381552569 0.184102694761
2.87237761673 0.186413938598
2.87094105496 0.185879771864
2.86950583865 0.183752052548
2.8680719661 0.184246660183
2.86663943559 0.185136797615
2.86520824541 0.185843643687
2.86377839387 0.185414509386
2.86234987925 0.184038970437
2.86092269986 0.186262799568
2.85949685399 0.185996606388
2.85807233997 0.185986838005
2.85664915609 0.186129372609
2.85522730067 0.18496895735
2.85380677202 0.185087092845
2.85238756846 0.183582276182
2.85096968831 0.182755190322
2.8495531299 0.182208603121
2.84813789154 0.181916226437
2.84672397156 0.184725918216
2.84531136831 0.18512426953
2.8439000801 0.184978811837
2.84249010529 0.18681577874
2.8410814422 0.185480325591
2.83967408918 0.185291382214
2.83826804457 0.182896738739
2.83686330672 0.183330869571
2.83545987399 0.181665494854
2.83405774472 0.181763420277
2.83265691727 0.184036109191
2.83125739 0.185489895779
2.82985916126 0.184301772266
2.82846222944 0.183566939136
2.82706659287 0.182230758456
2.82567224995 0.183628846624
2.82427919904 0.182950121856
2.82288743851 0.182697765857
2.82149696675 0.181864426827
2.82010778212 0.182948935511
2.81871988302 0.182953630816
2.81733326782 0.179831200659
2.81594793492 0.178928327193
2.81456388271 0.179696430016
2.81318110958 0.179565677927
2.81179961392 0.18066729072
2.81041939413 0.182652353698
2.80904044861 0.183559132586
2.80766277578 0.183722835397
2.80628637402 0.183462028467
2.80491124175 0.182951502379
2.80353737739 0.183078493327
2.80216477934 0.182454924478
2.80079344602 0.182250875471
2.79942337586 0.182302136376
2.79805456726 0.182735938331
2.79668701866 0.185385067516
2.79532072848 0.185889695964
2.79395569516 0.184918064349
2.79259191711 0.185244827152
2.79122939278 0.185626442565
2.78986812061 0.185684177671
2.78850809903 0.186584699191
2.78714932648 0.186946965086
2.78579180142 0.187610954485
2.78443552227 0.187645906698
2.78308048751 0.188024138578
2.78172669557 0.188063248341
2.78037414491 0.18883485945
2.77902283398 0.18942229676
2.77767276126 0.190700557143
2.77632392519 0.190922541737
2.77497632425 0.192116808583
2.77362995689 0.194572179766
2.7722848216 0.195496593153
2.77094091683 0.196004492767
2.76959824107 0.195152719001
2.76825679279 0.194695323057
2.76691657048 0.194397967486
2.7655775726 0.195625330429
2.76423979765 0.197472066753
2.76290324411 0.198845929669
2.76156791047 0.199893627092
2.76023379523 0.201519760551
2.75890089687 0.202150998961
2.75756921389 0.203311625879
2.7562387448 0.204113899342
2.75490948808 0.204681141907
2.75358144225 0.206014443081
2.75225460581 0.206837742128
2.75092897727 0.207826710759
2.74960455514 0.209268389247
2.74828133793 0.209712328527
2.74695932415 0.210916031517
2.74563851234 0.211441154162
2.74431890099 0.212823287914
2.74300048865 0.213520463992
2.74168327383 0.214517423155
2.74036725505 0.215290005435
2.73905243086 0.215925436969
2.73773879977 0.216725971993
2.73642636033 0.218385233641
2.73511511108 0.219058309236
2.73380505054 0.220782771509
2.73249617726 0.220926227241
2.73118848979 0.222034323676
2.72988198667 0.221549479144
2.72857666645 0.222109387901
2.72727252767 0.223109804405
2.7259695689 0.2230515839
2.72466778869 0.224857644963
2.72336718559 0.226338700577
2.72206775816 0.226752688341
2.72076950498 0.227435375811
2.71947242459 0.22866772114
2.71817651557 0.228848413611
2.71688177648 0.230287969492
2.7155882059 0.230739136767
2.7142958024 0.23191327944
2.71300456456 0.233126647532
2.71171449095 0.234699396359
2.71042558015 0.234856562234
2.70913783075 0.234786918653
2.70785124133 0.235380511887
2.70656581048 0.237016797356
2.70528153679 0.237857621842
2.70399841884 0.238486619756
2.70271645524 0.238912577944
2.70143564457 0.238088169567
2.70015598544 0.238045124326
2.69887747644 0.238793463996
2.69760011618 0.241289622056
2.69632390327 0.241556832865
2.6950488363 0.242306722782
2.69377491389 0.242050908951
2.69250213465 0.242946552068
2.6912304972 0.245004871014
2.68996000014 0.246570417207
2.6886906421 0.24698949653
2.6874224217 0.246818683282
2.68615533756 0.247924533496
2.6848893883 0.248172625368
2.68362457255 0.249079143665
2.68236088893 0.248476186033
2.68109833609 0.248403674227
2.67983691265 0.248976728593
2.67857661725 0.249936413689
2.67731744852 0.250925496716
2.6760594051 0.251726955308
2.67480248564 0.252074000081
2.67354668878 0.251894326657
2.67229201316 0.251884967748
2.67103845744 0.252053921098
2.66978602026 0.252249634915
2.66853470027 0.252319064142
2.66728449613 0.251326225639
2.6660354065 0.252131409251
2.66478743003 0.252780123319
2.66354056539 0.25444384502
2.66229481123 0.255955701339
2.66105016623 0.254824028681
2.65980662904 0.256023206581
2.65856419835 0.256568292391
2.65732287281 0.257167326414
2.6560826511 0.257034790943
2.6548435319 0.256911780907
2.65360551389 0.256440365222
2.65236859573 0.256853207242
2.65113277613 0.257680298348
2.64989805375 0.25811492362
2.64866442728 0.258255561579
2.64743189542 0.257624643642
2.64620045684 0.258660020601
2.64497011025 0.260328011863
2.64374085434 0.261257107576
2.64251268779 0.261018188755
2.64128560932 0.260788449835
2.64005961761 0.260361338662
2.63883471138 0.261172543404
2.63761088932 0.260739196051
2.63638815014 0.261026399863
2.63516649255 0.26040730075
2.63394591525 0.259867624753
2.63272641697 0.260046957137
2.63150799641 0.259815562234
2.63029065229 0.260122537737
2.62907438332 0.260615300961
2.62785918823 0.260792254039
2.62664506574 0.261019306855
2.62543201458 0.260374408509
2.62422003345 0.260976269057
2.62300912111 0.261434677124
2.62179927627 0.262286481469
2.62059049767 0.262296430033
2.61938278403 0.26223749555
2.61817613411 0.262051631891
2.61697054662 0.262710670228
2.61576602032 0.263549849058
2.61456255394 0.264016212959
2.61336014623 0.262866469637
2.61215879593 0.261982472844
2.61095850179 0.262258225499
2.60975926256 0.262855154731
2.60856107699 0.262783007394
2.60736394383 0.263203221522
2.60616786184 0.26344037824
2.60497282977 0.264131950861
2.60377884639 0.264045137843
2.60258591045 0.263360654433
2.60139402072 0.26405472956
2.60020317595 0.262464049772
2.59901337492 0.263129598873
2.5978246164 0.263030347688
2.59663689915 0.263767769101
2.59545022195 0.262360180215
2.59426458358 0.262276929429
2.59307998279 0.262910200817
2.59189641838 0.263321973979
2.59071388913 0.263043743558
2.58953239381 0.263198716781
2.58835193121 0.263681175458
2.58717250011 0.264553938663
2.58599409931 0.264714886341
2.58481672758 0.264321850085
2.58364038372 0.26436748824
2.58246506652 0.264081944813
2.58129077478 0.264655393575
2.5801175073 0.265132233259
2.57894526286 0.265331238359
2.57777404028 0.26614412928
2.57660383835 0.265807661547
2.57543465587 0.265562444351
2.57426649166 0.265459138725
2.57309934451 0.265289933425
2.57193321325 0.266643634187
2.57076809667 0.265684586316
2.56960399359 0.26642672095
2.56844090283 0.265621771831
2.5672788232 0.265820473177
2.56611775352 0.264306694536
2.56495769261 0.265357588537
2.56379863929 0.265141028169
2.56264059238 0.266080440141
2.56148355072 0.266123187071
2.56032751312 0.266128967133
2.55917247842 0.265519993224
2.55801844544 0.266009819249
2.55686541302 0.265291946124
2.55571338 0.266032362572
2.5545623452 0.265817035092
2.55341230747 0.266326057705
2.55226326565 0.266392531335
2.55111521857 0.265725039565
2.54996816508 0.265483692645
2.54882210403 0.265405197736
2.54767703426 0.266025662655
2.54653295461 0.266849286116
2.54538986395 0.267063061069
2.54424776111 0.26668182105
2.54310664496 0.266897387307
2.54196651435 0.266792936003
2.54082736813 0.265346256356
2.53968920517 0.265617941253
2.53855202433 0.266081727364
2.53741582446 0.266062462418
2.53628060443 0.266701960016
2.5351463631 0.266355785125
2.53401309935 0.266294953746
2.53288081204 0.266094569143
2.53174950004 0.265556311578
2.53061916223 0.26590715357
2.52948979747 0.265816594465
2.52836140465 0.266534586128
2.52723398264 0.267390315008
2.52610753033 0.267458258447
2.52498204658 0.267030867636
2.52385753029 0.267322141115
2.52273398033 0.266777678378
2.5216113956 0.267432963667
2.52048977498 0.267688824891
2.51936911735 0.267843707736
2.51824942162 0.267654730998
2.51713068667 0.268239920013
2.5160129114 0.267473135785
2.51489609471 0.266430381059
2.51378023548 0.266749071349
2.51266533262 0.266804045927
2.51155138503 0.266342031412
2.51043839162 0.266934485765
2.50932635128 0.267473623938
2.50821526292 0.268125413038
2.50710512545 0.267561632658
2.50599593778 0.267373626405
2.50488769882 0.267306782364
2.50378040748 0.267487897459
2.50267406267 0.266374341978
2.50156866332 0.267102518128
2.50046420833 0.267079180419
2.49936069662 0.26733974487
2.49825812713 0.267093190036
2.49715649876 0.267007433188
2.49605581044 0.267065705809
2.49495606109 0.266803121694
2.49385724965 0.266700058987
2.49275937505 0.266070789079
2.4916624362 0.265853439007
2.49056643204 0.266145675472
2.48947136151 0.267023957607
2.48837722354 0.267704013641
2.48728401707 0.267054965477
2.48619174103 0.267005791899
2.48510039436 0.267290890177
2.48400997601 0.267563985669
2.48292048491 0.267121435878
2.48183192002 0.267165118517
2.48074428027 0.268132098851
2.47965756462 0.267326588067
2.478571772 0.267519791545
2.47748690139 0.267580191821
2.47640295171 0.267890533857
2.47531992194 0.269060753112
2.47423781101 0.268988826446
2.4731566179 0.269222771935
2.47207634155 0.269072162904
2.47099698094 0.269092770902
2.46991853501 0.269206488914
2.46884100273 0.269430172984
2.46776438306 0.26997957688
2.46668867498 0.270508352603
2.46561387745 0.269688099273
2.46453998943 0.270387240986
2.4634670099 0.270235458895
2.46239493783 0.270169135353
2.4613237722 0.27035501696
2.46025351197 0.271370895617
2.45918415612 0.270986101376
2.45811570364 0.271089289081
2.4570481535 0.270917131718
2.45598150468 0.270820766492
2.45491575616 0.27039996185
2.45385090693 0.270709172424
2.45278695598 0.270773784785
2.45172390229 0.27091252932
2.45066174484 0.270709029627
2.44960048264 0.271083092355
2.44854011467 0.271088221386
2.44748063991 0.270937742669
2.44642205738 0.271851993484
2.44536436606 0.271408088705
2.44430756495 0.271025642901
2.44325165305 0.270819286104
2.44219662935 0.271030081176
2.44114249287 0.271026860137
2.44008924261 0.271351987386
2.43903687756 0.27202718335
2.43798539673 0.27228615453
2.43693479914 0.272050198323
2.43588508379 0.271991585997
2.43483624969 0.2720705339
2.43378829585 0.272811184342
2.43274122129 0.272326441358
2.43169502502 0.272340485052
2.43064970606 0.272713917678
2.42960526343 0.272803468931
2.42856169613 0.273114204324
2.42751900321 0.272794410911
2.42647718366 0.272642947678
2.42543623653 0.273253145944
2.42439616083 0.273469282215
2.4233569556 0.273272707301
2.42231861985 0.273911785741
2.42128115262 0.274353355812
2.42024455293 0.274740206573
2.41920881983 0.274584454164
2.41817395233 0.275231765967
2.41713994949 0.274766727389
2.41610681033 0.274656281156
2.41507453388 0.274660994888
2.4140431192 0.275251405459
2.41301256532 0.275242453601
2.41198287128 0.27546646149
2.41095403612 0.27538599374
2.40992605889 0.275841846458
2.40889893864 0.27646090076
2.40787267441 0.276573990279
2.40684726525 0.276869968821
2.40582271021 0.277355572677
2.40479900834 0.277659198613
2.40377615869 0.277990998407
2.40275416032 0.278676733204
2.40173301229 0.278917047725
2.40071271365 0.279698763154
2.39969326345 0.279978387681
2.39867466077 0.279778466759
2.39765690465 0.279669871203
2.39663999416 0.280009892531
2.39562392837 0.280150512284
2.39460870634 0.281195867265
2.39359432713 0.281477441255
2.39258078982 0.281405640596
2.39156809347 0.281780078707
2.39055623716 0.282615112639
2.38954521995 0.28267124471
2.38853504091 0.283110184117
2.38752569913 0.283064541268
2.38651719368 0.283277219581
2.38550952363 0.283618553575
2.38450268806 0.28358250179
2.38349668606 0.283865935846
2.3824915167 0.28417843029
2.38148717907 0.284224231319
2.38048367224 0.284267979845
2.37948099531 0.284912102692
2.37847914737 0.28496207943
2.37747812749 0.285680236811
2.37647793476 0.285694876075
2.37547856829 0.286259428956
2.37448002715 0.286153286917
2.37348231045 0.286249501392
2.37248541727 0.286241243647
2.37148934671 0.286470567142
2.37049409787 0.286554960614
2.36949966985 0.286636767668
2.36850606174 0.286737361015
2.36751327265 0.287133035245
2.36652130168 0.286986349539
2.36553014792 0.287590781987
2.3645398105 0.288179145501
2.3635502885 0.288075266435
2.36256158104 0.288383550157
2.36157368723 0.288581951243
2.36058660617 0.288009551913
2.35960033698 0.287949690261
2.35861487877 0.287468936789
2.35763023065 0.287474864921
2.35664639173 0.287862445697
2.35566336114 0.28787541202
2.35468113799 0.288775100015
2.3536997214 0.2893782636
2.35271911048 0.289065854004
2.35173930437 0.289438398462
2.35076030217 0.289704461017
2.34978210302 0.289294730938
2.34880470603 0.288526093473
2.34782811035 0.28831692623
2.34685231508 0.288627728059
2.34587731936 0.289218640443
2.34490312232 0.289383331223
2.3439297231 0.289241995299
2.34295712081 0.288997632994
2.34198531461 0.28919450745
2.34101430361 0.289673212677
2.34004408696 0.289503034258
2.33907466379 0.289628160797
2.33810603325 0.289219458076
2.33713819446 0.289546842403
2.33617114658 0.289103099023
2.33520488874 0.289253961938
2.33423942009 0.290243316427
2.33327473977 0.290151705732
2.33231084692 0.290287307312
2.3313477407 0.290370909541
2.33038542025 0.290785501056
2.32942388472 0.290866766079
2.32846313327 0.290993138054
2.32750316503 0.290298927748
2.32654397917 0.290438709089
2.32558557484 0.290427718868
2.32462795119 0.291165049265
2.32367110738 0.291171909543
2.32271504257 0.291601128118
2.32175975592 0.291932905177
2.32080524659 0.291797037053
2.31985151373 0.291712456588
2.31889855651 0.29146520056
2.3179463741 0.291467182667
2.31699496566 0.291540779601
2.31604433034 0.291462965242
2.31509446733 0.292029986601
2.31414537579 0.291815924467
2.31319705489 0.291570074042
2.3122495038 0.291792979036
2.31130272169 0.291640180119
2.31035670773 0.291998890016
2.30941146109 0.291968225113
2.30846698097 0.292200593014
2.30752326652 0.292200111772
2.30658031692 0.292348950793
2.30563813136 0.292993244677
2.30469670902 0.293348522916
2.30375604907 0.293075592501
2.3028161507 0.29352833076
2.30187701309 0.293392519899
2.30093863543 0.292878195171
2.30000101689 0.292431063448
2.29906415668 0.292486328656
2.29812805397 0.292523352955
2.29719270795 0.292975681579
2.29625811782 0.29364764849
2.29532428276 0.293388644599
2.29439120197 0.293791209267
2.29345887465 0.292933359696
2.29252729997 0.29307838231
2.29159647715 0.293388997707
2.29066640538 0.293748735647
2.28973708386 0.293431889196
2.28880851178 0.293270255061
2.28788068834 0.293490697264
2.28695361275 0.294315482089
2.28602728421 0.294278859127
2.28510170193 0.294225190612
2.2841768651 0.293958347502
2.28325277293 0.294030663404
2.28232942464 0.294156165313
2.28140681942 0.294120449473
2.28048495649 0.293774925308
2.27956383505 0.294306663748
2.27864345433 0.294128478967
2.27772381352 0.293964074224
2.27680491185 0.293733803182
2.27588674853 0.293128163766
2.27496932277 0.292901113437
2.2740526338 0.293221652182
2.27313668082 0.293512752439
2.27222146306 0.294107053805
2.27130697974 0.294549617682
2.27039323007 0.294579928227
2.26948021329 0.294804150295
2.26856792861 0.29402740431
2.26765637526 0.294281936116
2.26674555246 0.294175185045
2.26583545945 0.294780979766
2.26492609544 0.294777750471
2.26401745967 0.294802153536
2.26310955136 0.294647656087
2.26220236975 0.294618482562
2.26129591407 0.294689557128
2.26039018355 0.295209994857
2.25948517742 0.294882103831
2.25858089493 0.29450818492
2.2576773353 0.29447900271
2.25677449778 0.295044377646
2.25587238159 0.295089592846
2.25497098599 0.295291826515
2.25407031021 0.295948290092
2.25317035348 0.295626545182
2.25227111507 0.295627711611
2.2513725942 0.29550536947
2.25047479012 0.295787742873
2.24957770208 0.295858907862
2.24868132933 0.295380261367
2.2477856711 0.295013123614
2.24689072666 0.295570519544
2.24599649525 0.295281181358
2.24510297611 0.294976529644
2.24421016851 0.294635440337
2.24331807169 0.295203094481
2.24242668491 0.296157501685
2.24153600743 0.296263119164
2.24064603849 0.295913322526
2.23975677736 0.296166377234
2.23886822329 0.296301427046
2.23798037555 0.296364305074
2.23709323338 0.296077739236
2.23620679606 0.295932498952
2.23532106285 0.295352510827
2.234436033 0.295192288926
2.23355170578 0.295310790137
2.23266808046 0.295598978622
2.23178515631 0.295848790379
2.23090293258 0.29638751064
2.23002140855 0.296138583977
2.22914058348 0.295623555841
2.22826045665 0.296065105955
2.22738102733 0.296012677549
2.22650229479 0.29611907235
2.2256242583 0.295126876218
2.22474691713 0.294972979695
2.22387027057 0.295066875454
2.22299431788 0.295610149958
2.22211905834 0.29533589669
2.22124449124 0.295672836319
2.22037061584 0.295200183551
2.21949743144 0.29572660945
2.2186249373 0.295619011213
2.21775313272 0.295597811229
2.21688201697 0.294973707541
2.21601158935 0.295492671291
2.21514184912 0.295694237965
2.21427279559 0.295265881436
2.21340442803 0.295530081461
2.21253674573 0.295797245797
2.21166974799 0.295897612159
2.21080343408 0.296703762523
2.20993780331 0.296527263202
2.20907285497 0.296120011519
2.20820858834 0.296156552993
2.20734500272 0.296328985941
2.2064820974 0.296389402639
2.20561987168 0.296057447119
2.20475832486 0.296803962316
2.20389745623 0.296784620853
2.20303726509 0.297029056666
2.20217775074 0.297274814065
2.20131891248 0.298220537882
2.20046074962 0.29820189023
2.19960326144 0.297544913854
2.19874644727 0.298001485571
2.19789030639 0.298111952112
2.19703483812 0.297833481664
2.19618004176 0.29789306929
2.19532591661 0.297201442798
2.19447246199 0.297960189649
2.19361967721 0.298356170941
2.19276756157 0.298573832643
2.19191611438 0.298882973702
2.19106533495 0.29932873415
2.19021522261 0.299879624892
2.18936577665 0.299297650626
2.1885169964 0.299071870731
2.18766888117 0.299287021586
2.18682143027 0.299125893159
2.18597464303 0.299548785487
2.18512851875 0.299657767156
2.18428305677 0.299543413677
2.18343825639 0.300071578875
2.18259411695 0.300200354165
2.18175063775 0.300453537506
2.18090781813 0.300309541641
2.18006565741 0.300814007237
2.1792241549 0.300253930023
2.17838330995 0.30023592367
2.17754312186 0.299961173851
2.17670358998 0.300528493232
2.17586471362 0.300275045005
2.17502649212 0.300403364457
2.1741889248 0.300946501632
2.173352011 0.300780056186
2.17251575005 0.300706835467
2.17168014127 0.300782572914
2.17084518401 0.300283914966
2.1700108776 0.3007055311
2.16917722137 0.301076302058
2.16834421466 0.30144196275
2.1675118568 0.302337244291
2.16668014714 0.302305643908
2.16584908501 0.302345043483
2.16501866975 0.301908411296
2.1641889007 0.301403881131
2.16335977721 0.301447239049
2.1625312986 0.301745095593
2.16170346424 0.301978815833
2.16087627346 0.302620841071
2.16004972561 0.302602484355
2.15922382002 0.302340871347
2.15839855606 0.302238633793
2.15757393306 0.302113449143
2.15674995038 0.302837500111
2.15592660736 0.302519680914
2.15510390335 0.303258750804
2.15428183771 0.303443384991
2.15346040979 0.303006455226
2.15263961893 0.303035340781
2.15181946449 0.303167839389
2.15099994584 0.303493830198
2.15018106231 0.304323527486
2.14936281327 0.305350571794
2.14854519808 0.304424521157
2.14772821609 0.304048724747
2.14691186666 0.303496737236
2.14609614915 0.304381978705
2.14528106292 0.30472478638
2.14446660733 0.305299810493
2.14365278175 0.304421387486
2.14283958553 0.303387252898
2.14202701805 0.304475752034
2.14121507866 0.305133861461
2.14040376673 0.30553388
2.13959308162 0.305168187832
2.13878302271 0.305816078734
2.13797358937 0.306587687612
2.13716478095 0.305557742145
2.13635659683 0.30555812797
2.13554903639 0.30652086684
2.13474209898 0.308207913105
2.13393578399 0.30764074997
2.13313009078 0.307013386579
2.13232501874 0.307538346626
2.13152056723 0.309211735522
2.13071673563 0.310363695066
2.12991352332 0.30884693881
2.12911092967 0.30793842037
2.12830895407 0.309593858686
2.12750759588 0.309739237587
2.12670685449 0.30907607154
2.12590672929 0.303854945596
2.12510721964 0.300700635188
2.12430832494 0.303611740402
2.12351004456 0.306381762684
2.1227123779 0.306225734881
2.12191532432 0.307334825968
2.12111888323 0.307293283596
2.120323054 0.306174529924
2.11952783603 0.305752173737
2.11873322869 0.304598169401
2.11793923138 0.304170087346
2.11714584349 0.303019794346
2.11635306441 0.300778885691
2.11556089353 0.300188760793
2.11476933023 0.302681648481
2.11397837392 0.308827061006
2.11318802398 0.311427697716
2.11239827982 0.310305238758
2.11160914082 0.305048610942
2.11082060638 0.303131230784
2.11003267589 0.302983892393
2.10924534876 0.304911451509
2.10845862438 0.303846695735
2.10767250216 0.304054243121
2.10688698148 0.305668861901
2.10610206175 0.308441193012
2.10531774238 0.308191339814
2.10453402276 0.306577983603
2.1037509023 0.303806146967
2.10296838039 0.302998514402
2.10218645646 0.300796043129
2.10140512989 0.302195818922
2.1006244001 0.301053860436
2.09984426648 0.303846419128
2.09906472846 0.304749513511
2.09828578544 0.305371346988
2.09750743682 0.305019174581
2.09672968202 0.305519212744
2.09595252045 0.306670614181
2.09517595151 0.307213635802
2.09439997463 0.308039488311
2.09362458921 0.309300634565
2.09284979466 0.30975103281
2.09207559041 0.309295197628
2.09130197586 0.307758986145
2.09052895043 0.305747628771
2.08975651355 0.304471389958
2.08898466462 0.305739471589
2.08821340306 0.306377449157
2.08744272829 0.306540556271
2.08667263974 0.306554912982
2.08590313682 0.306173974749
2.08513421896 0.305605974817
2.08436588557 0.306063470568
2.08359813608 0.306320697186
2.08283096992 0.306251829623
2.0820643865 0.30671866516
2.08129838525 0.306727791905
2.0805329656 0.307261072723
2.07976812697 0.306282328511
2.07900386879 0.306882805215
2.07824019049 0.307070711022
2.0774770915 0.308186539698
2.07671457124 0.309197763114
2.07595262916 0.310251188445
2.07519126466 0.310736932371
2.0744304772 0.311287047894
2.0736702662 0.308774389178
2.0729106311 0.307427802183
2.07215157132 0.307133988625
2.0713930863 0.308173109688
2.07063517549 0.309951646584
2.06987783831 0.310775493964
2.06912107419 0.310505641883
2.06836488259 0.309895052593
2.06760926294 0.30904200927
2.06685421466 0.309644308604
2.06609973722 0.309417270336
2.06534583004 0.308893063357
2.06459249256 0.308126657757
2.06383972424 0.307874234645
2.0630875245 0.307521915281
2.0623358928 0.308829883439
2.06158482858 0.309086051501
2.06083433128 0.308861719008
2.06008440035 0.309503381529
2.05933503523 0.309341915118
2.05858623537 0.309019301059
2.05783800023 0.308380510295
2.05709032924 0.310112491856
2.05634322185 0.311696203406
2.05559667752 0.311044549513
2.0548506957 0.310165894222
2.05410527583 0.309231579611
2.05336041737 0.309363357745
2.05261611977 0.310033926948
2.05187238249 0.310194358882
2.05112920498 0.310247146764
2.05038658668 0.309017446575
2.04964452707 0.307999117923
2.04890302559 0.308024612474
2.0481620817 0.308874362921
2.04742169486 0.309505628092
2.04668186453 0.309951267999
2.04594259016 0.309717406964
2.04520387121 0.3110670606
2.04446570715 0.310700416169
2.04372809744 0.310255487222
2.04299104153 0.309313228798
2.0422545389 0.309487869045
2.04151858899 0.309521333653
2.04078319128 0.309934484419
2.04004834523 0.309597811246
2.03931405031 0.309678745279
2.03858030597 0.310493388357
2.0378471117 0.310741548143
2.03711446695 0.31039455049
2.03638237119 0.310420813149
2.03565082389 0.3110221367
2.03491982452 0.311545454703
2.03418937255 0.311385356455
2.03345946745 0.311083628017
2.03273010869 0.310840607108
2.03200129574 0.310921900816
2.03127302808 0.31149674851
2.03054530518 0.311650198106
2.0298181265 0.31140219498
2.02909149154 0.311277216341
2.02836539975 0.310819628418
2.02763985063 0.311009545917
2.02691484363 0.310148219871
2.02619037825 0.310302483517
2.02546645396 0.310081053249
2.02474307023 0.310364595918
2.02402022655 0.310617971515
2.0232979224 0.311520817435
2.02257615725 0.310903901309
2.02185493059 0.310731056836
2.0211342419 0.31052942409
2.02041409066 0.310230263501
2.01969447636 0.309775485473
2.01897539848 0.309378371221
2.0182568565 0.310196623433
2.01753884991 0.310140134623
2.01682137819 0.310739632648
2.01610444083 0.310761777629
2.01538803732 0.310758457221
2.01467216714 0.310726260466
2.01395682979 0.310461300502
2.01324202475 0.310614019727
2.01252775151 0.309970519186
2.01181400957 0.309522945804
2.0111007984 0.309737175494
2.01038811752 0.309444130325
2.00967596639 0.309397954372
2.00896434453 0.309011626586
2.00825325142 0.308997243172
2.00754268656 0.308552346741
2.00683264944 0.308810193396
2.00612313956 0.309142154137
2.00541415641 0.308976448045
2.00470569949 0.30824539021
2.0039977683 0.307412323516
2.00329036233 0.307754007123
2.00258348109 0.307846542672
2.00187712407 0.307043475581
2.00117129078 0.307445059717
2.0004659807 0.307786991334
1.99976119336 0.30615418423
1.99905692823 0.30525677393
1.99835318484 0.304167841656
1.99764996268 0.304141149247
1.99694726125 0.304330029745
1.99624508006 0.303899673519
1.99554341862 0.303675976837
1.99484227642 0.302824392862
1.99414165298 0.302451848631
1.99344154781 0.302001663944
1.9927419604 0.301610955282
1.99204289027 0.301186611773
1.99134433693 0.301135980712
1.99064629988 0.300451547699
1.98994877864 0.300760811201
1.98925177271 0.300494669138
1.98855528161 0.300222992851
1.98785930485 0.299932486975
1.98716384194 0.299730606127
1.98646889239 0.299237326315
1.98577445572 0.298903814869
1.98508053144 0.298612432118
1.98438711907 0.298789289187
1.98369421812 0.298654093464
1.9830018281 0.299110314409
1.98230994854 0.298491747961
1.98161857895 0.297486743607
1.98092771885 0.297131298196
1.98023736775 0.296819767299
1.97954752518 0.296372641646
1.97885819066 0.296850735175
1.9781693637 0.296941741185
1.97748104382 0.296797726444
1.97679323056 0.296606710326
1.97610592342 0.297295961857
1.97541912194 0.295979563821
1.97473282563 0.295761638557
1.97404703401 0.295922295839
1.97336174663 0.294697294023
1.97267696299 0.295203246343
1.97199268262 0.295953440937
1.97130890505 0.29564692275
1.97062562981 0.294080685744
1.96994285642 0.293644578763
1.96926058442 0.294515586016
1.96857881332 0.294229726863
1.96789754266 0.294039772788
1.96721677198 0.293895001581
1.96653650079 0.294187002335
1.96585672863 0.293971724024
1.96517745503 0.294150427052
1.96449867952 0.295716445707
1.96382040164 0.294618607921
1.96314262092 0.293927276339
1.96246533689 0.293067216399
1.96178854908 0.293236080788
1.96111225704 0.292766301961
1.96043646029 0.292054812042
1.95976115838 0.292318793737
1.95908635084 0.291794388744
1.9584120372 0.292155306212
1.95773821701 0.291523199217
1.9570648898 0.290011980547
1.95639205511 0.289513474497
1.95571971248 0.290123495857
1.95504786146 0.28980192401
1.95437650158 0.289236010583
1.95370563237 0.289551723228
1.9530352534 0.288468974624
1.95236536419 0.287070994742
1.95169596429 0.286344511849
1.95102705324 0.285822248469
1.95035863059 0.285401880965
1.94969069588 0.285194761824
1.94902324866 0.284556466148
1.94835628847 0.284968360817
1.94768981486 0.285829733183
1.94702382738 0.285910072891
1.94635832557 0.285436251997
1.94569330898 0.284670476201
1.94502877716 0.284472416455
1.94436472966 0.283842098861
1.94370116602 0.28420596004
1.94303808581 0.284293100569
1.94237548856 0.284215190573
1.94171337384 0.284897666022
1.94105174118 0.284027508258
1.94039059015 0.283898038136
1.9397299203 0.283814643322
1.93906973118 0.284724643003
1.93841002234 0.284920233189
1.93775079334 0.28552888262
1.93709204374 0.286236340452
1.93643377309 0.287007863067
1.93577598094 0.287733710946
1.93511866686 0.288183759022
1.9344618304 0.287942025507
1.93380547111 0.288874757358
1.93314958856 0.288337677261
1.93249418231 0.288940344876
1.93183925192 0.290092081413
1.93118479693 0.290063449163
1.93053081693 0.290343785113
1.92987731146 0.291098989562
1.92922428009 0.291232115709
1.92857172238 0.292597233731
1.92791963789 0.293335935006
1.92726802619 0.294351342623
1.92661688684 0.29531205111
1.92596621941 0.296765243514
1.92531602345 0.298511050873
1.92466629854 0.298314298311
1.92401704424 0.298786900847
1.92336826012 0.299565056604
1.92271994574 0.29957929122
1.92207210068 0.298527674529
1.92142472449 0.298846098777
1.92077781675 0.299087265536
1.92013137703 0.300960090486
1.9194854049 0.301480497348
1.91883989992 0.301875344241
1.91819486167 0.302440840234
1.91755028972 0.303603682418
1.91690618364 0.303717374619
1.91626254301 0.304634997396
1.91561936739 0.304538626155
1.91497665635 0.305213829648
1.91433440949 0.305296987626
1.91369262635 0.305865909888
1.91305130654 0.306617706934
1.9124104496 0.307449315976
1.91177005514 0.307503283749
1.91113012271 0.307488874053
1.91049065189 0.307864454198
1.90985164228 0.30924200715
1.90921309343 0.309699537445
1.90857500493 0.310114892953
1.90793737637 0.310340962343
1.90730020731 0.310621147473
1.90666349734 0.310682592295
1.90602724604 0.31045685917
1.90539145299 0.310527704581
1.90475611777 0.310477043443
1.90412123997 0.311068609074
1.90348681916 0.311879262471
1.90285285493 0.311978625088
1.90221934687 0.311997104361
1.90158629455 0.312607964678
1.90095369756 0.31254483392
1.90032155549 0.313413830278
1.89968986792 0.314039149518
1.89905863444 0.315166785681
1.89842785464 0.316155659609
1.89779752809 0.315511299428
1.8971676544 0.315287186846
1.89653823315 0.314333551982
1.89590926392 0.314122897704
1.8952807463 0.31484667799
1.89465267989 0.315307127763
1.89402506428 0.316393579871
1.89339789905 0.317076767172
1.89277118379 0.317697178887
1.89214491811 0.317758852271
1.89151910158 0.318898226948
1.89089373381 0.319186305233
1.89026881438 0.318614758435
1.88964434289 0.318485890177
1.88902031894 0.318690395467
1.88839674211 0.31877486124
1.887773612 0.319276321052
1.88715092821 0.319900010509
1.88652869034 0.320098718262
1.88590689798 0.320587356045
1.88528555072 0.321225557046
1.88466464817 0.322155729806
1.88404418992 0.322961258207
1.88342417558 0.323174979183
1.88280460473 0.3220918245
1.88218547698 0.322035544584
1.88156679193 0.322528868856
1.88094854918 0.32316333373
1.88033074833 0.322172577989
1.87971338899 0.322738571519
1.87909647074 0.323549856093
1.8784799932 0.324195834494
1.87786395597 0.324846670606
1.87724835865 0.324840520071
1.87663320085 0.326039210568
1.87601848217 0.326081274814
1.87540420221 0.325499865268
1.87479036057 0.32443592821
1.87417695688 0.324727986006
1.87356399072 0.324032199738
1.87295146171 0.32405637351
1.87233936946 0.324552310816
1.87172771356 0.326288283475
1.87111649364 0.326362736372
1.8705057093 0.326756372681
1.86989536014 0.3267379103
1.86928544577 0.326580963921
1.86867596582 0.32654265173
1.86806691988 0.326849478853
1.86745830756 0.326919571049
1.86685012849 0.326423206856
1.86624238226 0.32572520236
1.8656350685 0.326517865539
1.86502818681 0.326515780679
1.86442173681 0.327698793588
1.86381571811 0.327561468791
1.86321013033 0.327793827136
1.86260497308 0.328934553784
1.86200024597 0.328784185645
1.86139594862 0.330087902319
1.86079208064 0.328593253371
1.86018864166 0.328768497713
1.85958563129 0.327714294728
1.85898304914 0.327217909387
1.85838089484 0.328212667448
1.857779168 0.327706866137
1.85717786824 0.328729321253
1.85657699518 0.329218980013
1.85597654843 0.329589811925
1.85537652763 0.329046721972
1.85477693239 0.329862402081
1.85417776232 0.329530535281
1.85357901706 0.329046247765
1.85298069622 0.328901821877
1.85238279943 0.328577136501
1.8517853263 0.328444033208
1.85118827647 0.329329332851
1.85059164955 0.328977263729
1.84999544517 0.3300885303
1.84939966295 0.330176452789
1.84880430252 0.330910042824
1.8482093635 0.333282923307
1.84761484552 0.330757703691
1.84702074821 0.329610695355
1.84642707119 0.328619271504
1.84583381409 0.327436806569
1.84524097653 0.328551450597
1.84464855815 0.328886086094
1.84405655857 0.331346318314
1.84346497743 0.332219416296
1.84287381434 0.331419167719
1.84228306895 0.331495830859
1.84169274088 0.331006172422
1.84110282976 0.329989484847
1.84051333522 0.3292077354
1.8399242569 0.330325007971
1.83933559442 0.331845551571
1.83874734742 0.333998599865
1.83815951553 0.334643012502
1.83757209839 0.332881976021
1.83698509563 0.331957220399
1.83639850687 0.331325822613
1.83581233177 0.330190044279
1.83522656995 0.330836963811
1.83464122104 0.331547177823
1.83405628469 0.334312232694
1.83347176053 0.333042782706
1.83288764819 0.331752917046
1.83230394732 0.330742469112
1.83172065754 0.330704349552
1.83113777851 0.331489642627
1.83055530985 0.332986865849
1.82997325121 0.333242201515
1.82939160223 0.331055505591
1.82881036254 0.331284722999
1.82822953179 0.330660749249
1.82764910961 0.331283469292
1.82706909564 0.332925591055
1.82648948954 0.333131010334
1.82591029093 0.332465133208
1.82533149947 0.330461522793
1.82475311479 0.330672576921
1.82417513654 0.332400383756
1.82359756436 0.333609777624
1.8230203979 0.33401990449
1.8224436368 0.334012682863
1.8218672807 0.332447667933
1.82129132924 0.330729691268
1.82071578209 0.329741060681
1.82014063887 0.331354059789
1.81956589925 0.332848250835
1.81899156285 0.331919256217
1.81841762934 0.331482942832
1.81784409836 0.331649294084
1.81727096955 0.332203615529
1.81669824257 0.3318161369
1.81612591706 0.333037482092
1.81555399268 0.332593089396
1.81498246907 0.331848198061
1.81441134589 0.331716470827
1.81384062277 0.330778218853
1.81327029939 0.332061500323
1.81270037538 0.335831198985
1.8121308504 0.335401352358
1.8115617241 0.334409285206
1.81099299613 0.333529696905
1.81042466614 0.333200605518
1.8098567338 0.334636317449
1.80928919875 0.334221513008
1.80872206065 0.334832690829
1.80815531915 0.333410605383
1.8075889739 0.330014156051
1.80702302457 0.331275625085
1.80645747081 0.332064010097
1.80589231227 0.334666773245
1.80532754861 0.335167752957
1.80476317949 0.333130609695
1.80419920456 0.333685827759
1.80363562349 0.332944796953
1.80307243593 0.332629658547
1.80250964154 0.333091145038
1.80194723998 0.335518078626
1.8013852309 0.335153281938
1.80082361398 0.333520199118
1.80026238886 0.33391388704
1.79970155521 0.332217561602
1.7991411127 0.331607750446
1.79858106097 0.333709558005
1.7980213997 0.33611611269
1.79746212854 0.335410242308
1.79690324716 0.334381652306
1.79634475522 0.331139161908
1.79578665238 0.333280653833
1.79522893832 0.332802167614
1.79467161268 0.334685047272
1.79411467514 0.336629063199
1.79355812536 0.336126725628
1.79300196301 0.335619125899
1.79244618776 0.336661915631
1.79189079926 0.335636322563
1.79133579718 0.335081772996
1.7907811812 0.335508467842
1.79022695098 0.334164027111
1.78967310618 0.333575026961
1.78911964648 0.332528556225
1.78856657154 0.333550917549
1.78801388104 0.331671484686
1.78746157463 0.332190967807
1.786909652 0.333668363689
1.7863581128 0.334519068077
1.78580695672 0.333053580056
1.78525618342 0.334692314127
1.78470579257 0.336066953894
1.78415578384 0.335697468421
1.78360615692 0.335471708258
1.78305691146 0.336005304681
1.78250804714 0.336086750248
1.78195956363 0.337052139611
1.78141146061 0.336430960508
1.78086373776 0.336084717745
1.78031639473 0.334158297042
1.77976943122 0.336149248738
1.77922284689 0.336287588225
1.77867664142 0.334265429592
1.77813081449 0.334124886683
1.77758536576 0.334290526327
1.77704029493 0.33608407968
1.77649560166 0.334564729123
1.77595128563 0.335759983618
1.77540734652 0.335157990085
1.774863784 0.333912065766
1.77432059776 0.334041540358
1.77377778748 0.335905851956
1.77323535283 0.334977835854
1.77269329348 0.337625118813
1.77215160913 0.335007800433
1.77161029946 0.335830929485
1.77106936413 0.338391829129
1.77052880284 0.337997516992
1.76998861526 0.334877155478
1.76944880107 0.332857455432
1.76890935997 0.335493337876
1.76837029162 0.335718021452
1.76783159572 0.337257586412
1.76729327194 0.336139610156
1.76675531997 0.337011812227
1.76621773949 0.336239555269
1.76568053019 0.337590703476
1.76514369175 0.337356263455
1.76460722385 0.337087492484
1.76407112619 0.339191613351
1.76353539844 0.340068081083
1.7630000403 0.33944543696
1.76246505144 0.336303984363
1.76193043156 0.337814865366
1.76139618034 0.339138634719
1.76086229748 0.3410779541
1.76032878265 0.339512650128
1.75979563554 0.339152506952
1.75926285585 0.338115078933
1.75873044326 0.337609671437
1.75819839746 0.338004046631
1.75766671815 0.339618152049
1.757135405 0.338680035747
1.75660445772 0.339594348906
1.75607387599 0.340296778681
1.7555436595 0.338983885302
1.75501380794 0.336361634707
1.75448432101 0.336056989497
1.7539551984 0.337710864536
1.7534264398 0.337761683224
1.7528980449 0.340802290716
1.7523700134 0.338014818276
1.75184234498 0.338902859912
1.75131503935 0.335547660141
1.75078809619 0.338432923129
1.75026151521 0.338224990939
1.74973529609 0.339201771405
1.74920943853 0.338238343076
1.74868394223 0.336804947638
1.74815880688 0.336611909509
1.74763403218 0.33533518907
1.74710961783 0.335160343656
1.74658556351 0.337178152733
1.74606186894 0.337609496769
1.7455385338 0.337044029995
1.7450155578 0.335556773911
1.74449294063 0.336385343082
1.74397068199 0.334772146178
1.74344878158 0.335002918039
1.7429272391 0.335965236863
1.74240605424 0.336410350856
1.74188522672 0.338820729738
1.74136475623 0.338273810851
1.74084464247 0.339828992332
1.74032488513 0.337579048521
1.73980548393 0.337926595136
1.73928643856 0.337296329785
1.73876774873 0.336882944937
1.73824941414 0.340255702471
1.73773143449 0.34023228272
1.73721380948 0.341271355603
1.73669653881 0.339690969478
1.7361796222 0.337139622389
1.73566305935 0.33531980111
1.73514684995 0.336679974726
1.73463099371 0.336288958927
1.73411549035 0.336482190871
1.73360033956 0.340231104125
1.73308554104 0.34026587127
1.73257109452 0.340052318972
1.73205699968 0.33828765193
1.73154325625 0.337568874607
1.73102986392 0.338486512312
1.7305168224 0.340421588171
1.73000413141 0.340436764851
1.72949179064 0.339340694384
1.72897979981 0.341245232552
1.72846815862 0.339724250627
1.7279568668 0.340651669036
1.72744592403 0.336636718394
1.72693533004 0.336332204136
1.72642508453 0.336342921012
1.72591518721 0.339415138402
1.72540563781 0.338995272377
1.72489643601 0.339288935004
1.72438758154 0.340404772981
1.72387907412 0.342457216364
1.72337091344 0.343855065052
1.72286309922 0.341590304112
1.72235563118 0.341015102798
1.72184850903 0.337909289533
1.72134173248 0.338131964724
1.72083530124 0.338007462644
1.72032921503 0.338090798386
1.71982347357 0.337987088278
1.71931807656 0.337445755139
1.71881302373 0.339603823004
1.71830831478 0.339393429745
1.71780394944 0.340961436301
1.71729992741 0.341088040819
1.71679624842 0.340860309702
1.71629291219 0.342321896664
1.71578991842 0.340940105115
1.71528726683 0.340789756329
1.71478495715 0.34015942425
1.71428298909 0.338427868706
1.71378136236 0.340859189934
1.7132800767 0.340012452621
1.71277913181 0.340020307243
1.71227852741 0.338815911972
1.71177826323 0.341122654396
1.71127833898 0.344612567627
1.71077875438 0.343518026791
1.71027950916 0.343539416727
1.70978060303 0.343268382895
1.70928203572 0.341776518419
1.70878380694 0.340915760598
1.70828591642 0.34051292524
1.70778836388 0.339952561739
1.70729114904 0.341176972009
1.70679427163 0.342013207907
1.70629773136 0.34355378251
1.70580152797 0.343707904533
1.70530566116 0.341655060009
1.70481013067 0.341759946028
1.70431493623 0.343339522664
1.70382007755 0.343186981306
1.70332555436 0.343232694433
1.70283136638 0.342235460505
1.70233751334 0.34400252361
1.70184399497 0.343267326875
1.70135081099 0.341738951882
1.70085796113 0.341641081192
1.70036544511 0.341962994624
1.69987326266 0.34396716727
1.69938141351 0.347119303677
1.69888989739 0.345146782795
1.69839871401 0.340933681756
1.69790786312 0.339379652828
1.69741734444 0.339888844788
1.69692715769 0.341430867055
1.69643730261 0.34373920563
1.69594777893 0.343740593554
1.69545858637 0.346579809839
1.69496972467 0.347502859237
1.69448119355 0.347980474019
1.69399299275 0.346065837328
1.69350512199 0.341745020755
1.69301758101 0.341939476937
1.69253036954 0.341839752788
1.69204348731 0.34382142807
1.69155693405 0.343386807327
1.69107070949 0.344030434487
1.69058481338 0.345177754796
1.69009924543 0.346768238609
1.68961400538 0.346281256635
1.68912909297 0.343191044935
1.68864450792 0.343501258022
1.68816024998 0.34377410273
1.68767631888 0.345305328953
1.68719271435 0.347149679752
1.68670943613 0.344588170633
1.68622648395 0.343506375335
1.68574385755 0.344157361972
1.68526155666 0.34937368045
1.68477958102 0.34850120408
1.68429793037 0.346641300026
1.68381660444 0.345648178519
1.68333560296 0.344301319631
1.68285492569 0.344227453625
1.68237457235 0.344615497411
1.68189454268 0.344402063989
1.68141483642 0.345771958267
1.6809354533 0.348540528181
1.68045639308 0.349564736112
1.67997765548 0.348485702993
1.67949924025 0.348111392683
1.67902114712 0.349281752134
1.67854337583 0.348202215489
1.67806592613 0.345623570229
1.67758879775 0.342315369438
1.67711199044 0.342434155685
1.67663550394 0.343021759462
1.67615933798 0.344751309156
1.67568349231 0.34343407553
1.67520796668 0.342241103308
1.67473276082 0.342809296246
1.67425787447 0.345024202818
1.67378330738 0.348233129352
1.67330905929 0.3468174071
1.67283512995 0.344824508468
1.67236151909 0.347172389759
1.67188822647 0.344956045828
1.67141525182 0.346089118744
1.67094259489 0.345632667026
1.67047025543 0.347657313387
1.66999823318 0.348252418545
1.66952652788 0.348545696266
1.66905513928 0.34684355465
1.66858406713 0.345506043598
1.66811331117 0.345224366371
1.66764287115 0.345799505702
1.66717274682 0.344457072998
1.66670293792 0.344210233505
1.6662334442 0.344037868276
1.6657642654 0.344702954101
1.66529540128 0.345759863281
1.66482685158 0.346974095847
1.66435861605 0.347176779479
1.66389069445 0.345610779953
1.66342308651 0.34655765469
1.66295579199 0.347243613424
1.66248881063 0.346737947595
1.66202214219 0.34486015822
1.66155578642 0.345111727581
1.66108974307 0.344240815879
1.66062401188 0.346488096901
1.66015859261 0.345480947498
1.65969348501 0.344679180305
1.65922868883 0.344690458298
1.65876420382 0.344762179841
1.65830002973 0.34488864748
1.65783616633 0.347368429817
1.65737261335 0.344889827835
1.65690937055 0.342915769878
1.65644643768 0.3447518865
1.65598381451 0.344380435227
1.65552150077 0.34397455141
1.65505949623 0.343029528472
1.65459780063 0.343769177011
1.65413641374 0.341782434592
1.65367533531 0.343928473347
1.65321456509 0.343039357423
1.65275410283 0.343123439445
1.6522939483 0.342131938619
1.65183410125 0.34017134199
1.65137456143 0.340804657651
1.6509153286 0.340171362626
1.65045640252 0.341618361427
1.64999778294 0.341340493765
1.64953946963 0.345720558092
1.64908146233 0.345639876624
1.64862376081 0.345561691654
1.64816636482 0.346249620256
1.64770927412 0.346816845005
1.64725248847 0.34913729345
1.64679600763 0.348946092371
1.64633983135 0.346890310432
1.64588395941 0.345887977663
1.64542839154 0.346725620674
1.64497312753 0.344346070125
1.64451816711 0.344701200844
1.64406351006 0.344329271367
1.64360915614 0.343833031328
1.64315510511 0.341517055896
1.64270135672 0.343881148429
1.64224791074 0.341624006893
1.64179476693 0.342469479555
1.64134192505 0.343075027286
1.64088938486 0.34373835341
1.64043714613 0.345710031084
1.63998520862 0.345477609526
1.63953357209 0.345734474222
1.6390822363 0.345572582512
1.63863120102 0.346162871372
1.63818046601 0.347037278437
1.63773003104 0.345149633451
1.63727989586 0.347018518147
1.63683006025 0.346685909811
1.63638052396 0.347166055705
1.63593128677 0.345339123319
1.63548234843 0.346677985693
1.63503370871 0.346543766385
1.63458536739 0.345269209411
1.63413732422 0.346293221804
1.63368957896 0.346240235056
1.6332421314 0.349976813245
1.63279498129 0.346296683063
1.63234812839 0.347935864615
1.63190157249 0.348125616696
1.63145531334 0.348907281414
1.63100935071 0.350924389222
1.63056368437 0.35043490899
1.63011831408 0.349125472313
1.62967323963 0.34785163848
1.62922846077 0.348511586992
1.62878397727 0.346900425112
1.62833978891 0.344848589738
1.62789589544 0.347553759523
1.62745229665 0.348286304217
1.6270089923 0.346535673194
1.62656598217 0.346359441351
1.62612326601 0.347657998526
1.62568084361 0.349896872257
1.62523871473 0.350431633041
1.62479687915 0.350167065669
1.62435533663 0.350027316778
1.62391408695 0.349156740402
1.62347312988 0.35004432114
1.62303246519 0.348145094775
1.62259209265 0.346877939884
1.62215201205 0.34605117248
1.62171222314 0.35062420348
