3.9489482519 0.263521858296
3.9459314007 0.263171305342
3.9429188229 0.26257213645
3.9399105098 0.262625888964
3.9369064526 0.264321040101
3.9339066426 0.26556105993
3.9309110712 0.263435797483
3.9279197298 0.266751680292
3.9249326097 0.267126520089
3.9219497024 0.266743066072
3.9189709993 0.265688595672
3.9159964918 0.267311663093
3.9130261715 0.267635132673
3.9100600298 0.266499082371
3.9070980582 0.266574348226
3.9041402484 0.268710479046
3.9011865918 0.269005886266
3.8982370802 0.268762235887
3.895291705 0.270348254819
3.8923504579 0.269131046913
3.8894133306 0.268226816277
3.8864803148 0.267872795834
3.8835514022 0.271451970075
3.8806265845 0.270073596709
3.8777058534 0.268091053208
3.8747892007 0.269325304618
3.8718766183 0.269709182152
3.8689680979 0.267442507894
3.8660636314 0.268201113836
3.8631632106 0.267158422621
3.8602668275 0.267764078879
3.8573744738 0.266941762129
3.8544861416 0.267334759766
3.8516018228 0.269046691559
3.8487215093 0.268190287359
3.8458451932 0.265935666446
3.8429728664 0.267079563237
3.8401045209 0.266955064437
3.8372401489 0.26481739156
3.8343797424 0.265559434163
3.8315232935 0.265733079839
3.8286707943 0.26296573025
3.825822237 0.261831722802
3.8229776136 0.261576428782
3.8201369164 0.259803091001
3.8173001376 0.260130018506
3.8144672693 0.260766349893
3.8116383039 0.262608109532
3.8088132336 0.262948296481
3.8059920506 0.261151969814
3.8031747473 0.262459349379
3.8003613159 0.263413429137
3.7975517489 0.261450658768
3.7947460385 0.260747031969
3.7919441772 0.260144713059
3.7891461573 0.261654268387
3.7863519713 0.258298740365
3.7835616116 0.258155988903
3.7807750706 0.259135532395
3.7779923409 0.257549304952
3.7752134149 0.25753760889
3.7724382852 0.257314331418
3.7696669443 0.256776037056
3.7668993847 0.254696045301
3.764135599 0.253086754769
3.7613755799 0.252580868223
3.7586193199 0.252350971643
3.7558668116 0.252113455006
3.7531180477 0.252290115172
3.750373021 0.248966608477
3.747631724 0.248035518935
3.7448941494 0.248206766666
3.7421602901 0.24852052154
3.7394301388 0.246734692072
3.7367036881 0.244718617177
3.733980931 0.24622445351
3.7312618601 0.245298749902
3.7285464684 0.245237493302
3.7258347487 0.243477630758
3.7231266937 0.243488380887
3.7204222965 0.242017953804
3.7177215498 0.241397563833
3.7150244467 0.241640494587
3.71233098 0.241946382499
3.7096411426 0.239456968297
3.7069549276 0.239578350373
3.704272328 0.240913831816
3.7015933367 0.240285825435
3.6989179467 0.238631880513
3.6962461511 0.237033001466
3.693577943 0.238920164273
3.6909133154 0.237489173421
3.6882522614 0.237793049978
3.6855947742 0.237212991691
3.6829408468 0.237716003831
3.6802904724 0.236769675054
3.6776436442 0.237078973795
3.6750003553 0.237539538516
3.6723605989 0.235860045175
3.6697243683 0.234878259149
3.6670916567 0.235445583342
3.6644624573 0.234369817562
3.6618367634 0.233129319461
3.6592145682 0.2335575588
3.6565958652 0.234022380774
3.6539806475 0.232991604106
3.6513689086 0.233595231448
3.6487606417 0.233356844667
3.6461558403 0.23344973565
3.6435544977 0.232909888769
3.6409566073 0.230796442551
3.6383621626 0.232142035308
3.635771157 0.230871591037
3.6331835839 0.23008373276
3.6305994367 0.231913548584
3.6280187091 0.229977699045
3.6254413944 0.2291248748
3.6228674863 0.230021029744
3.6202969781 0.229709353404
3.6177298636 0.230936894433
3.6151661361 0.230350540338
3.6126057894 0.230499189881
3.610048817 0.228527846352
3.6074952125 0.229141142322
3.6049449696 0.22650978784
3.6023980819 0.228113990596
3.5998545431 0.227883583475
3.5973143468 0.226056069468
3.5947774867 0.226122763781
3.5922439565 0.227542291361
3.5897137501 0.226144162941
3.587186861 0.225979786397
3.5846632831 0.226396999746
3.5821430101 0.225303977684
3.5796260358 0.224300188453
3.577112354 0.223491324919
3.5746019586 0.224473697784
3.5720948433 0.223529243242
3.5695910021 0.222184443774
3.5670904287 0.223381489582
3.5645931171 0.222549463956
3.5620990611 0.220897547941
3.5596082546 0.220582386694
3.5571206916 0.218530093086
3.5546363661 0.217629573972
3.5521552719 0.21687898088
3.549677403 0.21635396061
3.5472027535 0.214793320505
3.5447313173 0.214011083976
3.5422630884 0.210804261784
3.5397980608 0.212022322774
3.5373362286 0.210905140641
3.5348775859 0.210367410348
3.5324221268 0.208154814036
3.5299698452 0.209166240942
3.5275207353 0.206172188311
3.5250747913 0.204263199898
3.5226320072 0.203306666087
3.5201923772 0.201360654384
3.5177558955 0.199015776034
3.5153225562 0.198575490175
3.5128923535 0.197138333106
3.5104652816 0.196035631424
3.5080413348 0.194524080594
3.5056205072 0.193638234725
3.5032027931 0.191504768622
3.5007881868 0.190106590471
3.4983766824 0.188056821526
3.4959682745 0.187306969243
3.4935629571 0.185720765053
3.4911607246 0.182692583921
3.4887615714 0.181561874443
3.4863654918 0.17980517273
3.4839724802 0.178058415279
3.4815825308 0.176369039903
3.4791956382 0.174996564557
3.4768117966 0.171753582745
3.4744310005 0.170004057677
3.4720532444 0.168542676791
3.4696785226 0.166868362155
3.4673068296 0.165324057729
3.4649381599 0.163157634807
3.462572508 0.162303892951
3.4602098683 0.160482410428
3.4578502353 0.158722928513
3.4554936035 0.157258526074
3.4531399676 0.155710245449
3.450789322 0.153734654222
3.4484416612 0.151421952686
3.4460969799 0.15039661525
3.4437552727 0.147950243905
3.441416534 0.145843130111
3.4390807586 0.145177278292
3.436747941 0.143472250539
3.434418076 0.142122782298
3.432091158 0.140959916997
3.4297671819 0.140420513801
3.4274461422 0.139201999197
3.4251280337 0.137711686544
3.422812851 0.136641284329
3.4205005888 0.135948976917
3.418191242 0.134215308949
3.4158848051 0.132816759286
3.413581273 0.132048276207
3.4112806405 0.129809614763
3.4089829022 0.12849835069
3.406688053 0.127012411206
3.4043960877 0.125814900033
3.4021070011 0.124078855204
3.3998207879 0.122970001982
3.3975374432 0.121457230605
3.3952569616 0.120146088271
3.392979338 0.118847820657
3.3907045674 0.117593899922
3.3884326446 0.116536884558
3.3861635645 0.115209984121
3.383897322 0.113904415726
3.381633912 0.113461416467
3.3793733295 0.112257113028
3.3771155694 0.110657865364
3.3748606266 0.109798449511
3.3726084962 0.10873633884
3.3703591731 0.107880017214
3.3681126523 0.106728201471
3.3658689287 0.105762683163
3.3636279975 0.105107021013
3.3613898537 0.10394443883
3.3591544922 0.103140555928
3.3569219081 0.102179581808
3.3546920965 0.101600720138
3.3524650525 0.100416883517
3.3502407712 0.0996506624531
3.3480192476 0.0986056900329
3.3458004768 0.097967046514
3.343584454 0.0971010148456
3.3413711744 0.0964729913744
3.3391606329 0.0958050344525
3.3369528249 0.0951814220668
3.3347477454 0.0945915792042
3.3325453897 0.094155150029
3.3303457529 0.0932975724799
3.3281488302 0.0929325371861
3.3259546168 0.0927077037635
3.3237631081 0.0920161316919
3.3215742991 0.0916046676421
3.3193881851 0.091233212542
3.3172047614 0.0908568045248
3.3150240233 0.0905977469848
3.312845966 0.090309236958
3.3106705848 0.0895605115323
3.308497875 0.0892943005898
3.3063278319 0.0890543007739
3.3041604509 0.0887859887992
3.3019957273 0.0883652626975
3.2998336564 0.0881373116026
3.2976742335 0.0881109382601
3.2955174541 0.0878424740357
3.2933633134 0.0875838548761
3.291211807 0.0874688650083
3.2890629301 0.0873096057088
3.2869166783 0.0871734048214
3.2847730468 0.087005747342
3.2826320312 0.0869182199937
3.2804936268 0.0866735618609
3.2783578292 0.0864394793101
3.2762246337 0.086483991607
3.2740940359 0.086170348968
3.2719660312 0.0860780223782
3.2698406151 0.0859512355602
3.2677177832 0.0858875298232
3.2655975308 0.0856444751576
3.2634798536 0.0856385456136
3.2613647471 0.0853394860456
3.2592522068 0.0854709383025
3.2571422283 0.0851671741084
3.2550348071 0.0851180032387
3.2529299388 0.0851133485878
3.250827619 0.0848230838255
3.2487278433 0.0848168485584
3.2466306073 0.0847019205004
3.2445359065 0.0846086758084
3.2424437367 0.0843404397577
3.2403540934 0.084305378825
3.2382669723 0.0842255998407
3.236182369 0.08417089537
3.2341002793 0.0841570771039
3.2320206987 0.0840597165704
3.2299436229 0.0842475751572
3.2278690478 0.0840951215764
3.2257969688 0.0837590919623
3.2237273819 0.0838987544087
3.2216602826 0.0838028924254
3.2195956667 0.083559384154
3.21753353 0.0835510309207
3.2154738682 0.083365453838
3.213416677 0.0834977237065
3.2113619523 0.0833212728355
3.2093096897 0.0832979031196
3.2072598852 0.0830789201371
3.2052125345 0.0829501625249
3.2031676333 0.083089256625
3.2011251776 0.0829474166106
3.1990851631 0.0829159299759
3.1970475857 0.0827620555565
3.1950124413 0.0827601394891
3.1929797256 0.082639026781
3.1909494345 0.0825695683972
3.188921564 0.0823448520273
3.1868961098 0.0825480318507
3.184873068 0.0823618167905
3.1828524343 0.0822974724805
3.1808342047 0.0823125892065
3.1788183752 0.0822050714336
3.1768049416 0.0819570087662
3.1747938999 0.0819641670154
3.1727852459 0.0820462560911
3.1707789758 0.0820010395167
3.1687750855 0.0818687551246
3.1667735708 0.081744706564
3.1647744279 0.0817235614762
3.1627776526 0.0817190978008
3.1607832411 0.0816714914851
3.1587911892 0.0817055934575
3.1568014931 0.0816364876301
3.1548141487 0.0815514456081
3.1528291521 0.0816615264983
3.1508464993 0.0816488216937
3.1488661864 0.0815314575654
3.1468882095 0.0815601945456
3.1449125646 0.081480187164
3.1429392477 0.0816391984751
3.1409682551 0.0813944802281
3.1389995827 0.0813185461686
3.1370332267 0.0813201541669
3.1350691833 0.0812652404512
3.1331074484 0.0811026737238
3.1311480183 0.0811561102238
3.1291908891 0.081156767958
3.1272360569 0.0810052805851
3.125283518 0.081111741892
3.1233332684 0.0810366826223
3.1213853043 0.0810523435268
3.119439622 0.0809743083261
3.1174962176 0.080890936847
3.1155550873 0.0807386817512
3.1136162273 0.0808698152479
3.1116796339 0.080750294181
3.1097453032 0.0808621675758
3.1078132315 0.0809704178385
3.1058834151 0.0809423152127
3.1039558501 0.0810354884892
3.1020305329 0.0809974004326
3.1001074597 0.0808239034816
3.0981866268 0.0808501203474
3.0962680304 0.0808469149038
3.0943516669 0.0807488848711
3.0924375325 0.0807505976816
3.0905256236 0.0806781523161
3.0886159365 0.0806130516964
3.0867084674 0.0805021895129
3.0848032128 0.0806239812549
3.082900169 0.0804879558256
3.0809993322 0.0804905076226
3.079100699 0.0806581214425
3.0772042655 0.0805714886266
3.0753100283 0.0803655697198
3.0734179836 0.0803626234728
3.0715281279 0.0803042191742
3.0696404576 0.0802115013191
3.067754969 0.0802059729715
3.0658716585 0.0801966203037
3.0639905227 0.0802120628379
3.0621115579 0.0802454281073
3.0602347605 0.0802097223686
3.058360127 0.0801558537816
3.0564876538 0.0803676218481
3.0546173375 0.0804353443894
3.0527491743 0.0803841839873
3.0508831609 0.0802170424405
3.0490192938 0.0801733319667
3.0471575693 0.0803412737176
3.0452979839 0.0803550162389
3.0434405343 0.0803098310051
3.0415852169 0.0803338189537
3.0397320282 0.0805092583777
3.0378809647 0.0806041359558
3.036032023 0.0807269574465
3.0341851996 0.0806486208901
3.032340491 0.0806704835156
3.0304978939 0.0805437764566
3.0286574047 0.0808316361091
3.0268190201 0.0809229513261
3.0249827366 0.0810337994659
3.0231485508 0.0808786618423
3.0213164593 0.0808925157169
3.0194864587 0.0809420492858
3.0176585455 0.0809995047241
3.0158327165 0.0810244856885
3.0140089683 0.0812080676299
3.0121872973 0.0810592526092
3.0103677004 0.081159917499
3.0085501741 0.0810910127933
3.0067347151 0.0811256647588
3.00492132 0.0811135643966
3.0031099856 0.081379588273
3.0013007084 0.0815545165055
2.9994934851 0.0816156314768
2.9976883125 0.0816833382674
2.9958851872 0.081686654691
2.994084106 0.0816186779876
2.9922850655 0.081686033629
2.9904880624 0.0818844730851
2.9886930935 0.0820850703561
2.9869001555 0.0820821117842
2.9851092451 0.081900971979
2.9833203591 0.0821153233459
2.9815334942 0.0820348642454
2.9797486471 0.0823367167943
2.9779658147 0.0824959241086
2.9761849937 0.0823967884898
2.9744061809 0.0826967327025
2.972629373 0.0825065354779
2.9708545668 0.0825148126601
2.9690817592 0.0826201344486
2.967310947 0.0826217155181
2.9655421269 0.0825631163911
2.9637752957 0.0826498988011
2.9620104504 0.0830068151208
2.9602475877 0.0828267248783
2.9584867044 0.0828575169795
2.9567277974 0.0828595884928
2.9549708636 0.083095762273
2.9532158997 0.0831436920865
2.9514629028 0.0831541375746
2.9497118695 0.0832333283521
2.9479627969 0.0834668930329
2.9462156818 0.083500128499
2.944470521 0.0837284556322
2.9427273115 0.0836757664816
2.9409860502 0.0837595396179
2.939246734 0.0837168228459
2.9375093598 0.0839026882345
2.9357739245 0.0835758328435
2.934040425 0.0838295998351
2.9323088583 0.0841975851715
2.9305792214 0.084153903823
2.9288515111 0.0838695298676
2.9271257244 0.0840446001499
2.9254018583 0.0842292222446
2.9236799098 0.0841766630132
2.9219598758 0.0844305235355
2.9202417533 0.0850791717663
2.9185255392 0.0852731691783
2.9168112307 0.0852689884991
2.9150988246 0.0854785227383
2.913388318 0.0855324838994
2.9116797079 0.0856046143716
2.9099729912 0.0856786301823
2.9082681651 0.0861752313549
2.9065652266 0.0866070152122
2.9048641726 0.086787353978
2.9031650003 0.087150907505
2.9014677066 0.0876625937831
2.8997722887 0.0882298225648
2.8980787435 0.0888128044226
2.8963870682 0.089493154969
2.8946972598 0.0903295889555
2.8930093154 0.0909874311906
2.8913232321 0.0917122426147
2.889639007 0.0925640556694
2.8879566371 0.0926816815717
2.8862761196 0.092424433112
2.8845974516 0.0928129844939
2.8829206302 0.0920171515333
2.8812456524 0.0911683985299
2.8795725155 0.0904091038381
2.8779012166 0.090184542862
2.8762317528 0.0891727611126
2.8745641212 0.0884058082681
2.872898319 0.0879362685456
2.8712343434 0.0875423685047
2.8695721914 0.0864818639979
2.8679118604 0.0864407490718
2.8662533473 0.0859650877173
2.8645966495 0.0856878755868
2.8629417642 0.0852559192415
2.8612886884 0.0853674846816
2.8596374194 0.0850650664131
2.8579879543 0.0845169441681
2.8563402905 0.0842966871443
2.8546944251 0.0847491518269
2.8530503554 0.0842257499044
2.8514080784 0.0841867310341
2.8497675916 0.0840764817439
2.8481288921 0.0839846453283
2.8464919771 0.0842072169574
2.844856844 0.084053261662
2.8432234899 0.0840289752691
2.8415919121 0.0837880578172
2.8399621078 0.0835069179441
2.8383340745 0.0834336507686
2.8367078092 0.0835941141032
2.8350833094 0.0835878367029
2.8334605722 0.0832930943267
2.831839595 0.0833396904007
2.8302203751 0.0831891530643
2.8286029097 0.0828714107058
2.8269871962 0.0826089909628
2.8253732319 0.0827113414673
2.8237610142 0.0827462247009
2.8221505402 0.0827045481233
2.8205418074 0.0828147531005
2.8189348131 0.0827627107931
2.8173295547 0.0825362370302
2.8157260294 0.0821896722118
2.8141242347 0.0823995425998
2.8125241678 0.0825206874352
2.8109258262 0.0824208990731
2.8093292072 0.0826826060696
2.8077343082 0.0825963166265
2.8061411266 0.0825361097881
2.8045496597 0.0822315390669
2.8029599049 0.0823593286578
2.8013718596 0.0820936993257
2.7997855213 0.0816761307816
2.7982008873 0.0814881158703
2.7966179551 0.0814642921361
2.7950367219 0.0814061492838
2.7934571854 0.0809693395202
2.7918793428 0.0812805804007
2.7903031917 0.0812081309164
2.7887287294 0.0811792195498
2.7871559534 0.0811989755921
2.7855848612 0.0811303122864
2.7840154501 0.0806266910362
2.7824477177 0.0809247624733
2.7808816614 0.0808353131194
2.7793172786 0.0807108444532
2.7777545669 0.0804496556356
2.7761935237 0.0803680495821
2.7746341465 0.0801591910696
2.7730764327 0.0801336244277
2.77152038 0.0797323027168
2.7699659857 0.0797321756791
2.7684132473 0.0798666985608
2.7668621624 0.0793190033242
2.7653127285 0.0789345643732
2.7637649431 0.0788307516989
2.7622188037 0.0784929157787
2.7606743078 0.0777456618902
2.7591314531 0.0769585736671
2.7575902369 0.0765442896873
2.7560506568 0.075694678717
2.7545127104 0.0747646884352
2.7529763953 0.0740993738949
2.7514417089 0.0733759821945
2.7499086489 0.0725170763169
2.7483772128 0.0719048985102
2.7468473982 0.0714485067069
2.7453192027 0.0709818423364
2.7437926237 0.070655761992
2.742267659 0.0707189860731
2.7407443061 0.0706105544773
2.7392225626 0.0703548275942
2.737702426 0.0698422839349
2.7361838941 0.0694036356679
2.7346669643 0.0687262016744
2.7331516344 0.0680352514453
2.7316379019 0.0677648927087
2.7301257644 0.067575464136
2.7286152196 0.0675695625978
2.7271062651 0.0674735302386
2.7255988986 0.0680191204236
2.7240931176 0.0682681966794
2.7225889199 0.0685982276062
2.721086303 0.0688144146863
2.7195852646 0.0689560297108
2.7180858024 0.0687983940212
2.7165879141 0.0686010282944
2.7150915973 0.0687150525685
2.7135968496 0.0683814947204
2.7121036688 0.0680094436054
2.7106120526 0.0681218450428
2.7091219985 0.0683365013887
2.7076335044 0.0685816564779
2.7061465679 0.0684812329301
2.7046611867 0.0686655091697
2.7031773585 0.069097730723
2.701695081 0.069060461262
2.7002143519 0.0693666612262
2.698735169 0.0698322384381
2.6972575299 0.0701943051369
2.6957814325 0.0707059869487
2.6943068743 0.0712449824321
2.6928338532 0.0718713603232
2.6913623669 0.0721590947024
2.6898924132 0.0725630763955
2.6884239897 0.073049423102
2.6869570943 0.0733695117737
2.6854917246 0.0739466282331
2.6840278785 0.0744063268686
2.6825655537 0.0749735933529
2.6811047481 0.0756372977622
2.6796454592 0.0764452573821
2.678187685 0.0772758287109
2.6767314232 0.0780155575879
2.6752766717 0.0784047522705
2.6738234281 0.0789724140893
2.6723716903 0.0795687744527
2.6709214561 0.0801049031605
2.6694727233 0.0800731592744
2.6680254897 0.0804061283287
2.6665797531 0.0805431014917
2.6651355114 0.0805864532478
2.6636927622 0.0804686552063
2.6622515036 0.080202321555
2.6608117333 0.0800063863616
2.6593734491 0.0797338981104
2.6579366488 0.0796648639676
2.6565013304 0.0796851809246
2.6550674917 0.0795918725117
2.6536351304 0.0796887499209
2.6522042445 0.0799672185667
2.6507748318 0.0801444218012
2.6493468903 0.0801038956325
2.6479204176 0.0803057626682
2.6464954118 0.0805134785068
2.6450718706 0.08056494343
2.6436497921 0.0806834775904
2.6422291739 0.0808705643338
2.6408100141 0.0809380200982
2.6393923106 0.0811624869018
2.6379760611 0.0814335698874
2.6365612637 0.0818121817794
2.6351479162 0.0821967376513
2.6337360165 0.0824263510842
2.6323255626 0.0827545730157
2.6309165523 0.0832164217065
2.6295089836 0.083439239641
2.6281028544 0.0837563026577
2.6266981626 0.0840335458183
2.6252949061 0.0841661379591
2.6238930829 0.0841222850527
2.622492691 0.084400069672
2.6210937282 0.0844403261548
2.6196961925 0.0845783001423
2.6183000819 0.0847637148695
2.6169053942 0.0849586352711
2.6155121276 0.085043294774
2.6141202798 0.0850475435337
2.612729849 0.0853611229757
2.611340833 0.0853533167894
2.6099532299 0.0856444373274
2.6085670376 0.0855845915565
2.607182254 0.0858615230295
2.6057988773 0.0860208740044
2.6044169053 0.0860170026181
2.603036336 0.0859612053438
2.6016571676 0.0862606025934
2.6002793978 0.0863064740004
2.5989030248 0.0863608649433
2.5975280466 0.0865490596959
2.5961544612 0.0869164570481
2.5947822665 0.0868615165772
2.5934114606 0.0868479743926
2.5920420416 0.0869229605583
2.5906740074 0.0871409918435
2.5893073561 0.0869110858983
2.5879420857 0.0868059611345
2.5865781943 0.0868935921285
2.5852156799 0.0867747767945
2.5838545405 0.0866268053027
2.5824947741 0.0868241733929
2.5811363789 0.0867418842543
2.5797793529 0.0866699724835
2.5784236942 0.0866685105037
2.5770694007 0.0869216108607
2.5757164707 0.0868980963346
2.574364902 0.0867862946158
2.5730146929 0.0867809341205
2.5716658414 0.0869514444253
2.5703183456 0.0868579982622
2.5689722035 0.0868283303629
2.5676274133 0.0869611839602
2.566283973 0.0868556712081
2.5649418807 0.0868919432495
2.5636011346 0.0870357109685
2.5622617327 0.0871694500331
2.5609236731 0.0868194617176
2.559586954 0.0868335880453
2.5582515734 0.0867280028611
2.5569175296 0.0867920449402
2.5555848205 0.0865160464805
2.5542534443 0.0865104812272
2.5529233992 0.0865024510506
2.5515946832 0.0865357530627
2.5502672945 0.08643349748
2.5489412313 0.0866499951277
2.5476164917 0.086610037293
2.5462930738 0.0867476306925
2.5449709757 0.0866534775164
2.5436501957 0.0866907930821
2.5423307319 0.086579603739
2.5410125824 0.0865169851966
2.5396957454 0.0866738110372
2.538380219 0.0867057856907
2.5370660015 0.0867211542714
2.5357530909 0.0869209373967
2.5344414856 0.0871372997391
2.5331311836 0.0871550489683
2.5318221831 0.0869374302211
2.5305144823 0.08708390807
2.5292080794 0.0871553677923
2.5279029726 0.0871012138381
2.5265991601 0.0871453114663
2.5252966401 0.0873512163197
2.5239954108 0.0874468539026
2.5226954703 0.0874140780735
2.521396817 0.0874223715077
2.5200994489 0.0875490137005
2.5188033644 0.0877577718427
2.5175085616 0.0878108555602
2.5162150388 0.0881218379122
2.5149227941 0.0881865480543
2.5136318258 0.0883680510282
2.5123421322 0.0883759374135
2.5110537115 0.0886654850183
2.5097665619 0.0886682302398
2.5084806816 0.0887079048862
2.5071960689 0.0889106556318
2.5059127221 0.0890700619537
2.5046306393 0.0891061875214
2.5033498189 0.0892470547415
2.5020702591 0.0894952645376
2.5007919581 0.0896641033181
2.4995149142 0.0897731426836
2.4982391258 0.0901775052321
2.4969645909 0.0903432787025
2.4956913081 0.0904378905674
2.4944192754 0.0905978314782
2.4931484911 0.0908640326142
2.4918789537 0.0909594816957
2.4906106613 0.0909785313351
2.4893436122 0.0912518513568
2.4880778047 0.0917187626666
2.4868132372 0.0919008088735
2.4855499078 0.0920696893588
2.484287815 0.0924574532218
2.483026957 0.0926451929847
2.4817673321 0.0927764402106
2.4805089386 0.0928009859154
2.4792517749 0.0932007548728
2.4779958392 0.0931343350191
2.4767411299 0.0931747092832
2.4754876453 0.0935849795018
2.4742353837 0.0937994580148
2.4729843435 0.0940397638656
2.4717345229 0.0943365400113
2.4704859204 0.0946299142224
2.4692385341 0.0948273892254
2.4679923626 0.0947357103945
2.4667474041 0.0949588150397
2.465503657 0.0951016391766
2.4642611196 0.0952407918216
2.4630197903 0.0954657411697
2.4617796674 0.0957275258945
2.4605407493 0.0958801145334
2.4593030343 0.0960253906197
2.4580665209 0.0964332124191
2.4568312073 0.0969373644433
2.4555970919 0.0967526971859
2.4543641732 0.0970896797621
2.4531324494 0.0972114523212
2.4519019191 0.0974230802832
2.4506725804 0.097516009973
2.4494444319 0.0977744270854
2.448217472 0.0981163359539
2.4469916989 0.0983660169669
2.4457671111 0.0984314677788
2.444543707 0.0991135401572
2.443321485 0.09907343188
2.4421004435 0.0991730798016
2.4408805809 0.0994737314372
2.4396618956 0.0997826059733
2.438444386 0.100074399992
2.4372280506 0.100292412436
2.4360128876 0.100722910239
2.4347988956 0.101076031339
2.4335860731 0.101163205364
2.4323744183 0.101403774476
2.4311639297 0.101687123155
2.4299546058 0.101836236608
2.4287464449 0.102013687504
2.4275394456 0.102372664729
2.4263336063 0.102855537318
2.4251289253 0.102997757481
2.4239254012 0.103128267094
2.4227230324 0.103609856302
2.4215218173 0.10374744996
2.4203217544 0.10393749512
2.4191228422 0.104595393032
2.417925079 0.104824207259
2.4167284634 0.104948701607
2.4155329938 0.105160220925
2.4143386687 0.105496290154
2.4131454866 0.105993481062
2.4119534459 0.105974043967
2.410762545 0.106042120676
2.4095727826 0.106631654895
2.408384157 0.106684588501
2.4071966667 0.106865867939
2.4060103102 0.107057558646
2.404825086 0.107251725814
2.4036409927 0.107587415671
2.4024580286 0.107867032976
2.4012761922 0.10812723433
2.4000954822 0.108178762648
2.3989158969 0.108155394049
2.3977374349 0.108273841012
2.3965600946 0.108489176806
2.3953838747 0.108736452829
2.3942087736 0.108812428264
2.3930347897 0.109434934237
2.3918619217 0.109679389667
2.390690168 0.10975769924
2.3895195272 0.110020626566
2.3883499978 0.110466635492
2.3871815783 0.110505643486
2.3860142672 0.110614599051
2.3848480631 0.110945291912
2.3836829645 0.111316928766
2.3825189699 0.11140649368
2.3813560779 0.111605929309
2.3801942871 0.11191406968
2.3790335959 0.111920803053
2.3778740029 0.112054436389
2.3767155067 0.112299063998
2.3755581057 0.112681242482
2.3744017987 0.11266414925
2.373246584 0.113142797671
2.3720924604 0.113430612389
2.3709394263 0.11364621432
2.3697874802 0.113669075826
2.3686366209 0.113930297459
2.3674868468 0.114081001898
2.3663381565 0.114135506344
2.3651905486 0.114275239831
2.3640440216 0.114669745951
2.3628985742 0.114919722605
2.3617542049 0.115090988569
2.3606109123 0.115183559178
2.359468695 0.115726447191
2.3583275516 0.115568266496
2.3571874807 0.115678644057
2.3560484808 0.116167197154
2.3549105506 0.116348829678
2.3537736886 0.11614313096
2.3526378935 0.11657756849
2.3515031638 0.117011547822
2.3503694982 0.117319163195
2.3492368953 0.117364673086
2.3481053537 0.117613753648
2.346974872 0.117739457307
2.3458454488 0.117767765557
2.3447170827 0.118096858083
2.3435897723 0.118552595445
2.3424635164 0.118664994465
2.3413383134 0.118791417808
2.3402141621 0.119339476528
2.339091061 0.119549906281
2.3379690088 0.119496156842
2.3368480041 0.119471740674
2.3357280456 0.119822412803
2.3346091319 0.120033874034
2.3334912616 0.120483350246
2.3323744334 0.120576789466
2.3312586459 0.120852795212
2.3301438978 0.1207232931
2.3290301877 0.121119727308
2.3279175143 0.121305349319
2.3268058762 0.121307541436
2.3256952721 0.121457366392
2.3245857007 0.12164440444
2.3234771606 0.121921850116
2.3223696504 0.121642936654
2.3212631689 0.122045682778
2.3201577147 0.122601618302
2.3190532865 0.122896001353
2.3179498829 0.122689071012
2.3168475027 0.122993710758
2.3157461445 0.123082002642
2.314645807 0.123308502854
2.3135464888 0.123352243185
2.3124481887 0.123598131107
2.3113509053 0.123760056472
2.3102546374 0.123782663287
2.3091593836 0.123914661011
2.3080651426 0.124337948933
2.3069719131 0.124272609657
2.3058796939 0.12423758308
2.3047884835 0.124784694936
2.3036982808 0.124784382357
2.3026090843 0.124842691765
2.3015208929 0.124986080245
2.3004337053 0.125355609283
2.2993475201 0.12567796709
2.298262336 0.125475760758
2.2971781518 0.125813920516
2.2960949662 0.126019246818
2.2950127779 0.125810576283
2.2939315857 0.126153787563
2.2928513882 0.126297849712
2.2917721841 0.126376384063
2.2906939723 0.126367505398
2.2896167515 0.126812557606
2.2885405203 0.126839873502
2.2874652775 0.126812584882
2.2863910219 0.127033973168
2.2853177522 0.127268168172
2.2842454671 0.127489052156
2.2831741653 0.127590372403
2.2821038457 0.127513567801
2.2810345069 0.127824704513
2.2799661478 0.127770533346
2.278898767 0.127668913124
2.2778323634 0.127907680007
2.2767669356 0.127827564094
2.2757024825 0.127875866379
2.2746390027 0.128128968771
2.2735764951 0.128258862434
2.2725149585 0.127977441418
2.2714543915 0.128161538281
2.270394793 0.128317647613
2.2693361617 0.128289143148
2.2682784964 0.128053255107
2.2672217959 0.127924749042
2.2661660589 0.128115960559
2.2651112843 0.127832303527
2.2640574708 0.127804602736
2.2630046172 0.127808422778
2.2619527222 0.127989858768
2.2609017847 0.127668058619
2.2598518035 0.127606841274
2.2588027773 0.127466427257
2.257754705 0.127475547452
2.2567075853 0.127092212164
2.255661417 0.127293155666
2.254616199 0.127165684903
2.25357193 0.126877562808
2.2525286088 0.126827259323
2.2514862343 0.126786550133
2.2504448052 0.126589720819
2.2494043204 0.126379592266
2.2483647786 0.125953256622
2.2473261787 0.12606112294
2.2462885196 0.125721208804
2.2452517999 0.125246005164
2.2442160186 0.124918944305
2.2431811744 0.124482783832
2.2421472662 0.124259722515
2.2411142927 0.123758420403
2.240082253 0.123660030966
2.2390511456 0.123312001019
2.2380209696 0.122903349796
2.2369917236 0.122497026391
2.2359634067 0.122208980065
2.2349360175 0.122060068938
2.2339095549 0.121755593408
2.2328840178 0.121540397158
2.2318594051 0.121322577104
2.2308357154 0.120996939531
2.2298129478 0.120706692623
2.228791101 0.120452269171
2.2277701739 0.120212342265
2.2267501654 0.119899824072
2.2257310743 0.119761297992
2.2247128994 0.119481893966
2.2236956396 0.119081648758
2.2226792939 0.118858765425
2.2216638609 0.11867165487
2.2206493397 0.118277843131
2.219635729 0.117820115401
2.2186230277 0.117307845655
2.2176112348 0.117096855331
2.216600349 0.116585686941
2.2155903692 0.116077421437
2.2145812944 0.115680218171
2.2135731234 0.115093575991
2.212565855 0.114515665862
2.2115594882 0.114108079492
2.2105540218 0.113566037964
2.2095494547 0.112966729808
2.2085457858 0.112466391988
2.207543014 0.112265834547
2.2065411382 0.111692101999
2.2055401573 0.111529918062
2.2045400701 0.111269176105
2.2035408755 0.111043334685
2.2025425725 0.111015604554
2.20154516 0.111017180681
2.2005486368 0.111047321835
2.1995530018 0.111172627321
2.198558254 0.111332647492
2.1975643923 0.111571391467
2.1965714155 0.111984694405
2.1955793226 0.112198357891
2.1945881125 0.112469262629
2.193597784 0.113059991529
2.1926083362 0.113689471518
2.1916197679 0.1140935313
2.190632078 0.114539358923
2.1896452655 0.115254648327
2.1886593293 0.115793180173
2.1876742682 0.116213606167
2.1866900813 0.116680536181
2.1857067675 0.117071728554
2.1847243256 0.117432012099
2.1837427547 0.118041052972
2.1827620535 0.118575698917
2.1817822212 0.119040120787
2.1808032566 0.119564501669
2.1798251586 0.119976416249
2.1788479262 0.120195512884
2.1778715584 0.120702625049
2.176896054 0.121096250274
2.175921412 0.121410163154
2.1749476313 0.121717189311
2.173974711 0.122207546475
2.1730026499 0.12248069026
2.1720314471 0.122834621605
2.1710611013 0.123369142526
2.1700916117 0.123585096882
2.1691229772 0.124001504059
2.1681551966 0.12456011516
2.1671882691 0.124858087929
2.1662221935 0.125342849615
2.1652569687 0.125619054414
2.1642925939 0.12596846392
2.1633290679 0.126447880079
2.1623663897 0.12677623339
2.1614045582 0.126968425176
2.1604435725 0.127626867648
2.1594834315 0.127755029786
2.1585241341 0.128044717297
2.1575656795 0.128159927902
2.1566080664 0.12838837241
2.155651294 0.128384547724
2.1546953611 0.128834511756
2.1537402669 0.128887079752
2.1527860102 0.129044418014
2.15183259 0.129130941548
2.1508800054 0.129395607888
2.1499282553 0.129436951325
2.1489773387 0.129401889359
2.1480272546 0.129707697435
2.147078002 0.129852569306
2.1461295798 0.129819769576
2.1451819872 0.130033571242
2.144235223 0.130085968355
2.1432892864 0.130205814274
2.1423441762 0.130254073525
2.1413998915 0.130270580051
2.1404564313 0.130364415199
2.1395137945 0.13039430415
2.1385719803 0.13036263975
2.1376309876 0.13057830264
2.1366908154 0.130552502698
2.1357514628 0.130535959937
2.1348129287 0.130587058576
2.1338752122 0.130491631977
2.1329383122 0.130407988182
2.1320022279 0.130375494544
2.1310669582 0.130546865197
2.1301325021 0.130501964075
2.1291988587 0.13022094638
2.128266027 0.130092550603
2.127334006 0.130056709544
2.1264027947 0.129817026945
2.1254723922 0.129586407912
2.1245427975 0.129485511106
2.1236140097 0.129471362067
2.1226860277 0.129254760114
2.1217588506 0.12909188787
2.1208324775 0.129186498237
2.1199069074 0.128937405815
2.1189821393 0.128847960425
2.1180581722 0.128947060142
2.1171350053 0.128758431109
2.1162126375 0.128538193557
2.1152910679 0.128456614369
2.1143702956 0.128437264368
2.1134503195 0.128326105411
2.1125311388 0.128164083935
2.1116127525 0.127950500106
2.1106951596 0.127922457021
2.1097783593 0.127679380642
2.1088623505 0.127528571233
2.1079471324 0.127473866928
2.1070327039 0.127420976104
2.1061190641 0.127196364523
2.1052062122 0.127059173829
2.1042941471 0.126890342674
2.103382868 0.126659142186
2.1024723739 0.126529386155
2.1015626638 0.126298489282
2.1006537369 0.126056446594
2.0997455922 0.125925561997
2.0988382287 0.125918335253
2.0979316457 0.125980353473
2.097025842 0.125785958418
2.0961208169 0.125468541185
2.0952165694 0.125525148495
2.0943130985 0.125501434456
2.0934104034 0.125255499691
2.0925084831 0.12502929295
2.0916073367 0.12495465141
2.0907069634 0.12486598196
2.0898073621 0.124804349758
2.088908532 0.124757180765
2.0880104722 0.124758020184
2.0871131817 0.124428690842
2.0862166597 0.12435210738
2.0853209052 0.124291924878
2.0844259174 0.124225658232
2.0835316953 0.123781475175
2.0826382381 0.123848811687
2.0817455448 0.123789168722
2.0808536145 0.123558440494
2.0799624464 0.123435043624
2.0790720395 0.12330503845
2.078182393 0.123314725259
2.0772935059 0.123158336617
2.0764053774 0.123056059264
2.0755180066 0.12313811646
2.0746313926 0.122936523072
2.0737455344 0.122917318579
2.0728604313 0.122821047999
2.0719760823 0.122595211223
2.0710924866 0.122380351633
2.0702096432 0.122441347031
2.0693275513 0.122572050426
2.06844621 0.122355167367
2.0675656184 0.122336332
2.0666857757 0.122507984598
2.065806681 0.122283366523
2.0649283333 0.121964601977
2.0640507319 0.121988229297
2.0631738758 0.122061212593
2.0622977643 0.122028056223
2.0614223963 0.121618902789
2.0605477711 0.121554459612
2.0596738878 0.121620208529
2.0588007455 0.121530774841
2.0579283433 0.121436790573
2.0570566804 0.121607472525
2.056185756 0.121244708293
2.0553155692 0.121140471599
2.054446119 0.121091266681
2.0535774047 0.121090854525
2.0527094255 0.120804388944
2.0518421803 0.120592542229
2.0509756685 0.120605688175
2.0501098891 0.120823829853
2.0492448414 0.120580549081
2.0483805243 0.120281303079
2.0475169372 0.120119759615
2.0466540791 0.120039221582
2.0457919492 0.119892780082
2.0449305467 0.119862510896
2.0440698707 0.119636933717
2.0432099204 0.119289164187
2.042350695 0.119242489504
2.0414921935 0.1193359067
2.0406344152 0.119115662392
2.0397773593 0.118864030338
2.0389210248 0.11865113772
2.038065411 0.118498740311
2.037210517 0.118296171322
2.0363563421 0.117936541675
2.0355028853 0.117895242589
2.0346501458 0.117594166591
2.0337981229 0.117383739199
2.0329468156 0.117287570602
2.0320962232 0.11719452738
2.0312463449 0.11691879489
2.0303971797 0.116938973663
2.029548727 0.117056822392
2.0287009859 0.116740171512
2.0278539555 0.116353169559
2.0270076351 0.11623054473
2.0261620237 0.116174703292
2.0253171207 0.11581019076
2.0244729253 0.115608707772
2.0236294364 0.115631717271
2.0227866535 0.115402701025
2.0219445757 0.115302214426
2.0211032021 0.114974117678
2.0202625319 0.114949574213
2.0194225644 0.114679697709
2.0185832988 0.114391367394
2.0177447342 0.114403277048
2.0169068698 0.114537113874
2.0160697049 0.113997982402
2.0152332386 0.113836099274
2.0143974701 0.113640397321
2.0135623987 0.113544013872
2.0127280235 0.113342563715
2.0118943438 0.113195772923
2.0110613587 0.112774744276
2.0102290675 0.112360559425
2.0093974693 0.112077982183
2.0085665635 0.112071634966
2.0077363491 0.111821215534
2.0069068255 0.111441579607
2.0060779917 0.111281631623
2.0052498471 0.111208108296
2.0044223909 0.110771777575
2.0035956222 0.110580999294
2.0027695403 0.110400015139
2.0019441444 0.110442648866
2.0011194337 0.110077858444
2.0002954075 0.109658448023
1.9994720649 0.109708348408
1.9986494052 0.109229605005
1.9978274277 0.109025652975
1.9970061314 0.108801318705
1.9961855158 0.108547858352
1.99536558 0.108314572884
1.9945463231 0.108096569154
1.9937277446 0.107987153034
1.9929098435 0.107541035037
1.9920926192 0.107215452206
1.9912760708 0.106883100578
1.9904601976 0.106734244975
1.9896449989 0.106299253277
1.9888304738 0.106278623311
1.9880166217 0.106071234547
1.9872034416 0.105611770292
1.986390933 0.105422351003
1.985579095 0.105173996378
1.9847679269 0.104784759791
1.9839574279 0.104602767564
1.9831475973 0.104284602278
1.9823384342 0.10428835513
1.9815299381 0.104050622674
1.980722108 0.103799708866
1.9799149434 0.103630572503
1.9791084433 0.103575058908
1.9783026071 0.103248404686
1.977497434 0.10309638075
1.9766929233 0.102919775683
1.9758890742 0.102720816384
1.975085886 0.102592066849
1.9742833579 0.102231540681
1.9734814893 0.102051693638
1.9726802793 0.101822298002
1.9718797272 0.101746034448
1.9710798323 0.101553432484
1.9702805939 0.101296973291
1.9694820112 0.101064211064
1.9686840834 0.100901804072
1.96788681 0.100730724773
1.96709019 0.100525378618
1.9662942228 0.100202482346
1.9654989077 0.100411888188
1.9647042439 0.100223637646
1.9639102306 0.0998068843474
1.9631168673 0.0996418387147
1.9623241531 0.0994690656828
1.9615320873 0.099230316429
1.9607406693 0.0991480603162
1.9599498982 0.0989443251878
1.9591597733 0.0986888264947
1.958370294 0.0986119136461
1.9575814595 0.0983120327367
1.9567932691 0.0982595926758
1.956005722 0.0982012418888
1.9552188177 0.0981894258264
1.9544325553 0.0979121019248
1.9536469341 0.0977761848957
1.9528619534 0.097570495683
1.9520776125 0.0976512307256
1.9512939108 0.0976655477908
1.9505108474 0.0974422123958
1.9497284217 0.0973345719312
1.948946633 0.097226512406
1.9481654805 0.0972043351536
1.9473849636 0.0972916851132
1.9466050816 0.0971492562193
1.9458258337 0.0968590280011
1.9450472193 0.0969161330436
1.9442692376 0.0967232898116
1.9434918879 0.0968197120799
1.9427151696 0.0969113468295
1.9419390819 0.0968418297392
1.9411636242 0.0967356667854
1.9403887958 0.0968337271274
1.9396145959 0.0964073121676
1.9388410239 0.0963351749564
1.938068079 0.0961963172569
1.9372957607 0.0961790628866
1.9365240681 0.0962743200186
1.9357530006 0.0960628949395
1.9349825575 0.0958336502252
1.9342127381 0.0956739582694
1.9334435418 0.0956655568744
1.9326749678 0.0957087906909
1.9319070155 0.0955199387724
1.9311396842 0.0954984608032
1.9303729732 0.0953888131059
1.9296068817 0.0949563363129
1.9288414092 0.0949225285364
1.928076555 0.0947018011078
1.9273123183 0.0945099961877
1.9265486985 0.094242283897
1.9257856949 0.0938714279473
1.9250233069 0.0938077489785
1.9242615337 0.0935534674798
1.9235003748 0.0932567456505
1.9227398293 0.0930137914454
1.9219798967 0.0928640585222
1.9212205763 0.0926296688329
1.9204618673 0.0922724313391
1.9197037692 0.0919569862686
1.9189462813 0.0918446464201
1.9181894028 0.0914576422599
1.9174331332 0.091291165663
1.9166774717 0.0910871947047
1.9159224178 0.090862055143
1.9151679707 0.0905753458911
1.9144141297 0.0902000972594
1.9136608943 0.089869089376
1.9129082637 0.0896729077236
1.9121562373 0.0891505185463
1.9114048145 0.0890660221086
1.9106539945 0.0887337093863
1.9099037767 0.0883652858075
1.9091541605 0.0882237406698
1.9084051452 0.087928277415
1.9076567301 0.0877110468947
1.9069089147 0.0874247029452
1.9061616982 0.0872737557349
1.90541508 0.0871260982222
1.9046690594 0.0867269820111
1.9039236358 0.086543519726
1.9031788086 0.0865103087967
1.9024345771 0.0862972641798
1.9016909406 0.0862646802808
1.9009478986 0.0864573713902
1.9002054502 0.0861596312877
1.8994635951 0.0859335056699
1.8987223324 0.086338160559
1.8979816615 0.0865533164057
1.8972415818 0.0866160117762
1.8965020927 0.0868183026137
1.8957631934 0.0871933086107
1.8950248835 0.0877181685065
1.8942871622 0.0882233030333
1.8935500289 0.088711853037
1.8928134829 0.0891853753447
1.8920775237 0.0897461293542
1.8913421506 0.0904376020864
1.8906073629 0.0911334940551
1.8898731601 0.0918066219662
1.8891395415 0.092896485226
1.8884065064 0.0940372751735
1.8876740543 0.0950852823746
1.8869421845 0.0963792125089
1.8862108964 0.0975424715503
1.8854801893 0.0986627179948
1.8847500627 0.100159170882
1.8840205159 0.101400035885
1.8832915483 0.102430774657
1.8825631592 0.103819082311
1.8818353481 0.105243603662
1.8811081143 0.10620388081
1.8803814571 0.107458449102
1.8796553761 0.108798248314
1.8789298705 0.109989044997
1.8782049398 0.111524966211
1.8774805833 0.112781725666
1.8767568004 0.113984687525
1.8760335905 0.11485870753
1.8753109529 0.116113348185
1.8745888872 0.117109588321
1.8738673926 0.118219762628
1.8731464685 0.119204445015
1.8724261144 0.120246768528
1.8717063296 0.121390757906
1.8709871135 0.122278869437
1.8702684655 0.123230624241
1.869550385 0.124300720732
1.8688328714 0.125139400198
1.8681159241 0.126118929105
1.8673995424 0.126717552515
1.8666837259 0.127640557551
1.8659684738 0.128257547508
1.8652537856 0.129104078935
1.8645396606 0.130014079961
1.8638260984 0.13048259851
1.8631130982 0.131225835408
1.8624006594 0.131991386164
1.8616887816 0.132519739449
1.860977464 0.133036797696
1.8602667061 0.133591740622
1.8595565073 0.134412703653
1.858846867 0.134575913467
1.8581377846 0.135149563908
1.8574292595 0.135565720601
1.8567212911 0.135930061746
1.8560138788 0.136379378825
1.8553070221 0.136905401341
1.8546007203 0.137441919084
1.8538949728 0.137700127787
1.8531897791 0.137842417116
1.8524851386 0.138305411983
1.8517810507 0.138531846442
1.8510775148 0.138968370766
1.8503745303 0.1391285822
1.8496720967 0.139207989361
1.8489702133 0.139595121181
1.8482688796 0.139555149155
1.847568095 0.139725117388
1.8468678589 0.140026449888
1.8461681707 0.140169932044
1.8454690299 0.140145994716
1.8447704358 0.140543612627
1.844072388 0.1408350314
1.8433748858 0.140774026497
1.8426779286 0.14086646401
1.8419815159 0.141271637449
1.8412856471 0.141339342727
1.8405903216 0.141242515678
1.8398955389 0.141543295954
1.8392012983 0.141800874788
1.8385075994 0.141802701322
1.8378144415 0.141953858028
1.8371218241 0.142395689022
1.8364297465 0.142247948302
1.8357382084 0.142313712929
1.8350472089 0.142311684054
1.8343567477 0.142413992134
1.8336668241 0.142772794184
1.8329774376 0.142935228234
1.8322885876 0.142920190685
1.8316002736 0.143038269483
1.8309124949 0.143381078082
1.8302252511 0.143622013334
1.8295385415 0.143501226254
1.8288523656 0.143214184333
1.8281667229 0.14316158174
1.8274816128 0.14345233517
1.8267970346 0.143619125931
1.826112988 0.143420269997
1.8254294723 0.143671904959
1.8247464869 0.143753250716
1.8240640313 0.144030015293
1.823382105 0.14386664823
1.8227007074 0.144349101121
1.822019838 0.14436944957
1.8213394961 0.14456997995
1.8206596813 0.144564464931
1.819980393 0.144620714817
1.8193016306 0.14444759176
1.8186233936 0.144645706308
1.8179456815 0.144744245265
1.8172684937 0.144654192479
1.8165918297 0.144804099333
1.8159156888 0.144934409784
1.8152400707 0.144796902311
1.8145649746 0.144857235518
1.8138904002 0.145122746034
1.8132163468 0.145349786699
1.8125428138 0.145454296083
1.8118698009 0.145513519192
1.8111973074 0.145304170299
1.8105253327 0.145588763302
1.8098538764 0.145534318695
1.8091829379 0.145633527451
1.8085125167 0.1453536789
1.8078426122 0.145462076522
1.8071732238 0.145715912934
1.8065043512 0.145583503707
1.8058359937 0.145648364479
1.8051681507 0.145502373708
1.8045008219 0.145682681123
1.8038340065 0.145890071603
1.8031677042 0.145769259348
1.8025019143 0.145659531554
1.8018366364 0.145473250745
1.8011718699 0.146148956116
1.8005076143 0.146110490761
1.799843869 0.146076804254
1.7991806335 0.145997035736
1.7985179074 0.146371395121
1.79785569 0.146393372705
1.7971939809 0.146670759466
1.7965327795 0.146877089167
1.7958720853 0.146504343712
1.7952118978 0.146640131787
1.7945522164 0.146924405536
1.7938930407 0.146888379207
1.7932343701 0.146517001684
1.7925762041 0.146314030541
1.7919185422 0.14650471616
1.7912613839 0.146667011222
1.7906047286 0.146448693544
1.7899485758 0.146651309304
1.7892929251 0.146647314425
1.7886377758 0.146535241425
1.7879831275 0.14661647595
1.7873289797 0.146806518403
1.7866753319 0.146735147406
1.7860221835 0.146538521378
1.785369534 0.146912448962
1.784717383 0.147103548343
1.7840657298 0.146967238169
1.7834145741 0.147223671342
1.7827639153 0.147483361667
1.7821137528 0.147285542389
1.7814640862 0.147322458664
1.780814915 0.147335155347
1.7801662386 0.147551997742
1.7795180567 0.147573457271
1.7788703685 0.147238671069
1.7782231737 0.147347442804
1.7775764718 0.147716014285
1.7769302622 0.147472555481
1.7762845444 0.147145357259
1.775639318 0.147329146482
1.7749945824 0.147585013979
1.7743503371 0.147183743924
1.7737065817 0.147497455437
1.7730633157 0.147554638954
1.7724205384 0.147681464832
1.7717782495 0.147302907456
1.7711364485 0.147437783619
1.7704951348 0.147559770329
1.769854308 0.147811495188
1.7692139675 0.147746801344
1.7685741129 0.14778811934
1.7679347437 0.147781219248
1.7672958593 0.147802166455
1.7666574594 0.147981133545
1.7660195433 0.148032161262
1.7653821107 0.147898874318
1.7647451609 0.14805895625
1.7641086936 0.148101942543
1.7634727082 0.148018362471
1.7628372043 0.148215125174
1.7622021814 0.148493032033
1.7615676389 0.148589255178
1.7609335764 0.148776735143
1.7602999934 0.148948764901
1.7596668895 0.149002742325
1.7590342641 0.148869744916
1.7584021167 0.148833037018
1.7577704469 0.148931136325
1.7571392542 0.149218263631
1.7565085381 0.149259950848
1.7558782981 0.149244386335
1.7552485338 0.149553744855
1.7546192446 0.149462332042
1.7539904301 0.149356348515
1.7533620898 0.14951155807
1.7527342233 0.149579577364
1.75210683 0.149330136938
1.7514799095 0.149626981199
1.7508534613 0.149375948301
1.7502274849 0.149472178527
1.7496019799 0.149140131607
1.7489769457 0.149246592711
1.748352382 0.149438360346
1.7477282882 0.149534719949
1.7471046638 0.149291686146
1.7464815085 0.149593721023
1.7458588216 0.149590006303
1.7452366028 0.14967457346
1.7446148516 0.149877603309
1.7439935675 0.150046371939
1.74337275 0.149894468415
1.7427523988 0.14972671502
1.7421325132 0.149872577522
1.7415130928 0.149698871857
1.7408941373 0.149886449964
1.740275646 0.149520694303
1.7396576186 0.149643383025
1.7390400546 0.149359785375
1.7384229535 0.149383559316
1.7378063148 0.14953227926
1.7371901382 0.149610686513
1.7365744231 0.149520392148
1.735959169 0.149220431794
1.7353443756 0.149619939242
1.7347300423 0.1492282666
1.7341161687 0.149220423327
1.7335027544 0.149449997882
1.7328897988 0.14970560144
1.7322773015 0.149394706559
1.7316652622 0.148974890291
1.7310536802 0.149149157269
1.7304425552 0.149365037571
1.7298318866 0.149031391251
1.7292216741 0.149264849702
1.7286119173 0.149438720784
1.7280026155 0.149478149906
1.7273937684 0.149142792812
1.7267853756 0.149644592004
1.7261774366 0.149812112114
1.7255699508 0.149599460274
1.724962918 0.149696381153
1.7243563376 0.150031430974
1.7237502092 0.149904121562
1.7231445323 0.149934418021
1.7225393065 0.150029188501
1.7219345314 0.150318504649
1.7213302065 0.150312008515
1.7207263313 0.150205889542
1.7201229054 0.150663082379
1.7195199283 0.150799134189
1.7189173997 0.150846208544
1.7183153191 0.15095098818
1.717713686 0.150969958831
1.7171125 0.150826536751
1.7165117606 0.150813609178
1.7159114674 0.150816508324
1.71531162 0.150828446974
1.714712218 0.150507835554
1.7141132608 0.150589539259
1.713514748 0.150961927544
1.7129166793 0.151009457955
1.7123190542 0.150921675888
1.7117218721 0.151115906066
1.7111251328 0.151138770303
1.7105288357 0.150743575348
1.7099329805 0.151036708651
1.7093375667 0.150974777332
1.7087425938 0.151105741729
1.7081480614 0.15108418284
1.7075539692 0.15132932133
1.7069603166 0.15129395279
1.7063671032 0.151305628492
1.7057743286 0.15129111402
1.7051819924 0.151443366106
1.7045900941 0.151461949676
1.7039986333 0.151485904782
1.7034076096 0.151467995358
1.7028170226 0.151333078819
1.7022268718 0.151522969507
1.7016371567 0.15153293694
1.7010478771 0.151539017681
1.7004590323 0.151775617422
1.6998706221 0.151649332283
1.699282646 0.15178350531
1.6986951035 0.151869350073
1.6981079943 0.151811845998
1.6975213179 0.151827180178
1.6969350739 0.151848712865
1.6963492619 0.152011297728
1.6957638814 0.151798613663
1.695178932 0.151922894757
1.6945944134 0.152053793973
1.694010325 0.152009257161
1.6934266665 0.152049901086
1.6928434375 0.151958870698
1.6922606375 0.15214369453
1.6916782661 0.152424999109
1.6910963229 0.152559443096
1.6905148075 0.152641767597
1.6899337194 0.152333612926
1.6893530583 0.152331524719
1.6887728237 0.152535981476
1.6881930152 0.152484434718
1.6876136325 0.152309334742
1.687034675 0.152507860222
1.6864561424 0.152704634033
1.6858780342 0.152555310985
1.6853003501 0.152770431919
1.6847230897 0.152758372269
1.6841462525 0.153016485571
1.6835698381 0.152959271115
1.6829938461 0.152724807415
1.6824182761 0.152869391979
1.6818431277 0.152788290182
1.6812684004 0.15287970272
1.680694094 0.153006796794
1.6801202079 0.153182950115
1.6795467418 0.15325451566
1.6789736952 0.152956038869
1.6784010677 0.153182137217
1.6778288591 0.152812572541
1.6772570687 0.152788117459
1.6766856963 0.152770052363
1.6761147414 0.153150626144
1.6755442036 0.15291144665
1.6749740826 0.152942567904
1.6744043779 0.153072601416
1.6738350891 0.15339117763
1.6732662158 0.153389674766
1.6726977577 0.153638065922
1.6721297142 0.153624640851
1.6715620851 0.153755122692
1.6709948699 0.153651089007
1.6704280682 0.153582684107
1.6698616797 0.153616616773
1.6692957039 0.153771486539
1.6687301404 0.153544941256
1.6681649888 0.153763667989
1.6676002488 0.153779314906
1.6670359199 0.153941990345
1.6664720018 0.154103979639
1.665908494 0.154163331588
1.6653453962 0.154240284602
1.6647827079 0.154066034505
1.6642204289 0.153834892662
1.6636585586 0.153832410323
1.6630970966 0.153933414644
1.6625360427 0.153589575942
1.6619753964 0.153795842349
1.6614151573 0.153592155725
1.6608553251 0.153523596937
1.6602958992 0.15342995915
1.6597368795 0.153454590496
1.6591782653 0.153426663879
1.6586200565 0.153548620761
1.6580622525 0.153629512568
1.6575048531 0.153588852713
1.6569478577 0.153536593979
1.6563912661 0.1535431453
1.6558350778 0.153403011065
1.6552792925 0.152971156301
1.6547239097 0.152932685617
1.6541689291 0.152745001138
1.6536143503 0.152573634477
1.653060173 0.152357873468
1.6525063967 0.152479161416
1.651953021 0.152653564675
1.6514000457 0.152623814573
1.6508474702 0.152180783613
1.6502952942 0.151972817344
1.6497435173 0.151733581664
1.6491921393 0.151627955329
1.6486411596 0.151337805383
1.6480905778 0.151151928363
1.6475403937 0.151185231894
1.6469906069 0.151095681779
1.6464412169 0.150852621328
1.6458922234 0.150844131594
1.645343626 0.150818286666
1.6447954243 0.150370859801
1.644247618 0.150759657826
1.6437002067 0.150074349718
1.64315319 0.149635865206
1.6426065675 0.14949604422
1.6420603389 0.149599657266
1.6415145038 0.149557301268
1.6409690618 0.149888883999
1.6404240126 0.150043418441
1.6398793557 0.150418289898
1.6393350908 0.150214652591
1.6387912176 0.15038458212
1.6382477356 0.150377675327
1.6377046446 0.150220672386
1.637161944 0.150429163539
1.6366196336 0.150495287601
1.636077713 0.150657561359
1.6355361818 0.150790408997
1.6349950397 0.151074153474
1.6344542863 0.151140515256
1.6339139211 0.151145549386
1.633373944 0.151218919343
1.6328343544 0.151010597721
1.632295152 0.15086435323
1.6317563365 0.150924644927
1.6312179075 0.150731492983
1.6306798647 0.151145901878
1.6301422076 0.151070047066
1.6296049359 0.151100402975
1.6290680492 0.151080551666
1.6285315473 0.151299612534
1.6279954296 0.150586590223
1.627459696 0.150795330837
1.6269243459 0.150827676411
1.6263893791 0.150330280345
1.6258547951 0.150299909555
1.6253205937 0.150495026848
1.6247867744 0.15066073163
1.6242533369 0.150264873612
1.6237202809 0.150244545952
1.623187606 0.150342515761
1.6226553118 0.150053184557
1.622123398 0.150123608866
1.6215918642 0.149730271334
1.6210607101 0.149318397882
1.6205299353 0.149828751962
1.6199995394 0.149140822658
1.6194695222 0.148607729351
1.6189398832 0.148407211871
1.6184106221 0.147532319525
1.6178817385 0.148142431257
1.6173532321 0.147532123073
1.6168251026 0.147416485214
1.6162973496 0.147157852452
1.6157699727 0.147871841844
1.6152429716 0.146812028547
1.6147163459 0.146259154834
1.6141900953 0.146281330018
1.6136642194 0.14614643667
1.613138718 0.145376333223
1.6126135906 0.144850169284
1.6120888368 0.144280454614
1.6115644564 0.14463251816
1.6110404491 0.143423421744
1.6105168143 0.143620300205
1.6099935519 0.143229889161
1.6094706614 0.142688445067
1.6089481426 0.142616324622
1.608425995 0.142468712882
1.6079042183 0.142484480126
1.6073828123 0.14174218224
1.6068617764 0.141899172232
1.6063411105 0.141648748078
1.6058208141 0.1417145826
1.6053008869 0.14118243578
1.6047813286 0.141035699244
1.6042621388 0.140824894118
1.6037433172 0.140345893533
1.6032248634 0.140634611123
1.6027067772 0.140426195942
1.6021890581 0.140021011414
1.6016717058 0.140357299046
1.60115472 0.139667639042
1.6006381004 0.139701763705
1.6001218466 0.138695624775
1.5996059582 0.138684858004
1.599090435 0.138746085078
1.5985752766 0.138706990622
1.5980604827 0.138284820434
1.5975460528 0.138141937632
1.5970319868 0.13772471833
1.5965182842 0.137481860937
1.5960049447 0.137955057385
1.5954919681 0.137474996873
1.5949793538 0.136704498025
1.5944671017 0.136515168133
1.5939552114 0.137096856308
1.5934436825 0.13817687329
1.5929325148 0.137068794488
1.5924217078 0.136939479594
1.5919112613 0.137922893719
1.5914011749 0.137492935943
1.5908914484 0.136348300341
1.5903820812 0.136555265342
1.5898730733 0.136633204528
1.5893644241 0.136256904441
1.5888561334 0.136230989056
1.5883482008 0.136867017173
1.5878406261 0.136554748406
1.5873334089 0.136320219853
1.5868265488 0.136676775223
1.5863200456 0.136553693203
1.5858138988 0.13562945585
1.5853081083 0.135562616905
1.5848026736 0.13526143697
1.5842975945 0.135791225526
1.5837928705 0.135282196338
1.5832885015 0.134796179765
1.582784487 0.135599607282
1.5822808267 0.134129952573
1.5817775204 0.134311637522
1.5812745676 0.134314322835
1.5807719681 0.134738689383
1.5802697216 0.1335967236
1.5797678277 0.133183767416
1.5792662861 0.134210799549
1.5787650964 0.134254187806
1.5782642585 0.132998556776
1.5777637718 0.132573623648
1.5772636362 0.133814852668
1.5767638513 0.133257889186
1.5762644168 0.132970323419
1.5757653323 0.134202372303
1.5752665976 0.133692207103
1.5747682123 0.133134313162
1.5742701761 0.133155793766
1.5737724887 0.132730153557
1.5732751498 0.131997439461
1.572778159 0.132134951445
1.5722815161 0.132089560615
1.5717852207 0.131797724886
1.5712892725 0.13174619954
1.5707936713 0.132246351153
1.5702984166 0.132439997943
1.5698035081 0.131897704613
1.5693089457 0.131089114701
1.5688147289 0.131637954901
1.5683208574 0.131212588813
1.5678273309 0.13167319175
1.5673341491 0.131165898994
1.5668413117 0.13110856933
1.5663488184 0.130645878677
1.5658566689 0.130033339323
1.5653648628 0.130601868171
1.5648733999 0.13011174953
1.5643822798 0.129846852974
1.5638915023 0.129427257735
1.563401067 0.130340541659
1.5629109736 0.130833471298
1.5624212218 0.130062561001
1.5619318112 0.130115892145
1.5614427417 0.129429472675
1.5609540129 0.12921309856
1.5604656244 0.129137385895
1.559977576 0.129831969884
1.5594898674 0.129708196561
1.5590024982 0.128414917815
1.5585154682 0.129493376913
1.558028777 0.128766771632
1.5575424244 0.12776367684
1.55705641 0.128018014971
1.5565707335 0.128240101503
1.5560853947 0.127413707769
1.5556003932 0.127359099215
1.5551157287 0.127965571225
1.554631401 0.127120817266
1.5541474096 0.127013053582
1.5536637544 0.126302771
1.553180435 0.126195627899
1.5526974511 0.125757270524
1.5522148024 0.125341987219
1.5517324887 0.125976508317
1.5512505095 0.125128561354
1.5507688647 0.124931492166
1.5502875539 0.125161982819
1.5498065768 0.124738040816
1.5493259331 0.12445657277
1.5488456226 0.125221216432
1.5483656448 0.124704207815
1.5478859996 0.124533297892
1.5474066867 0.124026562336
1.5469277056 0.123267355091
1.5464490562 0.12436041682
1.5459707382 0.124470248859
1.5454927511 0.12316986264
1.5450150949 0.123610442267
1.5445377691 0.124279117889
1.5440607734 0.124461436933
1.5435841076 0.123675642247
1.5431077714 0.123752440581
1.5426317645 0.123103761388
1.5421560865 0.123638938682
1.5416807373 0.123166342605
1.5412057164 0.123160174256
1.5407310237 0.122824250001
1.5402566587 0.122742339168
1.5397826213 0.123136329882
1.5393089112 0.122889153856
1.538835528 0.122387489197
1.5383624714 0.122551076305
1.5378897412 0.122713234749
1.5374173371 0.122251001019
1.5369452587 0.122830961441
1.5364735059 0.12234384056
1.5360020782 0.120373233271
1.5355309755 0.12023227243
1.5350601974 0.121740387239
1.5345897437 0.121239428328
1.534119614 0.121364289281
1.5336498081 0.121444992058
1.5331803256 0.121499691603
1.5327111664 0.121092820723
1.5322423301 0.121293981725
1.5317738164 0.120665408644
1.531305625 0.121304504885
1.5308377557 0.121292261491
1.5303702082 0.12079698917
1.5299029822 0.121692972149
1.5294360773 0.121204873206
1.5289694934 0.120665182681
1.5285032302 0.120439316742
1.5280372872 0.120815361557
1.5275716644 0.120355259193
1.5271063613 0.120119770985
1.5266413778 0.119812437423
1.5261767135 0.119714593422
1.5257123681 0.119109934279
1.5252483414 0.118975043909
1.5247846331 0.119086851963
1.5243212429 0.118574560393
1.5238581705 0.118349162088
