3.69212786891 0.0173879570021
3.68985082363 0.0179180909421
3.6875763105 0.0178823145812
3.68530432561 0.0205942773465
3.68303486509 0.0212511166268
3.68076792506 0.019783632734
3.67850350164 0.0186436953182
3.67624159096 0.0206428228424
3.67398218917 0.0202457534653
3.67172529243 0.0202458626891
3.66947089688 0.0192047990836
3.6672189987 0.0199773010043
3.66496959405 0.0193814202682
3.66272267913 0.0190255640718
3.66047825012 0.0192040479572
3.65823630321 0.0190226884511
3.65599683461 0.0204315859011
3.65375984053 0.0213155061519
3.6515253172 0.0204647186086
3.64929326083 0.0186708225141
3.64706366766 0.0198438801094
3.64483653393 0.0205094568486
3.6426118559 0.0205950209812
3.64038962982 0.0208364731069
3.63816985194 0.0194859368834
3.63595251856 0.0191708290213
3.63373762593 0.0187622551172
3.63152517035 0.0191773963523
3.62931514812 0.0191425729247
3.62710755552 0.0211783512545
3.62490238888 0.0200753801098
3.6226996445 0.0190910173513
3.62049931872 0.0171363231507
3.61830140784 0.0197942427478
3.61610590823 0.0192949416872
3.61391281621 0.017874420036
3.61172212815 0.017349672742
3.60953384039 0.017406336573
3.60734794931 0.0184205832972
3.60516445128 0.019885224819
3.60298334268 0.0200797102327
3.60080461989 0.0202733313341
3.59862827931 0.0202597152412
3.59645431734 0.0201333428838
3.59428273039 0.0199899257471
3.59211351488 0.0197542844177
3.58994666722 0.0191873131102
3.58778218386 0.0217861444621
3.58562006121 0.0215127918006
3.58346029573 0.0202140230098
3.58130288387 0.0208065627506
3.57914782209 0.0203705844329
3.57699510684 0.0199703817868
3.57484473461 0.0207426268976
3.57269670186 0.0192870144043
3.57055100508 0.0195653077105
3.56840764078 0.019743900742
3.56626660543 0.0218333293809
3.56412789556 0.0215018172673
3.56199150766 0.0217034645436
3.55985743827 0.0205744352082
3.5577256839 0.0201284403316
3.5555962411 0.0212945941376
3.55346910639 0.0210129206583
3.55134427633 0.0205866525824
3.54922174746 0.020853182051
3.54710151635 0.0227169029122
3.54498357957 0.0216937217165
3.54286793368 0.0202212948226
3.54075457527 0.0203684659934
3.53864350092 0.022821189841
3.53653470723 0.0224460510518
3.53442819079 0.0213620065752
3.53232394821 0.0209299378782
3.5302219761 0.021102353648
3.52812227108 0.0215750729371
3.52602482978 0.0213949975494
3.52392964884 0.0210880918368
3.52183672487 0.0213791838697
3.51974605455 0.0212724636258
3.51765763451 0.0220796273256
3.51557146141 0.0229605785221
3.51348753192 0.021776502054
3.5114058427 0.0215548185518
3.50932639045 0.0225596877923
3.50724917183 0.0219784390629
3.50517418354 0.0223883531625
3.50310142228 0.0221319322719
3.50103088475 0.0227653758132
3.49896256766 0.0217854754852
3.49689646772 0.0219785732936
3.49483258165 0.0204430518698
3.4927709062 0.0208876223233
3.49071143808 0.0240101211972
3.48865417403 0.024856046546
3.48659911082 0.0235110934484
3.48454624518 0.0228617790833
3.48249557389 0.0233075893242
3.48044709369 0.0230699910064
3.47840080138 0.0227370985317
3.47635669371 0.0233927097949
3.47431476749 0.0219734916409
3.47227501949 0.0218775834739
3.47023744652 0.0223039982822
3.46820204538 0.0213922672787
3.46616881287 0.0218368571494
3.46413774581 0.0226272014037
3.46210884103 0.0227091348545
3.46008209534 0.0222831883868
3.45805750558 0.0211795146748
3.4560350686 0.0230062507721
3.45401478123 0.0230161152304
3.45199664032 0.0220246418016
3.44998064274 0.0235937363648
3.44796678535 0.0220699607927
3.44595506501 0.0229655595041
3.4439454786 0.0243198491146
3.441938023 0.0226726079744
3.4399326951 0.0221693708136
3.43792949179 0.0222489544127
3.43592840996 0.0212975311956
3.43392944653 0.0208159581865
3.4319325984 0.0207637172128
3.4299378625 0.022596059226
3.42794523573 0.0223011371793
3.42595471503 0.0220167496198
3.42396629733 0.0228915152484
3.42197997958 0.0226293764475
3.41999575871 0.0231329753561
3.41801363168 0.0212335747085
3.41603359544 0.0237542367378
3.41405564696 0.022396821412
3.41207978321 0.0206593083898
3.41010600116 0.0220858157607
3.40813429778 0.0226228072474
3.40616467007 0.0232664823731
3.40419711501 0.022109513989
3.4022316296 0.0206495628929
3.40026821085 0.0219955144854
3.39830685576 0.0230581298592
3.39634756134 0.0237040722709
3.39439032462 0.0237736484566
3.39243514261 0.0228992289197
3.39048201236 0.023781871044
3.38853093089 0.0243467701262
3.38658189524 0.024049155622
3.38463490247 0.0238491745529
3.38268994963 0.0244823666847
3.38074703377 0.0233910768259
3.37880615196 0.0231010661949
3.37686730126 0.0255618161427
3.37493047876 0.0246434067252
3.37299568152 0.024326005735
3.37106290665 0.0266856439824
3.36913215122 0.02592673292
3.36720341233 0.025536804246
3.36527668709 0.0268970230515
3.36335197261 0.026888633279
3.36142926599 0.0264966102697
3.35950856435 0.0280730803185
3.35758986482 0.0279739652457
3.35567316452 0.0263877858858
3.35375846059 0.027407681417
3.35184575018 0.0284157926387
3.34993503041 0.0287253953703
3.34802629845 0.0289668837729
3.34611955145 0.0291150290804
3.34421478657 0.0284106843123
3.34231200097 0.0287549671686
3.34041119183 0.0298722479141
3.33851235633 0.0296264554572
3.33661549163 0.0290263747824
3.33472059494 0.0298312790113
3.33282766344 0.0310275868794
3.33093669433 0.0320187287933
3.32904768482 0.0304580535664
3.3271606321 0.0296204974923
3.3252755334 0.0310992190703
3.32339238593 0.0315895874275
3.32151118692 0.032267826069
3.31963193358 0.0326841765904
3.31775462317 0.033405189789
3.3158792529 0.0329340872291
3.31400582004 0.0320752051755
3.31213432182 0.0297755029784
3.3102647555 0.0298765204835
3.30839711834 0.032146711653
3.30653140761 0.029806472848
3.30466762056 0.028466157787
3.30280575448 0.0294604452074
3.30094580665 0.0291453977073
3.29908777434 0.0308220906242
3.29723165485 0.0305783419464
3.29537744547 0.0315932296707
3.2935251435 0.0316655712817
3.29167474625 0.0300191912224
3.28982625101 0.0314940882191
3.28797965512 0.0316298078498
3.28613495588 0.0311000585932
3.28429215061 0.0306498145226
3.28245123665 0.0301455057288
3.28061221134 0.0313681421547
3.278775072 0.0301674260261
3.27693981598 0.0293036102228
3.27510644063 0.0285276318442
3.27327494331 0.0285417474874
3.27144532136 0.0273731563368
3.26961757215 0.0280217530757
3.26779169306 0.0291275932969
3.26596768144 0.0300071923438
3.26414553469 0.0286886129935
3.26232525017 0.0285097282353
3.26050682528 0.0314378285506
3.25869025741 0.0321472567511
3.25687554395 0.0297160557406
3.2550626823 0.0305714836158
3.25325166988 0.031921164256
3.25144250408 0.0292265047881
3.24963518233 0.0264459064517
3.24782970204 0.0282874768588
3.24602606064 0.0297605833639
3.24422425556 0.0288315450467
3.24242428423 0.0265037984277
3.24062614409 0.0294609100641
3.23882983257 0.0284366098584
3.23703534714 0.0267130964707
3.23524268524 0.0271459498793
3.23345184433 0.0295863871128
3.23166282187 0.0306819011581
3.22987561532 0.0284979040625
3.22809022216 0.0253859459027
3.22630663986 0.0275211096026
3.2245248659 0.0273511873204
3.22274489776 0.0253944223577
3.22096673294 0.025301025387
3.21919036892 0.0274681344496
3.21741580321 0.0277170370655
3.21564303331 0.0285550045475
3.21387205672 0.0258980879004
3.21210287096 0.0294897676096
3.21033547354 0.0264362659909
3.20856986198 0.0263238434993
3.2068060338 0.0257724964412
3.20504398654 0.0277815950604
3.20328371773 0.0239391248914
3.20152522491 0.0255736133324
3.19976850562 0.0269496690062
3.1980135574 0.0277223684105
3.19626037781 0.0262212526476
3.19450896441 0.0258337321132
3.19275931475 0.0246783439716
3.1910114264 0.0242950068274
3.18926529692 0.0251322281432
3.18752092389 0.0256628670362
3.1857783049 0.0271893656447
3.18403743751 0.0269192973047
3.18229831932 0.0247125279901
3.18056094791 0.0232755840459
3.17882532089 0.0252582734752
3.17709143585 0.0239367298721
3.17535929039 0.0231595912297
3.17362888212 0.0234692754285
3.17190020866 0.0259091218432
3.17017326762 0.0232820442319
3.16844805661 0.0233386581537
3.16672457328 0.0242559114287
3.16500281523 0.0247433979803
3.16328278012 0.0222584725431
3.16156446557 0.0228202614002
3.15984786923 0.0251293448684
3.15813298873 0.0267214513527
3.15641982174 0.0233452078587
3.15470836591 0.0259721455389
3.15299861889 0.0247523435927
3.15129057836 0.0246607356654
3.14958424196 0.0214338607319
3.14787960738 0.0253706638142
3.14617667229 0.0274141195082
3.14447543437 0.0261546507932
3.1427758913 0.024358716668
3.14107804077 0.0241584729183
3.13938188047 0.0238351878527
3.1376874081 0.0245584644574
3.13599462135 0.0254903309797
3.13430351793 0.0255271785545
3.13261409555 0.0240476437305
3.13092635192 0.0207429203149
3.12924028476 0.0210455589358
3.12755589178 0.0243651126862
3.1258731707 0.0266528216894
3.12419211927 0.0237054519602
3.1225127352 0.0235165898119
3.12083501624 0.0254431986885
3.11915896012 0.0244036429018
3.11748456459 0.0204780812833
3.11581182739 0.023299726638
3.11414074628 0.0269073754673
3.11247131902 0.0261013117743
3.11080354336 0.0222310536274
3.10913741706 0.0248159375111
3.1074729379 0.0239817709193
3.10581010364 0.0231225299189
3.10414891207 0.0228316545466
3.10248936096 0.0253032740523
3.10083144808 0.0226695354559
3.09917517125 0.0211286820337
3.09752052823 0.0215101299987
3.09586751683 0.0221004146823
3.09421613484 0.0225841907713
3.09256638007 0.0223234593577
3.09091825033 0.0238405918713
3.08927174342 0.0249010667512
3.08762685716 0.0245121011286
3.08598358937 0.022628845836
3.08434193786 0.0241010328882
3.08270190047 0.0244026353453
3.08106347502 0.0224772809534
3.07942665935 0.0218047094723
3.07779145129 0.0253495493431
3.07615784868 0.0237126132505
3.07452584938 0.0215170469691
3.07289545122 0.0202572507594
3.07126665206 0.0236460310312
3.06963944975 0.0222143612209
3.06801384216 0.0214205547835
3.06638982714 0.0241396364942
3.06476740257 0.0212036794538
3.06314656631 0.0190916028999
3.06152731624 0.0171801516542
3.05990965024 0.0200140861904
3.05829356618 0.0241960882235
3.05667906196 0.0228771691274
3.05506613546 0.0223644558595
3.05345478457 0.0230341690357
3.0518450072 0.0214886496105
3.05023680124 0.0184102696354
3.0486301646 0.0211287794773
3.04702509517 0.0222193573109
3.04542159088 0.0226840921611
3.04381964964 0.0210582167863
3.04221926937 0.0224421641082
3.04062044798 0.0220418107663
3.0390231834 0.0226283042887
3.03742747357 0.0198648696266
3.03583331641 0.0218793936382
3.03424070986 0.0220350610871
3.03264965186 0.0219110019363
3.03106014035 0.0188091662581
3.02947217328 0.0194786581556
3.02788574861 0.0218497922149
3.02630086427 0.0192639142663
3.02471751824 0.0202855444631
3.02313570847 0.0216950553946
3.02155543292 0.0210942481176
3.01997668957 0.0180608181456
3.01839947638 0.0190170974763
3.01682379134 0.0227177630573
3.01524963241 0.0196972858565
3.01367699758 0.0186776730501
3.01210588484 0.0185820401782
3.01053629217 0.0190958867631
3.00896821757 0.0178248178868
3.00740165902 0.0180769055667
3.00583661454 0.0189971125142
3.00427308212 0.0195798067256
3.00271105978 0.0178951467442
3.0011505455 0.0155327550853
2.99959153732 0.0197133296597
2.99803403325 0.0204216327229
2.9964780313 0.0197596116664
2.9949235295 0.0192424375821
2.99337052588 0.0226814004768
2.99181901846 0.0193901254896
2.99026900528 0.0170847285487
2.98872048438 0.0164573035677
2.98717345379 0.0209868774894
2.98562791155 0.0200392464695
2.98408385572 0.0201981363353
2.98254128434 0.0202130485737
2.98100019547 0.0186984815252
2.97946058716 0.0177418916186
2.97792245747 0.0163345533449
2.97638580447 0.0189017063292
2.97485062622 0.0176065328072
2.97331692079 0.017339826904
2.97178468626 0.0162986783981
2.97025392069 0.0166403662697
2.96872462217 0.0141502838914
2.96719678879 0.0130024401297
2.96567041862 0.0158278911232
2.96414550976 0.018716545876
2.96262206029 0.0187714582297
2.96110006832 0.0162149085204
2.95957953195 0.015320732459
2.95806044927 0.0127836535601
2.95654281839 0.0128225922071
2.95502663742 0.0134704797143
2.95351190447 0.0169045241457
2.95199861766 0.0177039405262
2.9504867751 0.0159647783027
2.94897637492 0.0171315987705
2.94746741523 0.0135680277317
2.94595989417 0.0144466662282
2.94445380987 0.0117436277387
2.94294916047 0.0167376953657
2.94144594408 0.0184126382152
2.93994415887 0.0173050498207
2.93844380297 0.0120345680459
2.93694487453 0.0133976306525
2.9354473717 0.0138744334838
2.93395129263 0.0143586162836
2.93245663547 0.0138831873559
2.93096339839 0.0150902745314
2.92947157954 0.0154036513458
2.9279811771 0.0122865317498
2.92649218923 0.0125752799593
2.9250046141 0.0115071587685
2.92351844989 0.0122214002053
2.92203369477 0.0141191186798
2.92055034692 0.0127399936723
2.91906840453 0.0157863958022
2.91758786578 0.0162352170252
2.91610872887 0.0143210504315
2.91463099199 0.0132163985166
2.91315465332 0.0119397823678
2.91167971107 0.0121389801278
2.91020616345 0.0123123089928
2.90873400865 0.0129251111123
2.90726324489 0.0149519728641
2.90579387037 0.0137462698058
2.90432588331 0.0131544618739
2.90285928192 0.0113446373309
2.90139406443 0.0146428507823
2.89993022906 0.0128311460735
2.89846777403 0.01344415082
2.89700669757 0.0154197635579
2.89554699791 0.0132598919447
2.89408867329 0.0105759852529
2.89263172194 0.0151957563137
2.89117614211 0.0126423013258
2.88972193203 0.0116275031336
2.88826908996 0.0119997575552
2.88681761414 0.0111683530566
2.88536750283 0.0117138924073
2.88391875428 0.0118318032753
2.88247136674 0.0117396477322
2.88102533848 0.00989928621719
2.87958066777 0.0107589072818
2.87813735286 0.0104862786018
2.87669539203 0.00945818348409
2.87525478354 0.0138578999984
2.87381552569 0.0124059512864
2.87237761673 0.0109483186521
2.87094105496 0.0112668121801
2.86950583865 0.00988507431162
2.8680719661 0.00785255651275
2.86663943559 0.0074316280935
2.86520824541 0.00916620158849
2.86377839387 0.0100697960332
2.86234987925 0.00914559298767
2.86092269986 0.00906879947833
2.85949685399 0.00895488249818
2.85807233997 0.0100728245489
2.85664915609 0.00990834616167
2.85522730067 0.0103464737624
2.85380677202 0.011756038333
2.85238756846 0.0101822207426
2.85096968831 0.00865049532304
2.8495531299 0.00893462683561
2.84813789154 0.0107056450919
2.84672397156 0.00966998428942
2.84531136831 0.00971931929641
2.8439000801 0.0109528161187
2.84249010529 0.0105823956818
2.8410814422 0.0106304874942
2.83967408918 0.00809381594506
2.83826804457 0.0101972721742
2.83686330672 0.0113682256357
2.83545987399 0.00803052664758
2.83405774472 0.00968818178702
2.83265691727 0.00940531933564
2.83125739 0.00904451047907
2.82985916126 0.00712652643864
2.82846222944 0.00891454273771
2.82706659287 0.00958730555092
2.82567224995 0.00881889982838
2.82427919904 0.0104237056588
2.82288743851 0.0110287494138
2.82149696675 0.0111332486279
2.82010778212 0.00911309251111
2.81871988302 0.00939468092675
2.81733326782 0.0102424476411
2.81594793492 0.00966112979196
2.81456388271 0.0113036762228
2.81318110958 0.00967798383046
2.81179961392 0.0110220184497
2.81041939413 0.00811934179223
2.80904044861 0.00954313631879
2.80766277578 0.00894643218605
2.80628637402 0.00887749285713
2.80491124175 0.0107254771753
2.80353737739 0.00934564287482
2.80216477934 0.00997545138655
2.80079344602 0.0110426084379
2.79942337586 0.00703447211897
2.79805456726 0.00734093207362
2.79668701866 0.00937026056148
2.79532072848 0.00941932868043
2.79395569516 0.00843083458588
2.79259191711 0.00941380196906
2.79122939278 0.00981304573299
2.78986812061 0.0088879408352
2.78850809903 0.00994883404582
2.78714932648 0.010365355133
2.78579180142 0.0101115983482
2.78443552227 0.00985068844349
2.78308048751 0.00981982735706
2.78172669557 0.0102817366858
2.78037414491 0.008398071351
2.77902283398 0.00962329694944
2.77767276126 0.00978267950188
2.77632392519 0.0105027719736
2.77497632425 0.00977767852371
2.77362995689 0.00851002117114
2.7722848216 0.0103573892328
2.77094091683 0.0102133282544
2.76959824107 0.00997195050406
2.76825679279 0.0101234689896
2.76691657048 0.00947862930085
2.7655775726 0.00938031105611
2.76423979765 0.00848696427193
2.76290324411 0.00813177386853
2.76156791047 0.0102321292637
2.76023379523 0.00993178484808
2.75890089687 0.00901400246035
2.75756921389 0.0112470172475
2.7562387448 0.010859595404
2.75490948808 0.010088167816
2.75358144225 0.00855792549687
2.75225460581 0.00798349765634
2.75092897727 0.00889498866334
2.74960455514 0.0100450898595
2.74828133793 0.00917009527042
2.74695932415 0.0102969202012
2.74563851234 0.0105228848582
2.74431890099 0.0113797925507
2.74300048865 0.0103643959824
2.74168327383 0.0116788822802
2.74036725505 0.0088587247755
2.73905243086 0.0095645910712
2.73773879977 0.0105554228784
2.73642636033 0.0101691332277
2.73511511108 0.0103520630577
2.73380505054 0.0103928632157
2.73249617726 0.00910655354232
2.73118848979 0.0090982109508
2.72988198667 0.0100441603077
2.72857666645 0.0104436167901
2.72727252767 0.0114777519793
2.7259695689 0.0118078793921
2.72466778869 0.0107331578216
2.72336718559 0.0104906621686
2.72206775816 0.0118177500834
2.72076950498 0.0115651338162
2.71947242459 0.00981712012157
2.71817651557 0.00928535796262
2.71688177648 0.00988754249938
2.7155882059 0.0106928772404
2.7142958024 0.0111900510806
2.71300456456 0.0115437991112
2.71171449095 0.0118227302096
2.71042558015 0.0116056123965
2.70913783075 0.0111768023773
2.70785124133 0.0118674862832
2.70656581048 0.0111779728523
2.70528153679 0.00969155565267
2.70399841884 0.0110506736681
2.70271645524 0.01214680182
2.70143564457 0.0109479914893
2.70015598544 0.0109709822478
2.69887747644 0.0113623253299
2.69760011618 0.0106796445033
2.69632390327 0.0115499619325
2.6950488363 0.012357746548
2.69377491389 0.0116475870636
2.69250213465 0.0116444248178
2.6912304972 0.0111053175257
2.68996000014 0.0111026829009
2.6886906421 0.0114028782834
2.6874224217 0.012113962262
2.68615533756 0.0119614511511
2.6848893883 0.012157537222
2.68362457255 0.0128179427227
2.68236088893 0.0123762484475
2.68109833609 0.0120154576781
2.67983691265 0.0109829966747
2.67857661725 0.0123761395091
2.67731744852 0.011818280159
2.6760594051 0.011126992683
2.67480248564 0.0103852235499
2.67354668878 0.0115967295825
2.67229201316 0.0110077949465
2.67103845744 0.0114307894709
2.66978602026 0.012056725976
2.66853470027 0.0121033891709
2.66728449613 0.011287350441
2.6660354065 0.00991655338808
2.66478743003 0.0101888823416
2.66354056539 0.0101459260593
2.66229481123 0.00989727770194
2.66105016623 0.0103227339037
2.65980662904 0.0110959151951
2.65856419835 0.0123688968398
2.65732287281 0.0117246505206
2.6560826511 0.0104914773542
2.6548435319 0.0107384600885
2.65360551389 0.0111041847041
2.65236859573 0.0112132995532
2.65113277613 0.0109777306776
2.64989805375 0.0112170229251
2.64866442728 0.0130660214407
2.64743189542 0.0125024772979
2.64620045684 0.012206060958
2.64497011025 0.0129907120959
2.64374085434 0.0115854550127
2.64251268779 0.0110548155329
2.64128560932 0.0115807269458
2.64005961761 0.0120858135627
2.63883471138 0.0122946198022
2.63761088932 0.0120140820387
2.63638815014 0.0129017177979
2.63516649255 0.0134292816144
2.63394591525 0.0126915882922
2.63272641697 0.0125619465186
2.63150799641 0.0118076438112
2.63029065229 0.0115845222911
2.62907438332 0.0112805953539
2.62785918823 0.0115303371372
2.62664506574 0.0113851706282
2.62543201458 0.0119175314992
2.62422003345 0.0121580306032
2.62300912111 0.0105620418597
2.62179927627 0.0113106601478
2.62059049767 0.0120046892606
2.61938278403 0.013451033565
2.61817613411 0.0128054184828
2.61697054662 0.012879978311
2.61576602032 0.0138437679458
2.61456255394 0.0134221855136
2.61336014623 0.0144891042175
2.61215879593 0.0132130710963
2.61095850179 0.0131776032623
2.60975926256 0.0131062601339
2.60856107699 0.0132148248449
2.60736394383 0.0133462863707
2.60616786184 0.0132253441458
2.60497282977 0.0129545207707
2.60377884639 0.0131307029197
2.60258591045 0.0129043708559
2.60139402072 0.0145639711095
2.60020317595 0.0142843407722
2.59901337492 0.0135819976295
2.5978246164 0.0135550817314
2.59663689915 0.0134009815325
2.59545022195 0.0140689721303
2.59426458358 0.0137591721429
2.59307998279 0.0142256183525
2.59189641838 0.0135935054731
2.59071388913 0.0134943100143
2.58953239381 0.0147120172956
2.58835193121 0.0141397534069
2.58717250011 0.0142119224556
2.58599409931 0.0145435882982
2.58481672758 0.0145764662195
2.58364038372 0.0145370767858
2.58246506652 0.014195473975
2.58129077478 0.0131544069573
2.5801175073 0.0133314271402
2.57894526286 0.0128963104453
2.57777404028 0.0140664736419
2.57660383835 0.0145245200122
2.57543465587 0.0143307733806
2.57426649166 0.0148964297757
2.57309934451 0.0143449109806
2.57193321325 0.0145629951513
2.57076809667 0.0145571030012
2.56960399359 0.015616766362
2.56844090283 0.0152548619947
2.5672788232 0.015165519953
2.56611775352 0.0147530058365
2.56495769261 0.0151466548335
2.56379863929 0.0143910773933
2.56264059238 0.0139123516728
2.56148355072 0.0134153178122
2.56032751312 0.0141827944302
2.55917247842 0.0145199693134
2.55801844544 0.0138886680458
2.55686541302 0.0148505883235
2.55571338 0.0144648421823
2.5545623452 0.0153158960393
2.55341230747 0.0153756401746
2.55226326565 0.0141155085744
2.55111521857 0.0149922402852
2.54996816508 0.014966714476
2.54882210403 0.0148664296236
2.54767703426 0.0143489766151
2.54653295461 0.0151852768014
2.54538986395 0.0152998995611
2.54424776111 0.0153879300612
2.54310664496 0.0155447231548
2.54196651435 0.0155850137439
2.54082736813 0.0152063121272
2.53968920517 0.0152207025268
2.53855202433 0.0149182662706
2.53741582446 0.0152164176887
2.53628060443 0.0154939140572
2.5351463631 0.0152192638394
2.53401309935 0.0146641163078
2.53288081204 0.0139720197182
2.53174950004 0.014199866986
2.53061916223 0.0144935367497
2.52948979747 0.0143884656383
2.52836140465 0.0140935871279
2.52723398264 0.0140151615529
2.52610753033 0.0148351073196
2.52498204658 0.0153897447786
2.52385753029 0.0148584408554
2.52273398033 0.014525019034
2.5216113956 0.0147226255834
2.52048977498 0.0149456267224
2.51936911735 0.0153243019407
2.51824942162 0.0149194793208
2.51713068667 0.0148163093013
2.5160129114 0.014253280785
2.51489609471 0.0140381020543
2.51378023548 0.0146149041596
2.51266533262 0.015049929593
2.51155138503 0.0154831066605
2.51043839162 0.0151175325767
2.50932635128 0.0152448447552
2.50821526292 0.0149376311543
2.50710512545 0.0145427921903
2.50599593778 0.0151523426817
2.50488769882 0.0159550992244
2.50378040748 0.0155647167165
2.50267406267 0.0160530064169
2.50156866332 0.016333742386
2.50046420833 0.0156229658426
2.49936069662 0.0150591877489
2.49825812713 0.0151728101707
2.49715649876 0.0153736333643
2.49605581044 0.015610373865
2.49495606109 0.0165766806418
2.49385724965 0.0160808002272
2.49275937505 0.0160328471776
2.4916624362 0.0163541061475
2.49056643204 0.0164120676674
2.48947136151 0.0155075085138
2.48837722354 0.0147926944749
2.48728401707 0.0153161286307
2.48619174103 0.0157204084949
2.48510039436 0.0162047361349
2.48400997601 0.0156410599868
2.48292048491 0.0167565089555
2.48183192002 0.0164829471011
2.48074428027 0.0159126182468
2.47965756462 0.0163447308198
2.478571772 0.0159712950676
2.47748690139 0.0159354671379
2.47640295171 0.0174110861597
2.47531992194 0.0168171489256
2.47423781101 0.0163072516227
2.4731566179 0.017136040654
2.47207634155 0.0178164926021
2.47099698094 0.0171761264435
2.46991853501 0.0170565812037
2.46884100273 0.0173395799757
2.46776438306 0.0173397648558
2.46668867498 0.0170940889031
2.46561387745 0.0168249564441
2.46453998943 0.0171076644369
2.4634670099 0.0169565070169
2.46239493783 0.017430155637
2.4613237722 0.0179051523517
2.46025351197 0.0179433037786
2.45918415612 0.0181854426478
2.45811570364 0.017858325493
2.4570481535 0.0178731230919
2.45598150468 0.0178320277842
2.45491575616 0.0184818052289
2.45385090693 0.0182857649762
2.45278695598 0.0176881337581
2.45172390229 0.0187598506271
2.45066174484 0.0189478330654
2.44960048264 0.0185307281985
2.44854011467 0.0187042731893
2.44748063991 0.0194451586581
2.44642205738 0.0192029094059
2.44536436606 0.0194842975252
2.44430756495 0.0192790735058
2.44325165305 0.0184956486367
2.44219662935 0.0186337777798
2.44114249287 0.0196224570783
2.44008924261 0.0199442828018
2.43903687756 0.0194956360549
2.43798539673 0.0199300534001
2.43693479914 0.019710620709
2.43588508379 0.0197243734198
2.43483624969 0.0193402129169
2.43378829585 0.0198764765618
2.43274122129 0.0198261029995
2.43169502502 0.0200412941633
2.43064970606 0.0206637883057
2.42960526343 0.0204774784085
2.42856169613 0.0201105411364
2.42751900321 0.0208778674669
2.42647718366 0.0205766828284
2.42543623653 0.0197603035806
2.42439616083 0.0204660695906
2.4233569556 0.0208331538607
2.42231861985 0.0207071843266
2.42128115262 0.0204359911774
2.42024455293 0.020244023728
2.41920881983 0.0205958953148
2.41817395233 0.0204372549281
2.41713994949 0.0220106527569
2.41610681033 0.0220719990861
2.41507453388 0.0214737108082
2.4140431192 0.0207692937774
2.41301256532 0.0213058052149
2.41198287128 0.022218220652
2.41095403612 0.0217084320526
2.40992605889 0.0213070970552
2.40889893864 0.0210898308142
2.40787267441 0.0215116863578
2.40684726525 0.0218801387628
2.40582271021 0.0225844809977
2.40479900834 0.0218206708734
2.40377615869 0.0224065986027
2.40275416032 0.0225155816996
2.40173301229 0.0229621705445
2.40071271365 0.0231820125516
2.39969326345 0.0228642302472
2.39867466077 0.0220135735928
2.39765690465 0.0222370312931
2.39663999416 0.0221194597517
2.39562392837 0.0229150269456
2.39460870634 0.0227826216641
2.39359432713 0.0232370279159
2.39258078982 0.023398078649
2.39156809347 0.0235627621529
2.39055623716 0.0238841221985
2.38954521995 0.0236881718044
2.38853504091 0.0231653604399
2.38752569913 0.0232352021604
2.38651719368 0.0240247885263
2.38550952363 0.0238346583586
2.38450268806 0.023239145203
2.38349668606 0.024029028584
2.3824915167 0.0239519066395
2.38148717907 0.0240345787906
2.38048367224 0.0239177449703
2.37948099531 0.0239801174367
2.37847914737 0.0238496719324
2.37747812749 0.0235705861755
2.37647793476 0.0233796821166
2.37547856829 0.0239562137438
2.37448002715 0.0245832339062
2.37348231045 0.0242413240775
2.37248541727 0.0244108186564
2.37148934671 0.0250299364218
2.37049409787 0.0249379138279
2.36949966985 0.0248961024436
2.36850606174 0.0247915135685
2.36751327265 0.0241747909458
2.36652130168 0.0247510174779
2.36553014792 0.0255917510886
2.3645398105 0.0252924760104
2.3635502885 0.0247395608641
2.36256158104 0.0253317210729
2.36157368723 0.0260629871659
2.36058660617 0.0259261112659
2.35960033698 0.0257575524179
2.35861487877 0.0256065402614
2.35763023065 0.0261741767921
2.35664639173 0.0271636049174
2.35566336114 0.0272633863593
2.35468113799 0.0263163981089
2.3536997214 0.0270537196358
2.35271911048 0.0270838698295
2.35173930437 0.0265878725302
2.35076030217 0.0264364202994
2.34978210302 0.0271296643685
2.34880470603 0.02761307839
2.34782811035 0.0272574037174
2.34685231508 0.0278188103278
2.34587731936 0.0277511806084
2.34490312232 0.0278517625803
2.3439297231 0.027748085074
2.34295712081 0.0280510717358
2.34198531461 0.0271732150744
2.34101430361 0.0279466893194
2.34004408696 0.0278816792236
2.33907466379 0.028948054019
2.33810603325 0.0288690102656
2.33713819446 0.028821253267
2.33617114658 0.0289154199341
2.33520488874 0.0293912257394
2.33423942009 0.0293168668728
2.33327473977 0.0294918370046
2.33231084692 0.0299608417151
2.3313477407 0.0296702259998
2.33038542025 0.0300355533992
2.32942388472 0.0293139751223
2.32846313327 0.0302532623863
2.32750316503 0.0305304259829
2.32654397917 0.0299767522561
2.32558557484 0.0299772658758
2.32462795119 0.0299636551946
2.32367110738 0.030543041102
2.32271504257 0.0314438597773
2.32175975592 0.0311476326197
2.32080524659 0.0306841748755
2.31985151373 0.0308139475758
2.31889855651 0.0313634611008
2.3179463741 0.0325158841966
2.31699496566 0.031420373071
2.31604433034 0.0316282722283
2.31509446733 0.0315406118913
2.31414537579 0.0317642647681
2.31319705489 0.0327751846048
2.3122495038 0.0339606491639
2.31130272169 0.0334782215167
2.31035670773 0.0330655552164
2.30941146109 0.033496435514
2.30846698097 0.0331719733228
2.30752326652 0.0334158069107
2.30658031692 0.0342614042881
2.30563813136 0.0336868392397
2.30469670902 0.0333518669721
2.30375604907 0.0331830994373
2.3028161507 0.0342882629665
2.30187701309 0.0345987271261
2.30093863543 0.0356135329437
2.30000101689 0.034972136861
2.29906415668 0.0356745482475
2.29812805397 0.0351450460242
2.29719270795 0.0357984728551
2.29625811782 0.0354326251272
2.29532428276 0.0357965385685
2.29439120197 0.0355911655659
2.29345887465 0.0363200818012
2.29252729997 0.0354420576266
2.29159647715 0.0364750739777
2.29066640538 0.0363653328754
2.28973708386 0.0364268042569
2.28880851178 0.0355456585004
2.28788068834 0.0363573955307
2.28695361275 0.0361931091375
2.28602728421 0.037557597132
2.28510170193 0.0374967674117
2.2841768651 0.0384642738833
2.28325277293 0.036918951261
2.28232942464 0.0373565628744
2.28140681942 0.0377421008786
2.28048495649 0.0386685759313
2.27956383505 0.0386576997232
2.27864345433 0.038716797608
2.27772381352 0.0383219517939
2.27680491185 0.0390429893754
2.27588674853 0.0392349909457
2.27496932277 0.0394019680051
2.2740526338 0.039008297519
2.27313668082 0.0394948436538
2.27222146306 0.038653930498
2.27130697974 0.0382200933206
2.27039323007 0.0388166896026
2.26948021329 0.0397839573491
2.26856792861 0.0395134005444
2.26765637526 0.0395580448398
2.26674555246 0.039909777324
2.26583545945 0.0401158233493
2.26492609544 0.0396637221425
2.26401745967 0.0397934287992
2.26310955136 0.0401528728438
2.26220236975 0.0396224278081
2.26129591407 0.0398846714972
2.26039018355 0.039991260702
2.25948517742 0.0410414187049
2.25858089493 0.0407810447516
2.2576773353 0.0411280365276
2.25677449778 0.0406994496955
2.25587238159 0.0411976217193
2.25497098599 0.0406990610374
2.25407031021 0.040622775068
2.25317035348 0.0411909451
2.25227111507 0.0423724113648
2.2513725942 0.042786638803
2.25047479012 0.0417353502809
2.24957770208 0.0415377894902
2.24868132933 0.0417538758145
2.2477856711 0.0415265128431
2.24689072666 0.0407012802867
2.24599649525 0.0413344444613
2.24510297611 0.0414836976405
2.24421016851 0.0416820732145
2.24331807169 0.0419696507088
2.24242668491 0.0424972640758
2.24153600743 0.0420803974407
2.24064603849 0.0419642757019
2.23975677736 0.0418776708477
2.23886822329 0.0417307558853
2.23798037555 0.0423631444025
2.23709323338 0.0430075273316
2.23620679606 0.0432801619683
2.23532106285 0.0420084788697
2.234436033 0.0418497661231
2.23355170578 0.0422614063308
2.23266808046 0.0420812813779
2.23178515631 0.0424215290781
2.23090293258 0.0427786255594
2.23002140855 0.043011365627
2.22914058348 0.0425736150381
2.22826045665 0.0425482703484
2.22738102733 0.0426337795661
2.22650229479 0.0422585359557
2.2256242583 0.0422039887299
2.22474691713 0.0435309012078
2.22387027057 0.0432454924953
2.22299431788 0.0422432477647
2.22211905834 0.0432718703181
2.22124449124 0.0426511691904
2.22037061584 0.0425261891979
2.21949743144 0.0429735440855
2.2186249373 0.0432229272013
2.21775313272 0.0434474934296
2.21688201697 0.0430247162628
2.21601158935 0.0433666115188
2.21514184912 0.0431883137768
2.21427279559 0.0423515383018
2.21340442803 0.0425629354365
2.21253674573 0.0426249935062
2.21166974799 0.0432481702645
2.21080343408 0.0436199990838
2.20993780331 0.0436006990504
2.20907285497 0.0427497234471
2.20820858834 0.0425218271013
2.20734500272 0.0423960048781
2.2064820974 0.0424059219402
2.20561987168 0.0430755695435
2.20475832486 0.0437195143907
2.20389745623 0.0430111365357
2.20303726509 0.0418984505237
2.20217775074 0.0422667907199
2.20131891248 0.0428883348658
2.20046074962 0.042426860555
2.19960326144 0.0429706349211
2.19874644727 0.0432275948475
2.19789030639 0.044005998156
2.19703483812 0.042809528385
2.19618004176 0.0428931520922
2.19532591661 0.0433758792155
2.19447246199 0.0427143661292
2.19361967721 0.0425116490708
2.19276756157 0.0423992316223
2.19191611438 0.0423055257102
2.19106533495 0.0425281363705
2.19021522261 0.0419501265209
2.18936577665 0.0423953185814
2.1885169964 0.0426754868437
2.18766888117 0.0429891445488
2.18682143027 0.0418257261748
2.18597464303 0.0420713246593
2.18512851875 0.0427673770368
2.18428305677 0.0420643412005
2.18343825639 0.0419417715508
2.18259411695 0.0424754114636
2.18175063775 0.042725737376
2.18090781813 0.0426034380942
2.18006565741 0.0427638135299
2.1792241549 0.0427264847542
2.17838330995 0.0423660300079
2.17754312186 0.04184741275
2.17670358998 0.0430092963908
2.17586471362 0.0421404910559
2.17502649212 0.0417210193366
2.1741889248 0.0415133522708
2.173352011 0.0414202147873
2.17251575005 0.0414878236755
2.17168014127 0.0410737183815
2.17084518401 0.0416302095153
2.1700108776 0.0418529045485
2.16917722137 0.0417694573122
2.16834421466 0.0419589632265
2.1675118568 0.041677904553
2.16668014714 0.0402998661802
2.16584908501 0.0404232755721
2.16501866975 0.0409505644677
2.1641889007 0.0409340304706
2.16335977721 0.0410180392809
2.1625312986 0.0421076472159
2.16170346424 0.0410714458305
2.16087627346 0.0402855767581
2.16004972561 0.0409047602095
2.15922382002 0.0404493818461
2.15839855606 0.0407414833159
2.15757393306 0.0406984413532
2.15674995038 0.041544004363
2.15592660736 0.041185370133
2.15510390335 0.0414511522963
2.15428183771 0.0407022286458
2.15346040979 0.040627013627
2.15263961893 0.040317201178
2.15181946449 0.0401512868763
2.15099994584 0.0400767551019
2.15018106231 0.0401608633609
2.14936281327 0.0394474350997
2.14854519808 0.0389919743871
2.14772821609 0.0394355644663
2.14691186666 0.0406519088392
2.14609614915 0.0392334114669
2.14528106292 0.0377258758143
2.14446660733 0.0376388938471
2.14365278175 0.0391728205928
2.14283958553 0.0395356525875
2.14202701805 0.0409224298089
2.14121507866 0.0410262694716
2.14040376673 0.0400112049048
2.13959308162 0.0388728739446
2.13878302271 0.0376436493418
2.13797358937 0.0383329918659
2.13716478095 0.0393932568881
2.13635659683 0.0408402674098
2.13554903639 0.0420594010043
2.13474209898 0.0429986177646
2.13393578399 0.0419543817767
2.13313009078 0.0364766812577
2.13232501874 0.034663877642
2.13152056723 0.0317375937777
2.13071673563 0.0339932761831
2.12991352332 0.0311974500178
2.12911092967 0.0275868893891
2.12830895407 0.0273477319162
2.12750759588 0.0323920067553
2.12670685449 0.0332391822565
2.12590672929 0.0329525951441
2.12510721964 0.0314907403071
2.12430832494 0.0301921829026
2.12351004456 0.0291242753278
2.1227123779 0.0264382683792
2.12191532432 0.0273735393459
2.12111888323 0.0301083714376
2.120323054 0.0321883888096
2.11952783603 0.0326328778261
2.11873322869 0.032238367707
2.11793923138 0.0339437531751
2.11714584349 0.0363743370707
2.11635306441 0.0345401306635
2.11556089353 0.0326381222709
2.11476933023 0.032135142187
2.11397837392 0.033145914559
2.11318802398 0.0316520880874
2.11239827982 0.0289402481318
2.11160914082 0.0291244364789
2.11082060638 0.0305331511469
2.11003267589 0.0299143906631
2.10924534876 0.0299159074395
2.10845862438 0.0290725316087
2.10767250216 0.0299668029176
2.10688698148 0.0300949026724
2.10610206175 0.0292633219179
2.10531774238 0.0285299256688
2.10453402276 0.0288135293622
2.1037509023 0.0287601140639
2.10296838039 0.0294306935501
2.10218645646 0.0282786994528
2.10140512989 0.0270750815299
2.1006244001 0.0279926966556
2.09984426648 0.0265651814215
2.09906472846 0.0253683808899
2.09828578544 0.0267484948184
2.09750743682 0.0279256766053
2.09672968202 0.0282839294535
2.09595252045 0.0271505709062
2.09517595151 0.0259818392862
2.09439997463 0.0260807670664
2.09362458921 0.0286572978175
2.09284979466 0.0279900906986
2.09207559041 0.0281740234509
2.09130197586 0.0276330263255
2.09052895043 0.0284435467861
2.08975651355 0.0284391240757
2.08898466462 0.0294842779821
2.08821340306 0.0285918203686
2.08744272829 0.0290658930561
2.08667263974 0.0291406149611
2.08590313682 0.0288164321735
2.08513421896 0.0281786657164
2.08436588557 0.0282521397105
2.08359813608 0.0282059367556
2.08283096992 0.0287303168606
2.0820643865 0.0284197830848
2.08129838525 0.0276658748775
2.0805329656 0.0287882723777
2.07976812697 0.028524048184
2.07900386879 0.0291016324913
2.07824019049 0.0310319841728
2.0774770915 0.0307150986305
2.07671457124 0.0283119952041
2.07595262916 0.025761995588
2.07519126466 0.0260133012969
2.0744304772 0.027630246103
2.0736702662 0.0271885464988
2.0729106311 0.0264382320929
2.07215157132 0.0255061613545
2.0713930863 0.025691604703
2.07063517549 0.0264827989876
2.06987783831 0.0270213901799
2.06912107419 0.0262452301253
2.06836488259 0.0272163948374
2.06760926294 0.0259566866216
2.06685421466 0.0246169896546
2.06609973722 0.0250388520373
2.06534583004 0.0253391816845
2.06459249256 0.025275829926
2.06383972424 0.0248610365037
2.0630875245 0.0242925286316
2.0623358928 0.0242864499924
2.06158482858 0.0256596850453
2.06083433128 0.0251778923529
2.06008440035 0.0253363437022
2.05933503523 0.0249746491157
2.05858623537 0.0236864692332
2.05783800023 0.0231669075505
2.05709032924 0.0239871412853
2.05634322185 0.0245729317448
2.05559667752 0.0241411460767
2.0548506957 0.0238822016992
2.05410527583 0.023456390988
2.05336041737 0.0241627536486
2.05261611977 0.0238704860208
2.05187238249 0.0240052279737
2.05112920498 0.0234079614415
2.05038658668 0.0237029080797
2.04964452707 0.0232047927577
2.04890302559 0.0218029179372
2.0481620817 0.0227772181465
2.04742169486 0.0226821338675
2.04668186453 0.0232128756878
2.04594259016 0.0220867372213
2.04520387121 0.0226444976666
2.04446570715 0.0233103099491
2.04372809744 0.0227375574506
2.04299104153 0.0215852458569
2.0422545389 0.0219811339383
2.04151858899 0.0238513098459
2.04078319128 0.0222547718364
2.04004834523 0.0222319037503
2.03931405031 0.0222978053184
2.03858030597 0.0231828231139
2.0378471117 0.0229524022306
2.03711446695 0.021784315682
2.03638237119 0.0212566083415
2.03565082389 0.0233783391749
2.03491982452 0.0230574520268
2.03418937255 0.021539526497
2.03345946745 0.0215976876179
2.03273010869 0.022676593862
2.03200129574 0.0223205414283
2.03127302808 0.0216903661931
2.03054530518 0.0227484781342
2.0298181265 0.0232834417477
2.02909149154 0.0226511587633
2.02836539975 0.022336553343
2.02763985063 0.0226090549422
2.02691484363 0.0230554821985
2.02619037825 0.0227154200054
2.02546645396 0.0214461244278
2.02474307023 0.0226780763501
2.02402022655 0.0224050845723
2.0232979224 0.0219969060306
2.02257615725 0.0220968890222
2.02185493059 0.0221902961946
2.0211342419 0.0222514324872
2.02041409066 0.0220960491502
2.01969447636 0.0225407179207
2.01897539848 0.0226624748468
2.0182568565 0.0227972568168
2.01753884991 0.0213242825489
2.01682137819 0.02195826772
2.01610444083 0.0227551937731
2.01538803732 0.0225750064729
2.01467216714 0.0203778839088
2.01395682979 0.0207043184172
2.01324202475 0.0225966771292
2.01252775151 0.0217913676638
2.01181400957 0.0214226219572
2.0111007984 0.0215125554668
2.01038811752 0.0217709311088
2.00967596639 0.0213423977375
2.00896434453 0.0202873482378
2.00825325142 0.0213669817528
2.00754268656 0.0215724782468
2.00683264944 0.0202355704874
2.00612313956 0.0198068609428
2.00541415641 0.0210542211235
2.00470569949 0.021641210093
2.0039977683 0.0191660497426
2.00329036233 0.0199759862506
2.00258348109 0.0207673099631
2.00187712407 0.0196949815534
2.00117129078 0.0197396141887
2.0004659807 0.0198841534104
1.99976119336 0.0202554751332
1.99905692823 0.0193333792071
1.99835318484 0.0186784972054
1.99764996268 0.019383260707
1.99694726125 0.0200923420746
1.99624508006 0.0194849046576
1.99554341862 0.0194274671477
1.99484227642 0.0200787075194
1.99414165298 0.0199930605281
1.99344154781 0.0196560017878
1.9927419604 0.0184772898073
1.99204289027 0.0196228184645
1.99134433693 0.01922694958
1.99064629988 0.0188491274798
1.98994877864 0.0179624263553
1.98925177271 0.0197351475732
1.98855528161 0.0188304529754
1.98785930485 0.0182735029656
1.98716384194 0.0180603956157
1.98646889239 0.0188837714289
1.98577445572 0.0188424367928
1.98508053144 0.0184250175021
1.98438711907 0.0183504386144
1.98369421812 0.0190268971877
1.9830018281 0.0175711433901
1.98230994854 0.0176471513478
1.98161857895 0.0175603569913
1.98092771885 0.0189623579434
1.98023736775 0.0190007984494
1.97954752518 0.0172893908541
1.97885819066 0.0172311860661
1.9781693637 0.016797041212
1.97748104382 0.0168216396225
1.97679323056 0.0166346869587
1.97610592342 0.0175198592474
1.97541912194 0.0179634591314
1.97473282563 0.0174959229413
1.97404703401 0.0167846451622
1.97336174663 0.0172457270019
1.97267696299 0.017025381309
1.97199268262 0.0162632261476
1.97130890505 0.0168295368842
1.97062562981 0.0178171218483
1.96994285642 0.0179716043514
1.96926058442 0.0160211309938
1.96857881332 0.0173318163797
1.96789754266 0.0177948674707
1.96721677198 0.0177195525625
1.96653650079 0.0164578242738
1.96585672863 0.0161963305704
1.96517745503 0.0163854708664
1.96449867952 0.01542187121
1.96382040164 0.0155556018349
1.96314262092 0.0167842060918
1.96246533689 0.0165035091993
1.96178854908 0.0158975917169
1.96111225704 0.0165866683699
1.96043646029 0.0168180116066
1.95976115838 0.0168620134047
1.95908635084 0.0153983542676
1.9584120372 0.0164202990213
1.95773821701 0.0164594285433
1.9570648898 0.0168009778293
1.95639205511 0.0151640418403
1.95571971248 0.0152351585543
1.95504786146 0.0155474203759
1.95437650158 0.0160993676797
1.95370563237 0.0165356268867
1.9530352534 0.0163089026222
1.95236536419 0.0167557989543
1.95169596429 0.0155505108172
1.95102705324 0.0156408095926
1.95035863059 0.0162684163877
1.94969069588 0.0167851207316
1.94902324866 0.0156567949506
1.94835628847 0.0159204298384
1.94768981486 0.0159755074424
1.94702382738 0.0162372330031
1.94635832557 0.0157836174187
1.94569330898 0.0156652239289
1.94502877716 0.0163989971352
1.94436472966 0.0161335291908
1.94370116602 0.0163078506533
1.94303808581 0.0162386859182
1.94237548856 0.016381859813
1.94171337384 0.0162167968393
1.94105174118 0.015263279278
1.94039059015 0.0156679239984
1.9397299203 0.0161552111524
1.93906973118 0.0163887313326
1.93841002234 0.0161043956594
1.93775079334 0.0159078545487
1.93709204374 0.015976155601
1.93643377309 0.0141990486331
1.93577598094 0.0147763186541
1.93511866686 0.016092487913
1.9344618304 0.0167499887193
1.93380547111 0.0153710475212
1.93314958856 0.015578723313
1.93249418231 0.0163322480004
1.93183925192 0.0159602170702
1.93118479693 0.0155711403618
1.93053081693 0.0149207409561
1.92987731146 0.0163531596136
1.92922428009 0.0165132326142
1.92857172238 0.0162220256691
1.92791963789 0.0175650756989
1.92726802619 0.0170612734384
1.92661688684 0.015838193025
1.92596621941 0.0154814794044
1.92531602345 0.0165227512111
1.92466629854 0.0166665893546
1.92401704424 0.015635356215
1.92336826012 0.0160206513914
1.92271994574 0.0167714153448
1.92207210068 0.0162155474125
1.92142472449 0.0150819968391
1.92077781675 0.01575410238
1.92013137703 0.017470193159
1.9194854049 0.0173057095572
1.91883989992 0.0169164824706
1.91819486167 0.0165444770947
1.91755028972 0.0167112521638
1.91690618364 0.0164676434202
1.91626254301 0.015946049616
1.91561936739 0.0163646373725
1.91497665635 0.0178964331965
1.91433440949 0.0167557242162
1.91369262635 0.0157741255914
1.91305130654 0.0158313759
1.9124104496 0.0168713564264
1.91177005514 0.0161722112336
1.91113012271 0.0169010829333
1.91049065189 0.0182279463818
1.90985164228 0.0174898637954
1.90921309343 0.0167843231746
1.90857500493 0.0159472129174
1.90793737637 0.0170671424269
1.90730020731 0.0173104169984
1.90666349734 0.0176122193378
1.90602724604 0.0177152804348
1.90539145299 0.018778807865
1.90475611777 0.0186715419756
1.90412123997 0.01692544228
1.90348681916 0.0174662747674
1.90285285493 0.0183779140188
1.90221934687 0.018655359521
1.90158629455 0.0175761794517
1.90095369756 0.018543759725
1.90032155549 0.019145845162
1.89968986792 0.0187054819809
1.89905863444 0.0180462889311
1.89842785464 0.0199704643575
1.89779752809 0.0208883644
1.8971676544 0.0200605205619
1.89653823315 0.0194763808572
1.89590926392 0.0194947699125
1.8952807463 0.0199385403716
1.89465267989 0.0192213102314
1.89402506428 0.0200396048638
1.89339789905 0.0219874892755
1.89277118379 0.0216607914438
1.89214491811 0.0209205070366
1.89151910158 0.021894274842
1.89089373381 0.0233994160493
1.89026881438 0.0231555269829
1.88964434289 0.0229102044518
1.88902031894 0.0237835954865
1.88839674211 0.0244981619408
1.887773612 0.026171287735
1.88715092821 0.0243263385583
1.88652869034 0.0253735143175
1.88590689798 0.0254449975251
1.88528555072 0.0255542074553
1.88466464817 0.025886916336
1.88404418992 0.0278192255324
1.88342417558 0.0296398341714
1.88280460473 0.0279208324505
1.88218547698 0.028757170088
1.88156679193 0.0302596621127
1.88094854918 0.0307987161429
1.88033074833 0.0303230480617
1.87971338899 0.0327584126618
1.87909647074 0.0345577182697
1.8784799932 0.0345234523555
1.87786395597 0.033822915438
1.87724835865 0.0351865229087
1.87663320085 0.0358296378358
1.87601848217 0.0363628386475
1.87540420221 0.036324590734
1.87479036057 0.0379288820578
1.87417695688 0.0385571611502
1.87356399072 0.0385822820909
1.87295146171 0.0386522755214
1.87233936946 0.0408033193794
1.87172771356 0.0430782053348
1.87111649364 0.0425569218608
1.8705057093 0.0433304704674
1.86989536014 0.045165762243
1.86928544577 0.0441996621288
1.86867596582 0.0435040172411
1.86806691988 0.042744951064
1.86745830756 0.048163025208
1.86685012849 0.0469087134747
1.86624238226 0.0472013344218
1.8656350685 0.048674026941
1.86502818681 0.048585129985
1.86442173681 0.04756014848
1.86381571811 0.0486785420695
1.86321013033 0.0514505556332
1.86260497308 0.0523501262091
1.86200024597 0.0524025056547
1.86139594862 0.0528473117549
1.86079208064 0.0557241399717
1.86018864166 0.0549770794144
1.85958563129 0.0541598885261
1.85898304914 0.0551240360943
1.85838089484 0.0582229623263
1.857779168 0.0587652621674
1.85717786824 0.0574101424001
1.85657699518 0.057911629947
1.85597654843 0.059515016938
1.85537652763 0.0595799881897
1.85477693239 0.0585396481247
1.85417776232 0.0602230013263
1.85357901706 0.0647370353881
1.85298069622 0.0647824040351
1.85238279943 0.0635461379306
1.8517853263 0.0649698984148
1.85118827647 0.0645816398834
1.85059164955 0.0645887027792
1.84999544517 0.0644569014075
1.84939966295 0.0656422350869
1.84880430252 0.0671153536808
1.8482093635 0.0670144349709
1.84761484552 0.067617203359
1.84702074821 0.0683844885674
1.84642707119 0.0676020057946
1.84583381409 0.0674877474527
1.84524097653 0.0662265544655
1.84464855815 0.0673341480654
1.84405655857 0.068087268016
1.84346497743 0.0684744470853
1.84287381434 0.0700443704952
1.84228306895 0.0718646599277
1.84169274088 0.0716126842725
1.84110282976 0.0705598553548
1.84051333522 0.0695778230073
1.8399242569 0.0698918578106
1.83933559442 0.0689167450686
1.83874734742 0.0709203860763
1.83815951553 0.0724673379251
1.83757209839 0.0724404779909
1.83698509563 0.073240279367
1.83639850687 0.0722202431809
1.83581233177 0.074096866805
1.83522656995 0.0734128163783
1.83464122104 0.0730685883533
1.83405628469 0.0728628001397
1.83347176053 0.072650292311
1.83288764819 0.0734543975896
1.83230394732 0.0735163014024
1.83172065754 0.072590353688
1.83113777851 0.0736685558653
1.83055530985 0.0738450275956
1.82997325121 0.0749469605514
1.82939160223 0.0732354832357
1.82881036254 0.0748221555369
1.82822953179 0.0753293018471
1.82764910961 0.074200922559
1.82706909564 0.074417203954
1.82648948954 0.0746466753017
1.82591029093 0.0750184272221
1.82533149947 0.0734360587247
1.82475311479 0.0738727186005
1.82417513654 0.0762217300137
1.82359756436 0.073341387541
1.8230203979 0.0725283510541
1.8224436368 0.073939682874
1.8218672807 0.07457129057
1.82129132924 0.0746951572527
1.82071578209 0.0748659353711
1.82014063887 0.0764665966464
1.81956589925 0.0756326597263
1.81899156285 0.0751564112757
1.81841762934 0.0757914000525
1.81784409836 0.0745346029573
1.81727096955 0.0745040910266
1.81669824257 0.0753096439881
1.81612591706 0.0732347085092
1.81555399268 0.0749620923408
1.81498246907 0.0755268095787
1.81441134589 0.0732835852302
1.81384062277 0.0716535425614
1.81327029939 0.0736453103278
1.81270037538 0.0749405308979
1.8121308504 0.0742981206354
1.8115617241 0.07430611846
1.81099299613 0.0764418558597
1.81042466614 0.0746006364822
1.8098567338 0.0744420555051
1.80928919875 0.075498263208
1.80872206065 0.074441343184
1.80815531915 0.0755938971905
1.8075889739 0.074481443258
1.80702302457 0.0747830238006
1.80645747081 0.0755630249457
1.80589231227 0.0769489058407
1.80532754861 0.0752074364883
1.80476317949 0.0760189655212
1.80419920456 0.077255499267
1.80363562349 0.0782320091826
1.80307243593 0.0744927382764
1.80250964154 0.0748966286435
1.80194723998 0.0786374553211
1.8013852309 0.0785554936931
1.80082361398 0.0760335226282
1.80026238886 0.0744055490463
1.79970155521 0.0760822613811
1.7991411127 0.0774023425512
1.79858106097 0.07682743836
1.7980213997 0.0754838537295
1.79746212854 0.0753640611036
1.79690324716 0.0741384925313
1.79634475522 0.0740382066596
1.79578665238 0.0749004633958
1.79522893832 0.0755187803123
1.79467161268 0.0758405207965
1.79411467514 0.0763687955809
1.79355812536 0.0764697252877
1.79300196301 0.0782597768424
1.79244618776 0.0789133534206
1.79189079926 0.0755094345591
1.79133579718 0.0749155595614
1.7907811812 0.0779044694839
1.79022695098 0.0774279966873
1.78967310618 0.0741979359101
1.78911964648 0.0740667753568
1.78856657154 0.0750503039844
1.78801388104 0.0763103225352
1.78746157463 0.0775411747899
1.786909652 0.0783743569371
1.7863581128 0.0791082772473
1.78580695672 0.0780686861359
1.78525618342 0.0778707817083
1.78470579257 0.0769487482736
1.78415578384 0.0763823871372
1.78360615692 0.0772150266257
1.78305691146 0.0794287701964
1.78250804714 0.074478462391
1.78195956363 0.0754365317142
1.78141146061 0.0770202332892
1.78086373776 0.07847016985
1.78031639473 0.0765321418227
1.77976943122 0.0753750460525
1.77922284689 0.076251469221
1.77867664142 0.0755457340814
1.77813081449 0.0780091565283
1.77758536576 0.0798329489381
1.77704029493 0.0784808162447
1.77649560166 0.0797964539166
1.77595128563 0.0779161682026
1.77540734652 0.0783906046212
1.774863784 0.0771979790189
1.77432059776 0.0808862172007
1.77377778748 0.0792186910359
1.77323535283 0.0759351491553
1.77269329348 0.0787200826004
1.77215160913 0.0803446091466
1.77161029946 0.0789629275548
1.77106936413 0.0784510945727
1.77052880284 0.078424955606
1.76998861526 0.0809945061533
1.76944880107 0.0800827687703
1.76890935997 0.081764357096
1.76837029162 0.0810098675581
1.76783159572 0.0820981590443
1.76729327194 0.083907218783
1.76675531997 0.080498476386
1.76621773949 0.0818405495055
1.76568053019 0.0810336073168
1.76514369175 0.0813017075298
1.76460722385 0.0796130899908
1.76407112619 0.0799699745734
1.76353539844 0.0822675837404
1.7630000403 0.0855019059652
1.76246505144 0.0842441663021
1.76193043156 0.0822028038722
1.76139618034 0.0832207153018
1.76086229748 0.0827575863621
1.76032878265 0.0834798669354
1.75979563554 0.0833516582351
1.75926285585 0.0830321704629
1.75873044326 0.0838907417338
1.75819839746 0.0877050224227
1.75766671815 0.0879624937895
1.757135405 0.0867033450866
1.75660445772 0.0862527623723
1.75607387599 0.086122758711
1.7555436595 0.0857486002501
1.75501380794 0.0881000171512
1.75448432101 0.0877802307132
1.7539551984 0.0855822975919
1.7534264398 0.0862183279631
1.7528980449 0.0893152064301
1.7523700134 0.0900241094453
1.75184234498 0.089640879252
1.75131503935 0.0891978850828
1.75078809619 0.0920177365235
1.75026151521 0.0898112751061
1.74973529609 0.0893262436591
1.74920943853 0.088141764095
1.74868394223 0.0892379686731
1.74815880688 0.0898375231937
1.74763403218 0.0897338168408
1.74710961783 0.0889263316411
1.74658556351 0.0885100189076
1.74606186894 0.0896506943557
1.7455385338 0.0887291773218
1.7450155578 0.0897755084114
1.74449294063 0.0907007934426
1.74397068199 0.0916526471095
1.74344878158 0.0900426106577
1.7429272391 0.0905559369166
1.74240605424 0.0902695003719
1.74188522672 0.0888664227247
1.74136475623 0.0902804714893
1.74084464247 0.0897222593719
1.74032488513 0.0896724789989
1.73980548393 0.0894766122734
1.73928643856 0.0883581470558
1.73876774873 0.0898290275647
1.73824941414 0.089455398723
1.73773143449 0.0905504541846
1.73721380948 0.0909383905348
1.73669653881 0.0914301929772
1.7361796222 0.0917954046258
1.73566305935 0.0939936628646
1.73514684995 0.0952759557307
1.73463099371 0.0937235131878
1.73411549035 0.092732547004
1.73360033956 0.0927640870263
1.73308554104 0.0926000638189
1.73257109452 0.0946056007818
1.73205699968 0.0941542714086
1.73154325625 0.0925482341781
1.73102986392 0.0924530890774
1.7305168224 0.094503614605
1.73000413141 0.0957962710359
1.72949179064 0.0945360500213
1.72897979981 0.0932701361585
1.72846815862 0.0956362621845
1.7279568668 0.0942352287449
1.72744592403 0.0931837335345
1.72693533004 0.0944359680537
1.72642508453 0.0932465166267
1.72591518721 0.09538426711
1.72540563781 0.0955619425344
1.72489643601 0.0943481144004
1.72438758154 0.0926614932626
1.72387907412 0.0938355009779
1.72337091344 0.0946643039147
1.72286309922 0.0942108097049
1.72235563118 0.0949120071027
1.72184850903 0.0964957821557
1.72134173248 0.098480411401
1.72083530124 0.0954581530285
1.72032921503 0.0945023784766
1.71982347357 0.0967734615617
1.71931807656 0.0972172514557
1.71881302373 0.0977891473031
1.71830831478 0.0957405720782
1.71780394944 0.0935399982922
1.71729992741 0.0962067652968
1.71679624842 0.100287545235
1.71629291219 0.0968582036688
1.71578991842 0.0963962486345
1.71528726683 0.0964477822643
1.71478495715 0.0979963093424
1.71428298909 0.0977291038366
1.71378136236 0.096256503314
1.7132800767 0.0975253098271
1.71277913181 0.0977734865397
1.71227852741 0.0970877687511
1.71177826323 0.0958152073597
1.71127833898 0.0965478833275
1.71077875438 0.0964607941828
1.71027950916 0.0999737161345
1.70978060303 0.100819064105
1.70928203572 0.101285199821
1.70878380694 0.0973090629728
1.70828591642 0.0997711795681
1.70778836388 0.0991452113946
1.70729114904 0.0973476460506
1.70679427163 0.0981856417848
1.70629773136 0.0978767786219
1.70580152797 0.098230446247
1.70530566116 0.0973004241973
1.70481013067 0.097501907117
1.70431493623 0.0986804336296
1.70382007755 0.096952908097
1.70332555436 0.0994842981249
1.70283136638 0.0987506149648
1.70233751334 0.0989921368875
1.70184399497 0.0976628594305
1.70135081099 0.0989131272203
1.70085796113 0.0990299930499
1.70036544511 0.0978835462885
1.69987326266 0.0993915289906
1.69938141351 0.101209710613
1.69888989739 0.100532789396
1.69839871401 0.101189967474
1.69790786312 0.099761431375
1.69741734444 0.0985677969078
1.69692715769 0.0973009369086
1.69643730261 0.0988984717508
1.69594777893 0.0998466623612
1.69545858637 0.0993238330679
1.69496972467 0.101756334893
1.69448119355 0.0993897205727
1.69399299275 0.0993656915433
1.69350512199 0.0994216787168
1.69301758101 0.0975669796722
1.69253036954 0.0973265602635
1.69204348731 0.0980345424647
1.69155693405 0.0998289511978
1.69107070949 0.0979200807544
1.69058481338 0.099451483071
1.69009924543 0.101662408779
1.68961400538 0.0994702393747
1.68912909297 0.098342442425
1.68864450792 0.0966311711429
1.68816024998 0.0984537408195
1.68767631888 0.101105969395
1.68719271435 0.100059326714
1.68670943613 0.104006944846
1.68622648395 0.100122253512
1.68574385755 0.0996429801068
1.68526155666 0.100563553402
1.68477958102 0.0978250098236
1.68429793037 0.100627082317
1.68381660444 0.100468924076
1.68333560296 0.101220154397
1.68285492569 0.100540594285
1.68237457235 0.101671540125
1.68189454268 0.0998552193013
1.68141483642 0.0978848505957
1.6809354533 0.0976005481828
1.68045639308 0.100802812203
1.67997765548 0.10017513577
1.67949924025 0.0992847465291
1.67902114712 0.0997493447006
1.67854337583 0.0986527195789
1.67806592613 0.0975857261217
1.67758879775 0.0987650344998
1.67711199044 0.101490679292
1.67663550394 0.100209542673
1.67615933798 0.0988690822691
1.67568349231 0.0998842389532
1.67520796668 0.0971882096086
1.67473276082 0.101077377777
1.67425787447 0.102898385409
1.67378330738 0.100888238137
1.67330905929 0.0976260315034
1.67283512995 0.0986422628711
1.67236151909 0.0989554398673
1.67188822647 0.103127975141
1.67141525182 0.102054810111
1.67094259489 0.100152849112
1.67047025543 0.0956419435704
1.66999823318 0.0965259525558
1.66952652788 0.0987272084771
1.66905513928 0.0975314472335
1.66858406713 0.0955418555485
1.66811331117 0.0954419575143
1.66764287115 0.0976102103796
1.66717274682 0.0978754898241
1.66670293792 0.0998468841397
1.6662334442 0.102012181999
1.6657642654 0.0972809213978
1.66529540128 0.0982611387872
1.66482685158 0.099851932282
1.66435861605 0.097760370489
1.66389069445 0.0945873259458
1.66342308651 0.0944758324341
1.66295579199 0.0963371257038
1.66248881063 0.0979241862673
1.66202214219 0.0972879855983
1.66155578642 0.0976204786352
1.66108974307 0.0974287851002
1.66062401188 0.0957277481047
1.66015859261 0.0968084248811
1.65969348501 0.0941468632103
1.65922868883 0.0949950057021
1.65876420382 0.099189401514
1.65830002973 0.0994700550245
1.65783616633 0.0964384021919
1.65737261335 0.0965025831751
1.65690937055 0.0953914929648
1.65644643768 0.0943882242312
1.65598381451 0.0928305575832
1.65552150077 0.0943419041091
1.65505949623 0.0936402846679
1.65459780063 0.0963895967977
1.65413641374 0.0975763979018
1.65367533531 0.0951615310944
1.65321456509 0.0924583178756
1.65275410283 0.0944719750304
1.6522939483 0.0964204000938
1.65183410125 0.0931921409826
1.65137456143 0.090781631549
1.6509153286 0.0914320471377
1.65045640252 0.0928872048549
1.64999778294 0.0940915272411
1.64953946963 0.0940663912462
1.64908146233 0.0924203382788
1.64862376081 0.089179694775
1.64816636482 0.0910045641649
1.64770927412 0.0899457929329
1.64725248847 0.0883254113761
1.64679600763 0.09422878327
1.64633983135 0.0950119612257
1.64588395941 0.0925335564263
1.64542839154 0.0942111993533
1.64497312753 0.094330207831
1.64451816711 0.0917663823022
1.64406351006 0.0921848173219
1.64360915614 0.0936461138952
1.64315510511 0.0935044770171
1.64270135672 0.0933082571975
1.64224791074 0.0926280500733
1.64179476693 0.0918226832555
1.64134192505 0.0891286268639
1.64088938486 0.0888476301874
1.64043714613 0.0911934549005
1.63998520862 0.0880236377292
1.63953357209 0.08564420043
1.6390822363 0.0905762965268
1.63863120102 0.0928296491383
1.63818046601 0.0907035338259
1.63773003104 0.0911977216674
1.63727989586 0.0928396867648
1.63683006025 0.0928195147687
1.63638052396 0.0925078846856
1.63593128677 0.0904020736434
1.63548234843 0.0918619558854
1.63503370871 0.0930563924692
1.63458536739 0.0911241853885
1.63413732422 0.0884480744591
1.63368957896 0.0906589350713
1.6332421314 0.0936811500983
1.63279498129 0.092218716975
1.63234812839 0.0892708078873
1.63190157249 0.0912027848178
1.63145531334 0.0928609365136
1.63100935071 0.0914405855657
1.63056368437 0.0895786610398
1.63011831408 0.0891008606451
1.62967323963 0.092135802236
1.62922846077 0.087563107277
1.62878397727 0.0872555262563
1.62833978891 0.0899824757574
1.62789589544 0.0903462463486
1.62745229665 0.0883884347768
1.6270089923 0.0885371779615
1.62656598217 0.0888870177873
1.62612326601 0.0918705775972
1.62568084361 0.0889323285815
1.62523871473 0.0866725059454
1.62479687915 0.0879340080976
1.62435533663 0.0906444359704
1.62391408695 0.0879150247062
1.62347312988 0.0869333844478
1.62303246519 0.0870309573931
1.62259209265 0.0900858893374
1.62215201205 0.0866170011381
1.62171222314 0.0834977816759
