3.69212786891 0.0553055222043
3.68985082363 0.0566973828564
3.6875763105 0.056406548398
3.68530432561 0.0559021682023
3.68303486509 0.0565994771533
3.68076792506 0.0561976314748
3.67850350164 0.0554890880686
3.67624159096 0.057799059029
3.67398218917 0.0571947347178
3.67172529243 0.0551599689452
3.66947089688 0.0553972559226
3.6672189987 0.0591419144156
3.66496959405 0.0580489699152
3.66272267913 0.0557941270473
3.66047825012 0.0563001071433
3.65823630321 0.0581520901544
3.65599683461 0.0577183769016
3.65375984053 0.0601457527358
3.6515253172 0.0592909961235
3.64929326083 0.0572271765318
3.64706366766 0.0577058885658
3.64483653393 0.0587595412525
3.6426118559 0.0611752926214
3.64038962982 0.0587320118674
3.63816985194 0.057706232504
3.63595251856 0.0591093280698
3.63373762593 0.0569013163958
3.63152517035 0.0585768753907
3.62931514812 0.0586934083601
3.62710755552 0.0586970147302
3.62490238888 0.0578600955598
3.6226996445 0.0593507743114
3.62049931872 0.0596326755212
3.61830140784 0.0601866627735
3.61610590823 0.0607987943925
3.61391281621 0.0598400760645
3.61172212815 0.0601010982292
3.60953384039 0.0593709178454
3.60734794931 0.0612285142602
3.60516445128 0.0624273131693
3.60298334268 0.0605757365002
3.60080461989 0.0596561408712
3.59862827931 0.0610094100603
3.59645431734 0.0604151049016
3.59428273039 0.0606700789334
3.59211351488 0.0624024589379
3.58994666722 0.0630547901743
3.58778218386 0.0635396345311
3.58562006121 0.0629886863235
3.58346029573 0.0625705539043
3.58130288387 0.0624330055287
3.57914782209 0.0624260918124
3.57699510684 0.0624858804448
3.57484473461 0.0632628158027
3.57269670186 0.063916116728
3.57055100508 0.0648301941741
3.56840764078 0.0629375456038
3.56626660543 0.0616647111115
3.56412789556 0.0619963938446
3.56199150766 0.0643171599952
3.55985743827 0.0655642432856
3.5577256839 0.0646389704321
3.5555962411 0.064542345583
3.55346910639 0.0662464693699
3.55134427633 0.0651149477481
3.54922174746 0.0654065939079
3.54710151635 0.0665141859774
3.54498357957 0.066629813032
3.54286793368 0.0656293500861
3.54075457527 0.0661248046898
3.53864350092 0.06500606052
3.53653470723 0.0672041884446
3.53442819079 0.0674780208184
3.53232394821 0.0687133793327
3.5302219761 0.0677717381569
3.52812227108 0.0672694129632
3.52602482978 0.0672309624781
3.52392964884 0.068790584593
3.52183672487 0.0690031230631
3.51974605455 0.0694162476205
3.51765763451 0.0698126250028
3.51557146141 0.0714802448049
3.51348753192 0.072356280879
3.5114058427 0.0725077255253
3.50932639045 0.0726115993613
3.50724917183 0.0717623933583
3.50517418354 0.0708513079052
3.50310142228 0.0734353700468
3.50103088475 0.0730245893215
3.49896256766 0.0722166537678
3.49689646772 0.0727654215258
3.49483258165 0.072236481536
3.4927709062 0.0743154841647
3.49071143808 0.0744269650551
3.48865417403 0.0749276422302
3.48659911082 0.0755911551287
3.48454624518 0.073775786714
3.48249557389 0.0741886484569
3.48044709369 0.0753412055391
3.47840080138 0.0752761300874
3.47635669371 0.076691447915
3.47431476749 0.0776032484552
3.47227501949 0.0776473711213
3.47023744652 0.0777869453347
3.46820204538 0.0764332030335
3.46616881287 0.0770466548569
3.46413774581 0.0761640298585
3.46210884103 0.0773199793009
3.46008209534 0.0792365402663
3.45805750558 0.0794800769918
3.4560350686 0.0785028763584
3.45401478123 0.0803367100192
3.45199664032 0.0790654910129
3.44998064274 0.0800168978958
3.44796678535 0.0797106274872
3.44595506501 0.0803335511034
3.4439454786 0.0790196154229
3.441938023 0.0781597279186
3.4399326951 0.0804669853223
3.43792949179 0.0808747330452
3.43592840996 0.0800249776837
3.43392944653 0.0801498701496
3.4319325984 0.0809973803583
3.4299378625 0.0808294855768
3.42794523573 0.0821670675532
3.42595471503 0.0817634650085
3.42396629733 0.0816984919907
3.42197997958 0.0808973532625
3.41999575871 0.0819933128153
3.41801363168 0.0802721610846
3.41603359544 0.0801952923775
3.41405564696 0.0813274412339
3.41207978321 0.0836797530099
3.41010600116 0.0822543571666
3.40813429778 0.0824378475208
3.40616467007 0.0816935692936
3.40419711501 0.083441472548
3.4022316296 0.0838220541512
3.40026821085 0.0849478394211
3.39830685576 0.0852100940701
3.39634756134 0.0847521613391
3.39439032462 0.0848746515561
3.39243514261 0.0864938907621
3.39048201236 0.0860577201537
3.38853093089 0.0837144639043
3.38658189524 0.0859765965112
3.38463490247 0.0866803612057
3.38268994963 0.087229666626
3.38074703377 0.0872024425199
3.37880615196 0.0889475945726
3.37686730126 0.0885005289138
3.37493047876 0.0897294191149
3.37299568152 0.0891188277563
3.37106290665 0.0905970653969
3.36913215122 0.090119870353
3.36720341233 0.0927345721277
3.36527668709 0.0934908258072
3.36335197261 0.0926377871054
3.36142926599 0.0920616535192
3.35950856435 0.0936224282358
3.35758986482 0.0938946482294
3.35567316452 0.0942929013191
3.35375846059 0.0944408472739
3.35184575018 0.0956223997966
3.34993503041 0.0943750855213
3.34802629845 0.0936208607077
3.34611955145 0.0953171158819
3.34421478657 0.0961684392343
3.34231200097 0.09705432094
3.34041119183 0.0974624607536
3.33851235633 0.0969672210807
3.33661549163 0.0972867537465
3.33472059494 0.0972781267146
3.33282766344 0.0976862038507
3.33093669433 0.0986512061643
3.32904768482 0.0982113815258
3.3271606321 0.100442299587
3.3252755334 0.101563384558
3.32339238593 0.100465707726
3.32151118692 0.101492022745
3.31963193358 0.101471066893
3.31775462317 0.102895249812
3.3158792529 0.103160293155
3.31400582004 0.101955491311
3.31213432182 0.103593661047
3.3102647555 0.103215668623
3.30839711834 0.104046457577
3.30653140761 0.103182951007
3.30466762056 0.104097979487
3.30280575448 0.10551025351
3.30094580665 0.105301741793
3.29908777434 0.106078753643
3.29723165485 0.105225555835
3.29537744547 0.105866338086
3.2935251435 0.107544274405
3.29167474625 0.107405019616
3.28982625101 0.104011254298
3.28797965512 0.104264738228
3.28613495588 0.106271587653
3.28429215061 0.105786590577
3.28245123665 0.104738922015
3.28061221134 0.104787872027
3.278775072 0.106190746663
3.27693981598 0.107219262902
3.27510644063 0.107118665315
3.27327494331 0.106651056454
3.27144532136 0.106256973278
3.26961757215 0.106389578865
3.26779169306 0.106892635563
3.26596768144 0.105672825603
3.26414553469 0.105247534799
3.26232525017 0.10849018406
3.26050682528 0.106862057452
3.25869025741 0.10708774472
3.25687554395 0.106605809089
3.2550626823 0.107104895532
3.25325166988 0.1089111133
3.25144250408 0.106119374842
3.24963518233 0.106594692208
3.24782970204 0.107975753686
3.24602606064 0.109857506075
3.24422425556 0.106976615096
3.24242428423 0.106489227214
3.24062614409 0.105463010454
3.23882983257 0.106850289586
3.23703534714 0.107352010115
3.23524268524 0.10604002963
3.23345184433 0.106248846029
3.23166282187 0.108523698735
3.22987561532 0.109442750053
3.22809022216 0.108021072235
3.22630663986 0.106069784549
3.2245248659 0.107851408283
3.22274489776 0.107468986032
3.22096673294 0.106889607806
3.21919036892 0.107539227395
3.21741580321 0.108502756596
3.21564303331 0.107797234232
3.21387205672 0.107504751699
3.21210287096 0.105440364838
3.21033547354 0.105115227256
3.20856986198 0.108878487227
3.2068060338 0.109493917684
3.20504398654 0.108243142134
3.20328371773 0.105321002347
3.20152522491 0.105926093237
3.19976850562 0.105660120988
3.1980135574 0.106556957531
3.19626037781 0.105000661251
3.19450896441 0.106782476896
3.19275931475 0.104747194238
3.1910114264 0.10447335192
3.18926529692 0.104078154389
3.18752092389 0.104167959818
3.1857783049 0.106345553115
3.18403743751 0.109437122684
3.18229831932 0.106313484144
3.18056094791 0.104993166179
3.17882532089 0.106868371387
3.17709143585 0.106225571116
3.17535929039 0.105874499161
3.17362888212 0.104415346554
3.17190020866 0.107820340452
3.17017326762 0.107752067879
3.16844805661 0.106191579133
3.16672457328 0.105733988385
3.16500281523 0.107067543525
3.16328278012 0.109080413934
3.16156446557 0.106422920926
3.15984786923 0.104958842157
3.15813298873 0.105748426702
3.15641982174 0.104963834295
3.15470836591 0.106067469246
3.15299861889 0.105010603429
3.15129057836 0.105776952914
3.14958424196 0.104937061561
3.14787960738 0.108258983485
3.14617667229 0.103140691856
3.14447543437 0.102568471674
3.1427758913 0.10443176546
3.14107804077 0.106023760313
3.13938188047 0.108216702565
3.1376874081 0.10572602772
3.13599462135 0.105202296711
3.13430351793 0.105608476985
3.13261409555 0.106348279839
3.13092635192 0.104794390424
3.12924028476 0.102558787746
3.12755589178 0.10308784704
3.1258731707 0.104800486123
3.12419211927 0.103751409622
3.1225127352 0.103974595401
3.12083501624 0.104606518958
3.11915896012 0.106027040762
3.11748456459 0.103479066791
3.11581182739 0.104665140496
3.11414074628 0.103406973597
3.11247131902 0.10480162506
3.11080354336 0.10408312142
3.10913741706 0.104459965666
3.1074729379 0.104688922986
3.10581010364 0.104845113234
3.10414891207 0.104218599594
3.10248936096 0.102397218355
3.10083144808 0.102612935415
3.09917517125 0.104349934696
3.09752052823 0.105448154043
3.09586751683 0.103161730716
3.09421613484 0.1030060632
3.09256638007 0.103339361605
3.09091825033 0.102897528135
3.08927174342 0.101200720612
3.08762685716 0.101596103324
3.08598358937 0.101129964433
3.08434193786 0.102706012809
3.08270190047 0.100012256104
3.08106347502 0.0982193971642
3.07942665935 0.101091937852
3.07779145129 0.103600954767
3.07615784868 0.100318806093
3.07452584938 0.0992703105668
3.07289545122 0.0973184165323
3.07126665206 0.100888665483
3.06963944975 0.0998012372309
3.06801384216 0.0978563019548
3.06638982714 0.098922172467
3.06476740257 0.0980137039321
3.06314656631 0.0989959881839
3.06152731624 0.0985630245392
3.05990965024 0.0974940653028
3.05829356618 0.0978382945622
3.05667906196 0.0986579531845
3.05506613546 0.0968686555241
3.05345478457 0.0914248695017
3.0518450072 0.0953223616866
3.05023680124 0.0993331001589
3.0486301646 0.0971870250302
3.04702509517 0.0942933181759
3.04542159088 0.0926843524478
3.04381964964 0.096105462418
3.04221926937 0.0981712827242
3.04062044798 0.095117380715
3.0390231834 0.0927813940962
3.03742747357 0.0979652989045
3.03583331641 0.0964226253125
3.03424070986 0.0948103485164
3.03264965186 0.0928578072539
3.03106014035 0.0920670592051
3.02947217328 0.0966977972967
3.02788574861 0.0955731406866
3.02630086427 0.092630047768
3.02471751824 0.0912746026542
3.02313570847 0.0945464394611
3.02155543292 0.0967090396741
3.01997668957 0.0935406979789
3.01839947638 0.0916722610912
3.01682379134 0.0930083378511
3.01524963241 0.0936448989037
3.01367699758 0.0916183791652
3.01210588484 0.0908062584766
3.01053629217 0.0897497020133
3.00896821757 0.0930630960937
3.00740165902 0.0940962909917
3.00583661454 0.0887568150422
3.00427308212 0.090570279287
3.00271105978 0.0908921614387
3.0011505455 0.0927352696598
2.99959153732 0.0911978230576
2.99803403325 0.0899334928719
2.9964780313 0.0919163910983
2.9949235295 0.092341598487
2.99337052588 0.0883826031984
2.99181901846 0.0865725392821
2.99026900528 0.0845666926114
2.98872048438 0.0862267507812
2.98717345379 0.0884074624052
2.98562791155 0.0918102327306
2.98408385572 0.0892196377911
2.98254128434 0.0870712416352
2.98100019547 0.0876264580289
2.97946058716 0.086426950102
2.97792245747 0.0875524762777
2.97638580447 0.0864610266616
2.97485062622 0.0862880984271
2.97331692079 0.0868053132071
2.97178468626 0.0871597470171
2.97025392069 0.0856826682731
2.96872462217 0.083635615742
2.96719678879 0.0836438182189
2.96567041862 0.0849832257205
2.96414550976 0.0859352541092
2.96262206029 0.085241699785
2.96110006832 0.0833165117975
2.95957953195 0.0826720057107
2.95806044927 0.083608059196
2.95654281839 0.0800294391981
2.95502663742 0.0805012733328
2.95351190447 0.0808218254786
2.95199861766 0.0793340818517
2.9504867751 0.0781437076481
2.94897637492 0.0786971011111
2.94746741523 0.0801841327039
2.94595989417 0.0797672522034
2.94445380987 0.0781282667867
2.94294916047 0.079221438491
2.94144594408 0.0763750101706
2.93994415887 0.0772871480872
2.93844380297 0.0770115557442
2.93694487453 0.0767062648773
2.9354473717 0.0733538988998
2.93395129263 0.0740585855912
2.93245663547 0.0742172819987
2.93096339839 0.076157741686
2.92947157954 0.0731211963692
2.9279811771 0.0729744838507
2.92649218923 0.0736130475294
2.9250046141 0.0745287112616
2.92351844989 0.07208556335
2.92203369477 0.0714955611461
2.92055034692 0.0707061768104
2.91906840453 0.0722847866566
2.91758786578 0.0685870536789
2.91610872887 0.0692448256102
2.91463099199 0.0683546358981
2.91315465332 0.0697941312987
2.91167971107 0.0673357294322
2.91020616345 0.0652434113887
2.90873400865 0.066544298734
2.90726324489 0.0657710344865
2.90579387037 0.0670830386668
2.90432588331 0.064930095894
2.90285928192 0.0638428811218
2.90139406443 0.0629346482868
2.89993022906 0.0650222616117
2.89846777403 0.0645249211647
2.89700669757 0.0632984008983
2.89554699791 0.0596786301005
2.89408867329 0.0609747311748
2.89263172194 0.059683821274
2.89117614211 0.0580238100898
2.88972193203 0.0566351083609
2.88826908996 0.0588148503879
2.88681761414 0.0587052825907
2.88536750283 0.0585899010568
2.88391875428 0.0570505452713
2.88247136674 0.0585950967718
2.88102533848 0.0589267838809
2.87958066777 0.0548934703219
2.87813735286 0.0564936643027
2.87669539203 0.0544533591472
2.87525478354 0.0551227611193
2.87381552569 0.0514108018798
2.87237761673 0.0507467496529
2.87094105496 0.051082925901
2.86950583865 0.0502445912608
2.8680719661 0.0512279283868
2.86663943559 0.0503441175661
2.86520824541 0.049955913494
2.86377839387 0.0505453043936
2.86234987925 0.0503952685877
2.86092269986 0.0473397084373
2.85949685399 0.0463860606171
2.85807233997 0.0464608323655
2.85664915609 0.046579676038
2.85522730067 0.0460019567511
2.85380677202 0.0441553004698
2.85238756846 0.0446618097375
2.85096968831 0.0454643074826
2.8495531299 0.0451005289136
2.84813789154 0.0449797587036
2.84672397156 0.0451272034763
2.84531136831 0.043852307921
2.8439000801 0.0442157912973
2.84249010529 0.0423928520536
2.8410814422 0.0410740686695
2.83967408918 0.0413352368437
2.83826804457 0.0401458372782
2.83686330672 0.0420345616535
2.83545987399 0.0395874170227
2.83405774472 0.0382616910343
2.83265691727 0.0402921950687
2.83125739 0.0373192116892
2.82985916126 0.0369840419472
2.82846222944 0.0368282196309
2.82706659287 0.0372960103772
2.82567224995 0.0360138574705
2.82427919904 0.0342352259586
2.82288743851 0.0343132202391
2.82149696675 0.0336665405546
2.82010778212 0.0327007450178
2.81871988302 0.0343139940151
2.81733326782 0.0340436023555
2.81594793492 0.0328672775653
2.81456388271 0.0336755448721
2.81318110958 0.0343390697989
2.81179961392 0.0341733022807
2.81041939413 0.0332114158717
2.80904044861 0.0342746627714
2.80766277578 0.0333913128503
2.80628637402 0.0318170630965
2.80491124175 0.0305767388472
2.80353737739 0.0315381839194
2.80216477934 0.030730330208
2.80079344602 0.0285700622333
2.79942337586 0.0295195854063
2.79805456726 0.0320759743644
2.79668701866 0.0305305127764
2.79532072848 0.0292179850096
2.79395569516 0.0278904228713
2.79259191711 0.0300950066151
2.79122939278 0.0294722446924
2.78986812061 0.0282142988949
2.78850809903 0.0268883942253
2.78714932648 0.0262564487911
2.78579180142 0.0254773128098
2.78443552227 0.0263336165253
2.78308048751 0.0258204082478
2.78172669557 0.0268592094424
2.78037414491 0.0273719769953
2.77902283398 0.0258030776421
2.77767276126 0.0251339560857
2.77632392519 0.0256683007613
2.77497632425 0.0268861105215
2.77362995689 0.0272762379213
2.7722848216 0.0249722800918
2.77094091683 0.0269827770244
2.76959824107 0.0258221178734
2.76825679279 0.0268681517872
2.76691657048 0.0254315403346
2.7655775726 0.025496788376
2.76423979765 0.025914747706
2.76290324411 0.0254136466878
2.76156791047 0.0252750140475
2.76023379523 0.0243850699865
2.75890089687 0.0230327148435
2.75756921389 0.0240253156478
2.7562387448 0.0236529237276
2.75490948808 0.0226202751536
2.75358144225 0.0232691224942
2.75225460581 0.0258646054595
2.75092897727 0.0247405009022
2.74960455514 0.0234422609504
2.74828133793 0.0233683700253
2.74695932415 0.0246437399831
2.74563851234 0.024378807147
2.74431890099 0.0244435886601
2.74300048865 0.0239998923956
2.74168327383 0.0236871194776
2.74036725505 0.0235182544988
2.73905243086 0.0242736161501
2.73773879977 0.023810044263
2.73642636033 0.0225325739393
2.73511511108 0.0222344080022
2.73380505054 0.0231861816396
2.73249617726 0.0220007845011
2.73118848979 0.0224764048964
2.72988198667 0.0250287278382
2.72857666645 0.0242181016879
2.72727252767 0.0233542534252
2.7259695689 0.0259797437328
2.72466778869 0.0251075120509
2.72336718559 0.0240245308546
2.72206775816 0.0237316510113
2.72076950498 0.0241995088371
2.71947242459 0.0244058131101
2.71817651557 0.0250358571446
2.71688177648 0.0254947463465
2.7155882059 0.0264396905865
2.7142958024 0.0255446121709
2.71300456456 0.0259244092369
2.71171449095 0.0270397047616
2.71042558015 0.0262868310263
2.70913783075 0.0263515872523
2.70785124133 0.0272898960483
2.70656581048 0.0279294226923
2.70528153679 0.0274103975444
2.70399841884 0.027854367885
2.70271645524 0.0283095632166
2.70143564457 0.0268220611513
2.70015598544 0.027137776217
2.69887747644 0.0278264931874
2.69760011618 0.0291743477035
2.69632390327 0.0291913359496
2.6950488363 0.0290774334713
2.69377491389 0.0284466847838
2.69250213465 0.0280860668033
2.6912304972 0.0294821507241
2.68996000014 0.03070506373
2.6886906421 0.0304515807499
2.6874224217 0.0293223587161
2.68615533756 0.030240295487
2.6848893883 0.0309347803543
2.68362457255 0.0303698381163
2.68236088893 0.0310460263633
2.68109833609 0.0318093725236
2.67983691265 0.0319222115713
2.67857661725 0.0318182583282
2.67731744852 0.0314519108164
2.6760594051 0.0314477842026
2.67480248564 0.0314302576164
2.67354668878 0.0329114612879
2.67229201316 0.0336466483331
2.67103845744 0.0330058512229
2.66978602026 0.0320832689925
2.66853470027 0.0331163018524
2.66728449613 0.0335381137697
2.6660354065 0.0331604203851
2.66478743003 0.0335181671844
2.66354056539 0.0357502065257
2.66229481123 0.0350395240699
2.66105016623 0.0342168624868
2.65980662904 0.0343636048884
2.65856419835 0.0335898915945
2.65732287281 0.0347061961716
2.6560826511 0.0359118819757
2.6548435319 0.035838329679
2.65360551389 0.034642923964
2.65236859573 0.0357930960539
2.65113277613 0.0358560068673
2.64989805375 0.0364049013838
2.64866442728 0.0360156491032
2.64743189542 0.0370925839234
2.64620045684 0.0380094662935
2.64497011025 0.0370730712741
2.64374085434 0.0371891538257
2.64251268779 0.0381994315073
2.64128560932 0.0385295794648
2.64005961761 0.0377852408878
2.63883471138 0.0384826080407
2.63761088932 0.0390633275162
2.63638815014 0.0388628117002
2.63516649255 0.0385833202979
2.63394591525 0.0402444525582
2.63272641697 0.0395047998138
2.63150799641 0.0386474451343
2.63029065229 0.0401661278926
2.62907438332 0.0417518908597
2.62785918823 0.0411607859986
2.62664506574 0.0411896395723
2.62543201458 0.0405838857249
2.62422003345 0.0421031828818
2.62300912111 0.0424499022999
2.62179927627 0.0441542671545
2.62059049767 0.0440322112733
2.61938278403 0.0426093885459
2.61817613411 0.041916856224
2.61697054662 0.0432640946715
2.61576602032 0.0428338876757
2.61456255394 0.0453310306624
2.61336014623 0.0450541827032
2.61215879593 0.045609273361
2.61095850179 0.0448847409741
2.60975926256 0.0462415666955
2.60856107699 0.0459892604833
2.60736394383 0.0461633270695
2.60616786184 0.0460151960937
2.60497282977 0.0463261598643
2.60377884639 0.0456172098852
2.60258591045 0.0457386642576
2.60139402072 0.0477031154245
2.60020317595 0.0490896624511
2.59901337492 0.0484028094129
2.5978246164 0.0475519319865
2.59663689915 0.0479183388187
2.59545022195 0.0477749787001
2.59426458358 0.0479237355573
2.59307998279 0.0494622187276
2.59189641838 0.0506315922609
2.59071388913 0.0489250466461
2.58953239381 0.0493747944123
2.58835193121 0.0492379905142
2.58717250011 0.0491455795538
2.58599409931 0.0494203958501
2.58481672758 0.0506820642498
2.58364038372 0.0499272834513
2.58246506652 0.0484599473595
2.58129077478 0.0500275981862
2.5801175073 0.0487074891338
2.57894526286 0.0497902410913
2.57777404028 0.0505449356334
2.57660383835 0.0511225203418
2.57543465587 0.0501938724189
2.57426649166 0.0498733839327
2.57309934451 0.0503802690113
2.57193321325 0.049223750572
2.57076809667 0.0490095450653
2.56960399359 0.0493897284865
2.56844090283 0.0507878945151
2.5672788232 0.0501626377874
2.56611775352 0.0500317655487
2.56495769261 0.049847777988
2.56379863929 0.0493366458649
2.56264059238 0.0494069962984
2.56148355072 0.0488320319652
2.56032751312 0.0498266984217
2.55917247842 0.0494141816234
2.55801844544 0.0503130233395
2.55686541302 0.0493263789385
2.55571338 0.0491058598886
2.5545623452 0.0479962243796
2.55341230747 0.0486542078226
2.55226326565 0.0501389815146
2.55111521857 0.0497548216245
2.54996816508 0.0489864184394
2.54882210403 0.0487686718934
2.54767703426 0.0492785192141
2.54653295461 0.0480296602965
2.54538986395 0.0491533833449
2.54424776111 0.0489598043126
2.54310664496 0.0485816905008
2.54196651435 0.0483401349897
2.54082736813 0.0488196296609
2.53968920517 0.0484397231123
2.53855202433 0.0480702165065
2.53741582446 0.0483092947101
2.53628060443 0.0490288016677
2.5351463631 0.0484065189801
2.53401309935 0.049168095589
2.53288081204 0.0497991981382
2.53174950004 0.0492356115331
2.53061916223 0.0480810253878
2.52948979747 0.0485321561333
2.52836140465 0.0491129418924
2.52723398264 0.0492767653089
2.52610753033 0.0490868714695
2.52498204658 0.0497484359662
2.52385753029 0.0492808621304
2.52273398033 0.0490640979287
2.5216113956 0.0501556978569
2.52048977498 0.0493334901811
2.51936911735 0.0491382342121
2.51824942162 0.0492802418304
2.51713068667 0.0493278067331
2.5160129114 0.0499506821079
2.51489609471 0.0504873329384
2.51378023548 0.0508114926238
2.51266533262 0.050753637
2.51155138503 0.0500528750139
2.51043839162 0.0501955207803
2.50932635128 0.0504963100726
2.50821526292 0.0504989873675
2.50710512545 0.0510555823607
2.50599593778 0.0514034678481
2.50488769882 0.0512368699285
2.50378040748 0.0508171871236
2.50267406267 0.0522386507798
2.50156866332 0.0519633942517
2.50046420833 0.0524432232233
2.49936069662 0.0527388726233
2.49825812713 0.0526877558673
2.49715649876 0.0525885225454
2.49605581044 0.053231848444
2.49495606109 0.053405126244
2.49385724965 0.0536610071776
2.49275937505 0.0529415555113
2.4916624362 0.0538364645476
2.49056643204 0.0536446405128
2.48947136151 0.0544184099364
2.48837722354 0.0543234880674
2.48728401707 0.0551164608674
2.48619174103 0.0549225399465
2.48510039436 0.0548614917959
2.48400997601 0.0554501947147
2.48292048491 0.0567490842311
2.48183192002 0.0563510267659
2.48074428027 0.0562515563947
2.47965756462 0.0574517863734
2.478571772 0.0572828207975
2.47748690139 0.0568586378289
2.47640295171 0.0576323980223
2.47531992194 0.0575983805769
2.47423781101 0.0579983566563
2.4731566179 0.0590498624161
2.47207634155 0.0594331170454
2.47099698094 0.0604538590565
2.46991853501 0.0604674687021
2.46884100273 0.0608954571648
2.46776438306 0.061787544698
2.46668867498 0.0620661371611
2.46561387745 0.0623510919787
2.46453998943 0.0625505234249
2.4634670099 0.0626106655895
2.46239493783 0.0629875272547
2.4613237722 0.0634071173493
2.46025351197 0.0647250536721
2.45918415612 0.0644175779481
2.45811570364 0.0653577956006
2.4570481535 0.0661011254012
2.45598150468 0.0666553781373
2.45491575616 0.0662725498667
2.45385090693 0.0675267450955
2.45278695598 0.06758062391
2.45172390229 0.0675652488699
2.45066174484 0.068047763484
2.44960048264 0.0685403885028
2.44854011467 0.0691043907967
2.44748063991 0.069179708514
2.44642205738 0.0707540796123
2.44536436606 0.071079227177
2.44430756495 0.0710712500927
2.44325165305 0.0714600272761
2.44219662935 0.0727161315716
2.44114249287 0.0729943227817
2.44008924261 0.0735543322433
2.43903687756 0.0739908163367
2.43798539673 0.0744465632433
2.43693479914 0.0742108044609
2.43588508379 0.0751659537125
2.43483624969 0.0746291761807
2.43378829585 0.0757583785841
2.43274122129 0.0762110854905
2.43169502502 0.0772669747064
2.43064970606 0.0773626865779
2.42960526343 0.0776474699763
2.42856169613 0.0784560600915
2.42751900321 0.0785710181702
2.42647718366 0.0783506904862
2.42543623653 0.0794241655362
2.42439616083 0.0806473863587
2.4233569556 0.0810327831627
2.42231861985 0.0813397992179
2.42128115262 0.0820648587545
2.42024455293 0.0832544300283
2.41920881983 0.0835191489457
2.41817395233 0.0841440297992
2.41713994949 0.0839200975278
2.41610681033 0.0843752795553
2.41507453388 0.0843014687427
2.4140431192 0.0852226021627
2.41301256532 0.085542839651
2.41198287128 0.0861638586597
2.41095403612 0.0864639819039
2.40992605889 0.086679876603
2.40889893864 0.0864727523133
2.40787267441 0.0869380030106
2.40684726525 0.0870894396803
2.40582271021 0.0876160576354
2.40479900834 0.0887400441306
2.40377615869 0.0893281401931
2.40275416032 0.0891611362329
2.40173301229 0.0899677729752
2.40071271365 0.0908524253597
2.39969326345 0.0910422618607
2.39867466077 0.0912929317652
2.39765690465 0.0917080866427
2.39663999416 0.0925027649541
2.39562392837 0.0924699203133
2.39460870634 0.0930183790625
2.39359432713 0.0934078156
2.39258078982 0.0934534696826
2.39156809347 0.0938271770365
2.39055623716 0.0946982536343
2.38954521995 0.0947993323581
2.38853504091 0.0955359287906
2.38752569913 0.0955878489379
2.38651719368 0.0960787527112
2.38550952363 0.0969715340305
2.38450268806 0.0979084827455
2.38349668606 0.0978744309462
2.3824915167 0.0987081590319
2.38148717907 0.098737749361
2.38048367224 0.0991679532647
2.37948099531 0.0993821939567
2.37847914737 0.100094078773
2.37747812749 0.100094568316
2.37647793476 0.100575951177
2.37547856829 0.100234200295
2.37448002715 0.10013761096
2.37348231045 0.100956496515
2.37248541727 0.100876897432
2.37148934671 0.10249874252
2.37049409787 0.101955799757
2.36949966985 0.102178853678
2.36850606174 0.101618093984
2.36751327265 0.101800110149
2.36652130168 0.101827569362
2.36553014792 0.102261632002
2.3645398105 0.10102382038
2.3635502885 0.101180846765
2.36256158104 0.101739738951
2.36157368723 0.10187715984
2.36058660617 0.101935136711
2.35960033698 0.102029998256
2.35861487877 0.10121248406
2.35763023065 0.101537955297
2.35664639173 0.101474309494
2.35566336114 0.101958437313
2.35468113799 0.101406296405
2.3536997214 0.101713846173
2.35271911048 0.10182390947
2.35173930437 0.101051982636
2.35076030217 0.100709733129
2.34978210302 0.101282974082
2.34880470603 0.10165383466
2.34782811035 0.101982078455
2.34685231508 0.102252864314
2.34587731936 0.10255302441
2.34490312232 0.10186738799
2.3439297231 0.101823408394
2.34295712081 0.102197465678
2.34198531461 0.102930223393
2.34101430361 0.103704501086
2.34004408696 0.103806804899
2.33907466379 0.103923006127
2.33810603325 0.103929186612
2.33713819446 0.1042899097
2.33617114658 0.105563727501
2.33520488874 0.106726230863
2.33423942009 0.106075500389
2.33327473977 0.105971667741
2.33231084692 0.106736535489
2.3313477407 0.107499602951
2.33038542025 0.108611499242
2.32942388472 0.108384847736
2.32846313327 0.108847847806
2.32750316503 0.109141938334
2.32654397917 0.110851513882
2.32558557484 0.111827183012
2.32462795119 0.112054100989
2.32367110738 0.112745711608
2.32271504257 0.114179345738
2.32175975592 0.11431943171
2.32080524659 0.114257234214
2.31985151373 0.11436735666
2.31889855651 0.116057569306
2.3179463741 0.11660127875
2.31699496566 0.117488090831
2.31604433034 0.117628881715
2.31509446733 0.118645407355
2.31414537579 0.118703049194
2.31319705489 0.11806090433
2.3122495038 0.11827925437
2.31130272169 0.118830886059
2.31035670773 0.119825051796
2.30941146109 0.120569508864
2.30846698097 0.121277624388
2.30752326652 0.121615666517
2.30658031692 0.121976550175
2.30563813136 0.122110125864
2.30469670902 0.123200695731
2.30375604907 0.123590798727
2.3028161507 0.124716923872
2.30187701309 0.124634191386
2.30093863543 0.125330156154
2.30000101689 0.125014296581
2.29906415668 0.12566766398
2.29812805397 0.126587406014
2.29719270795 0.127363997453
2.29625811782 0.127586003585
2.29532428276 0.128309443661
2.29439120197 0.129076133373
2.29345887465 0.130055650454
2.29252729997 0.130155688027
2.29159647715 0.130954005102
2.29066640538 0.131235435846
2.28973708386 0.131584384444
2.28880851178 0.132406026706
2.28788068834 0.132944653873
2.28695361275 0.133874827496
2.28602728421 0.134873642719
2.28510170193 0.135691681803
2.2841768651 0.13584276278
2.28325277293 0.136273164598
2.28232942464 0.135971642669
2.28140681942 0.138348250735
2.28048495649 0.13925512966
2.27956383505 0.139111105575
2.27864345433 0.139481804026
2.27772381352 0.140981665232
2.27680491185 0.141601015996
2.27588674853 0.142137515807
2.27496932277 0.141558101366
2.2740526338 0.142706783256
2.27313668082 0.143757260372
2.27222146306 0.144270520123
2.27130697974 0.144238437417
2.27039323007 0.144893448499
2.26948021329 0.145818862316
2.26856792861 0.146109764988
2.26765637526 0.146617544701
2.26674555246 0.146926580413
2.26583545945 0.14842864739
2.26492609544 0.14828496399
2.26401745967 0.149468718716
2.26310955136 0.148798031256
2.26220236975 0.149704405914
2.26129591407 0.150299315632
2.26039018355 0.150645458184
2.25948517742 0.150588149895
2.25858089493 0.151950959106
2.2576773353 0.15256951163
2.25677449778 0.152915540158
2.25587238159 0.153348133315
2.25497098599 0.154217224313
2.25407031021 0.154202859894
2.25317035348 0.154694708378
2.25227111507 0.155739511726
2.2513725942 0.155353313452
2.25047479012 0.155780301627
2.24957770208 0.156615898472
2.24868132933 0.157020652069
2.2477856711 0.15718287387
2.24689072666 0.15819592618
2.24599649525 0.158273331024
2.24510297611 0.158680607891
2.24421016851 0.159061867625
2.24331807169 0.160139402557
2.24242668491 0.159841301577
2.24153600743 0.160333320887
2.24064603849 0.160291371158
2.23975677736 0.160870976503
2.23886822329 0.160727122913
2.23798037555 0.161307597221
2.23709323338 0.161050630344
2.23620679606 0.161203771976
2.23532106285 0.161400650636
2.234436033 0.162228173876
2.23355170578 0.162998696544
2.23266808046 0.163248924709
2.23178515631 0.1627949955
2.23090293258 0.163715124264
2.23002140855 0.164728686742
2.22914058348 0.164213302333
2.22826045665 0.163437970611
2.22738102733 0.163328949412
2.22650229479 0.164217121401
2.2256242583 0.164555056253
2.22474691713 0.164960753266
2.22387027057 0.163958527228
2.22299431788 0.16461679085
2.22211905834 0.164289195062
2.22124449124 0.164533873706
2.22037061584 0.163253647035
2.21949743144 0.164356057284
2.2186249373 0.164503965049
2.21775313272 0.164970548974
2.21688201697 0.163237686547
2.21601158935 0.164262070519
2.21514184912 0.164474467049
2.21427279559 0.163883550024
2.21340442803 0.163140895703
2.21253674573 0.16461404745
2.21166974799 0.16609591512
2.21080343408 0.165281967692
2.20993780331 0.164524520331
2.20907285497 0.16382172777
2.20820858834 0.1648445245
2.20734500272 0.16488961036
2.2064820974 0.164674757394
2.20561987168 0.164230516058
2.20475832486 0.16540378717
2.20389745623 0.165852886704
2.20303726509 0.165626761106
2.20217775074 0.164768475288
2.20131891248 0.164931147802
2.20046074962 0.165516910061
2.19960326144 0.165352404334
2.19874644727 0.164872576764
2.19789030639 0.165271582588
2.19703483812 0.164702280095
2.19618004176 0.164989974074
2.19532591661 0.165137473017
2.19447246199 0.164906213167
2.19361967721 0.165147318026
2.19276756157 0.166105612738
2.19191611438 0.166366937401
2.19106533495 0.166275171408
2.19021522261 0.165619541586
2.18936577665 0.166049033967
2.1885169964 0.165622990004
2.18766888117 0.165199670456
2.18682143027 0.165800586163
2.18597464303 0.164972736035
2.18512851875 0.165491831706
2.18428305677 0.165237236529
2.18343825639 0.164708496249
2.18259411695 0.164905454116
2.18175063775 0.16506200632
2.18090781813 0.16601784577
2.18006565741 0.165684045028
2.1792241549 0.163966482759
2.17838330995 0.164001886409
2.17754312186 0.164082421844
2.17670358998 0.164024650902
2.17586471362 0.163212887257
2.17502649212 0.163314376585
2.1741889248 0.163709054106
2.173352011 0.163985961865
2.17251575005 0.163827327848
2.17168014127 0.163694391809
2.17084518401 0.163620712352
2.1700108776 0.163650759996
2.16917722137 0.162929348116
2.16834421466 0.162213433355
2.1675118568 0.162567676191
2.16668014714 0.162936361194
2.16584908501 0.163266688164
2.16501866975 0.161753274591
2.1641889007 0.161288772999
2.16335977721 0.162067401452
2.1625312986 0.162219670251
2.16170346424 0.161081478452
2.16087627346 0.160514487221
2.16004972561 0.160763033321
2.15922382002 0.161083019928
2.15839855606 0.160972462758
2.15757393306 0.16096702901
2.15674995038 0.160304571231
2.15592660736 0.16015485491
2.15510390335 0.160009238393
2.15428183771 0.159922661354
2.15346040979 0.16038648173
2.15263961893 0.160884625247
2.15181946449 0.161025444104
2.15099994584 0.159719881686
2.15018106231 0.161008838794
2.14936281327 0.16014533329
2.14854519808 0.160832261613
2.14772821609 0.16038391111
2.14691186666 0.161824444219
2.14609614915 0.161687018869
2.14528106292 0.163914035114
2.14446660733 0.163773945909
2.14365278175 0.164035311971
2.14283958553 0.16452557772
2.14202701805 0.166066444929
2.14121507866 0.164725517627
2.14040376673 0.168873724196
2.13959308162 0.169215907509
2.13878302271 0.172854062051
2.13797358937 0.175488666766
2.13716478095 0.176012775717
2.13635659683 0.177620265228
2.13554903639 0.182608813849
2.13474209898 0.184711334271
2.13393578399 0.180362503479
2.13313009078 0.173442382201
2.13232501874 0.161259418733
2.13152056723 0.146205142969
2.13071673563 0.136012625547
2.12991352332 0.13166201315
2.12911092967 0.130106871207
2.12830895407 0.12523868157
2.12750759588 0.12305431588
2.12670685449 0.130942498797
2.12590672929 0.136795300942
2.12510721964 0.139967635841
2.12430832494 0.141291571512
2.12351004456 0.138761997147
2.1227123779 0.130684738815
2.12191532432 0.12543674568
2.12111888323 0.125559628918
2.120323054 0.133847499845
2.11952783603 0.142988845608
2.11873322869 0.149030030154
2.11793923138 0.15305353531
2.11714584349 0.155468659471
2.11635306441 0.148199751022
2.11556089353 0.143353785702
2.11476933023 0.136769921384
2.11397837392 0.133666962105
2.11318802398 0.134669973008
2.11239827982 0.129700254842
2.11160914082 0.126851410895
2.11082060638 0.124976932553
2.11003267589 0.125707067471
2.10924534876 0.126368309271
2.10845862438 0.12587784313
2.10767250216 0.123240771722
2.10688698148 0.124030547322
2.10610206175 0.12279711312
2.10531774238 0.123135839095
2.10453402276 0.123811998187
2.1037509023 0.125101662297
2.10296838039 0.121554345128
2.10218645646 0.121141427823
2.10140512989 0.11997362987
2.1006244001 0.120249991532
2.09984426648 0.118470865462
2.09906472846 0.116020622571
2.09828578544 0.116243539104
2.09750743682 0.115553022323
2.09672968202 0.116186961824
2.09595252045 0.115363719757
2.09517595151 0.114107481889
2.09439997463 0.115569645456
2.09362458921 0.116308383457
2.09284979466 0.117406746686
2.09207559041 0.117742375015
2.09130197586 0.11810111307
2.09052895043 0.118052786689
2.08975651355 0.119626030203
2.08898466462 0.119535892669
2.08821340306 0.120527751244
2.08744272829 0.120689973865
2.08667263974 0.120059000063
2.08590313682 0.120984363579
2.08513421896 0.121401686063
2.08436588557 0.122242048774
2.08359813608 0.121018623984
2.08283096992 0.120322416333
2.0820643865 0.120041088211
2.08129838525 0.120641768267
2.0805329656 0.120398415387
2.07976812697 0.122546967837
2.07900386879 0.125607038773
2.07824019049 0.132277984388
2.0774770915 0.133593392203
2.07671457124 0.12392707333
2.07595262916 0.113147608302
2.07519126466 0.109060589291
2.0744304772 0.110367873068
2.0736702662 0.113717096723
2.0729106311 0.113286616695
2.07215157132 0.110550522555
2.0713930863 0.11182485749
2.07063517549 0.114161183336
2.06987783831 0.116171936542
2.06912107419 0.116756913561
2.06836488259 0.115434987413
2.06760926294 0.112274964978
2.06685421466 0.11051714751
2.06609973722 0.108024787362
2.06534583004 0.106915483298
2.06459249256 0.105977200095
2.06383972424 0.10650311542
2.0630875245 0.106807332434
2.0623358928 0.107924822271
2.06158482858 0.106708601324
2.06083433128 0.106566352033
2.06008440035 0.105223849259
2.05933503523 0.105264477546
2.05858623537 0.105277086123
2.05783800023 0.103798704157
2.05709032924 0.103313947474
2.05634322185 0.103223731585
2.05559667752 0.10342480512
2.0548506957 0.103094463815
2.05410527583 0.102642222157
2.05336041737 0.101450224137
2.05261611977 0.100968904699
2.05187238249 0.0998474805158
2.05112920498 0.100323180403
2.05038658668 0.0992548506256
2.04964452707 0.098860544094
2.04890302559 0.0977836666174
2.0481620817 0.0970604313509
2.04742169486 0.0951227277944
2.04668186453 0.0959327841875
2.04594259016 0.095525664827
2.04520387121 0.0962423062053
2.04446570715 0.0958509229193
2.04372809744 0.095896865197
2.04299104153 0.0962762136192
2.0422545389 0.096131500275
2.04151858899 0.0952834706243
2.04078319128 0.095080098552
2.04004834523 0.0957260116244
2.03931405031 0.0965616343926
2.03858030597 0.0960021508561
2.0378471117 0.0950240686854
2.03711446695 0.0943574355371
2.03638237119 0.0933591540093
2.03565082389 0.0941132061405
2.03491982452 0.093565413867
2.03418937255 0.0939384385946
2.03345946745 0.0932615687041
2.03273010869 0.0925281392108
2.03200129574 0.0903748072939
2.03127302808 0.0904694593202
2.03054530518 0.0904463553271
2.0298181265 0.089975600355
2.02909149154 0.0904886499523
2.02836539975 0.090878016298
2.02763985063 0.0900715239727
2.02691484363 0.0903187738915
2.02619037825 0.0897633283664
2.02546645396 0.0890820493854
2.02474307023 0.0882689528322
2.02402022655 0.087217966748
2.0232979224 0.0879472969072
2.02257615725 0.0883169140897
2.02185493059 0.0875271022819
2.0211342419 0.0872640628904
2.02041409066 0.0875804564677
2.01969447636 0.0882950471969
2.01897539848 0.0885482649586
2.0182568565 0.0878281905881
2.01753884991 0.087549616936
2.01682137819 0.086033081811
2.01610444083 0.0857426567975
2.01538803732 0.0848887526351
2.01467216714 0.0838449128033
2.01395682979 0.0833649355674
2.01324202475 0.0830860347241
2.01252775151 0.0827696348484
2.01181400957 0.0820867423195
2.0111007984 0.0819793027401
2.01038811752 0.0823783087339
2.00967596639 0.0815306802054
2.00896434453 0.0812768850996
2.00825325142 0.0809354414057
2.00754268656 0.0808859305986
2.00683264944 0.0811266378956
2.00612313956 0.0809757722204
2.00541415641 0.0817197304589
2.00470569949 0.0822196513353
2.0039977683 0.0818256434224
2.00329036233 0.0800244318935
2.00258348109 0.0787209670209
2.00187712407 0.0780542413311
2.00117129078 0.0781833968449
2.0004659807 0.0780304317795
1.99976119336 0.077419642714
1.99905692823 0.0772941251048
1.99835318484 0.0773434990513
1.99764996268 0.0770391849894
1.99694726125 0.0768924729826
1.99624508006 0.0762205896377
1.99554341862 0.0753955419292
1.99484227642 0.0754511808174
1.99414165298 0.0745797606814
1.99344154781 0.0739931539265
1.9927419604 0.0739615706737
1.99204289027 0.0745727465877
1.99134433693 0.0738083599685
1.99064629988 0.0724253566926
1.98994877864 0.0721443346079
1.98925177271 0.0723422151391
1.98855528161 0.0720717354699
1.98785930485 0.0722776052015
1.98716384194 0.0709159418618
1.98646889239 0.0713803097675
1.98577445572 0.0713191214723
1.98508053144 0.0703134934427
1.98438711907 0.0688346981468
1.98369421812 0.0685920083339
1.9830018281 0.068741061494
1.98230994854 0.0693934885394
1.98161857895 0.0687133437486
1.98092771885 0.0677121403249
1.98023736775 0.0671028365216
1.97954752518 0.0673202127244
1.97885819066 0.0665972041113
1.9781693637 0.0668991608357
1.97748104382 0.0661174575648
1.97679323056 0.0668376713806
1.97610592342 0.0662488508617
1.97541912194 0.0658259283253
1.97473282563 0.0665197225666
1.97404703401 0.0670905441681
1.97336174663 0.0652602384205
1.97267696299 0.0639348973796
1.97199268262 0.0632852678587
1.97130890505 0.0641564450983
1.97062562981 0.064305920004
1.96994285642 0.0636612649742
1.96926058442 0.0627709247377
1.96857881332 0.0635693405169
1.96789754266 0.0645496417794
1.96721677198 0.0636957439388
1.96653650079 0.0637671949308
1.96585672863 0.0637806942159
1.96517745503 0.0634214830461
1.96449867952 0.0626955879025
1.96382040164 0.0622167874832
1.96314262092 0.0612271293176
1.96246533689 0.0617236524412
1.96178854908 0.0621797358138
1.96111225704 0.0615175881547
1.96043646029 0.0605151679705
1.95976115838 0.0612151239713
1.95908635084 0.0614924885576
1.9584120372 0.0601931117963
1.95773821701 0.0599485561836
1.9570648898 0.0596817681616
1.95639205511 0.0601609394296
1.95571971248 0.0589605840341
1.95504786146 0.0593010379614
1.95437650158 0.0590079516354
1.95370563237 0.0596247199178
1.9530352534 0.0592811050166
1.95236536419 0.0598020688574
1.95169596429 0.058034601088
1.95102705324 0.0585056658898
1.95035863059 0.058548134366
1.94969069588 0.0585250233724
1.94902324866 0.0575633112352
1.94835628847 0.057925253721
1.94768981486 0.0586138027579
1.94702382738 0.0586020713395
1.94635832557 0.0579894815091
1.94569330898 0.0587443640829
1.94502877716 0.0585561276763
1.94436472966 0.0577130278491
1.94370116602 0.0569479596224
1.94303808581 0.0570877079892
1.94237548856 0.0575329973271
1.94171337384 0.0579202015154
1.94105174118 0.0570573898706
1.94039059015 0.0568069644259
1.9397299203 0.0563425333297
1.93906973118 0.0577851219345
1.93841002234 0.0572151862058
1.93775079334 0.0561628694552
1.93709204374 0.0561956733532
1.93643377309 0.0565739625974
1.93577598094 0.0569229599762
1.93511866686 0.0560990014568
1.9344618304 0.0565899437739
1.93380547111 0.0570319182046
1.93314958856 0.0561401230361
1.93249418231 0.0554930376947
1.93183925192 0.0554057101492
1.93118479693 0.0563498346272
1.93053081693 0.0575364737703
1.92987731146 0.0578834665464
1.92922428009 0.0571687134991
1.92857172238 0.0580894067021
1.92791963789 0.0598271764923
1.92726802619 0.0599478800423
1.92661688684 0.0592295216784
1.92596621941 0.05899624623
1.92531602345 0.0592290852576
1.92466629854 0.0593158368908
1.92401704424 0.0578872532352
1.92336826012 0.0582827240225
1.92271994574 0.0577809534388
1.92207210068 0.0587638122806
1.92142472449 0.058035373659
1.92077781675 0.0580644325659
1.92013137703 0.0583149437271
1.9194854049 0.0585937375217
1.91883989992 0.0584283404875
1.91819486167 0.0588701244896
1.91755028972 0.0572102620688
1.91690618364 0.0596633304243
1.91626254301 0.0607671573734
1.91561936739 0.0616681380887
1.91497665635 0.0614265597757
1.91433440949 0.0615596507735
1.91369262635 0.0635509068878
1.91305130654 0.0622555471757
1.9124104496 0.0623321562512
1.91177005514 0.0627499912573
1.91113012271 0.0634410707455
1.91049065189 0.0618537315346
1.90985164228 0.0624528689297
1.90921309343 0.06241926816
1.90857500493 0.0631242546482
1.90793737637 0.0621769268751
1.90730020731 0.0628448992137
1.90666349734 0.0635818275717
1.90602724604 0.0654561069138
1.90539145299 0.0666770435103
1.90475611777 0.0669018973173
1.90412123997 0.065312220436
1.90348681916 0.0673941238248
1.90285285493 0.0685595448406
1.90221934687 0.067692787467
1.90158629455 0.067593210224
1.90095369756 0.0687949829139
1.90032155549 0.0708266824832
1.89968986792 0.0713350579828
1.89905863444 0.0720016904353
1.89842785464 0.0727826375796
1.89779752809 0.0744861797974
1.8971676544 0.0754638404036
1.89653823315 0.0759737321036
1.89590926392 0.0763982777993
1.8952807463 0.0777091061566
1.89465267989 0.080233266566
1.89402506428 0.0817127520443
1.89339789905 0.0825124771977
1.89277118379 0.0848124170761
1.89214491811 0.086719601369
1.89151910158 0.0890582166263
1.89089373381 0.0892753328886
1.89026881438 0.0923199548276
1.88964434289 0.0934006278553
1.88902031894 0.0956254896684
1.88839674211 0.0987397173465
1.887773612 0.10161882522
1.88715092821 0.102572676729
1.88652869034 0.104456101817
1.88590689798 0.10765745161
1.88528555072 0.108988887154
1.88466464817 0.112809752871
1.88404418992 0.115751531677
1.88342417558 0.117648131527
1.88280460473 0.11937296696
1.88218547698 0.121802881103
1.88156679193 0.124401806905
1.88094854918 0.126547316166
1.88033074833 0.128009054413
1.87971338899 0.132620346404
1.87909647074 0.13353666017
1.8784799932 0.135929133403
1.87786395597 0.137489775375
1.87724835865 0.139670735346
1.87663320085 0.142560011153
1.87601848217 0.146253379509
1.87540420221 0.148146066198
1.87479036057 0.150435896806
1.87417695688 0.152079251066
1.87356399072 0.152743756751
1.87295146171 0.156094847374
1.87233936946 0.157523471486
1.87172771356 0.158409581908
1.87111649364 0.162601288893
1.8705057093 0.165580803817
1.86989536014 0.167551050186
1.86928544577 0.166844040014
1.86867596582 0.168074576901
1.86806691988 0.170845824865
1.86745830756 0.172817929557
1.86685012849 0.174672640991
1.86624238226 0.174208590404
1.8656350685 0.176444141667
1.86502818681 0.179348108819
1.86442173681 0.180842671707
1.86381571811 0.180701014858
1.86321013033 0.183819312218
1.86260497308 0.185120007191
1.86200024597 0.186153485911
1.86139594862 0.186466547561
1.86079208064 0.188404206109
1.86018864166 0.190521610941
1.85958563129 0.190892120571
1.85898304914 0.192287240118
1.85838089484 0.193855654378
1.857779168 0.194113208586
1.85717786824 0.196245774272
1.85657699518 0.198764910086
1.85597654843 0.200159375696
1.85537652763 0.199559851861
1.85477693239 0.199199864836
1.85417776232 0.202162654646
1.85357901706 0.202113666166
1.85298069622 0.204424628538
1.85238279943 0.205138172026
1.8517853263 0.206321958727
1.85118827647 0.20363861479
1.85059164955 0.204921664805
1.84999544517 0.207312380406
1.84939966295 0.208721022423
1.84880430252 0.208213653247
1.8482093635 0.209569172391
1.84761484552 0.210153610821
1.84702074821 0.21084091545
1.84642707119 0.211512887498
1.84583381409 0.212062442431
1.84524097653 0.210670940801
1.84464855815 0.21456982389
1.84405655857 0.215663223894
1.84346497743 0.214107043402
1.84287381434 0.213168666743
1.84228306895 0.214924418772
1.84169274088 0.216222502153
1.84110282976 0.216832538508
1.84051333522 0.217458701709
1.8399242569 0.218259502385
1.83933559442 0.218996497514
1.83874734742 0.218203823741
1.83815951553 0.218473333358
1.83757209839 0.216732456057
1.83698509563 0.218239507995
1.83639850687 0.221358884827
1.83581233177 0.219895616464
1.83522656995 0.218108922592
1.83464122104 0.220411780661
1.83405628469 0.220730378128
1.83347176053 0.220473901906
1.83288764819 0.21886657645
1.83230394732 0.219656578502
1.83172065754 0.221402268118
1.83113777851 0.22121675247
1.83055530985 0.221070233448
1.82997325121 0.221491895385
1.82939160223 0.221272727892
1.82881036254 0.221699254701
1.82822953179 0.22184801395
1.82764910961 0.222402430005
1.82706909564 0.22205762194
1.82648948954 0.221358080453
1.82591029093 0.222691921554
1.82533149947 0.222597837205
1.82475311479 0.222683875704
1.82417513654 0.222084145436
1.82359756436 0.222192402188
1.8230203979 0.22073344055
1.8224436368 0.219623129127
1.8218672807 0.2197662593
1.82129132924 0.220159929632
1.82071578209 0.222699671032
1.82014063887 0.222679894854
1.81956589925 0.222017870831
1.81899156285 0.221360984102
1.81841762934 0.222428336138
1.81784409836 0.223003060347
1.81727096955 0.222422783529
1.81669824257 0.223487066664
1.81612591706 0.222285100874
1.81555399268 0.224718339679
1.81498246907 0.223292049865
1.81441134589 0.224585358064
1.81384062277 0.224033410065
1.81327029939 0.223957426657
1.81270037538 0.222598899769
1.8121308504 0.222392837474
1.8115617241 0.223129901073
1.81099299613 0.226373689313
1.81042466614 0.226239492037
1.8098567338 0.226194172768
1.80928919875 0.223305776307
1.80872206065 0.224318771124
1.80815531915 0.223395775197
1.8075889739 0.224421800652
1.80702302457 0.224768097367
1.80645747081 0.225225716881
1.80589231227 0.223978982068
1.80532754861 0.224526807376
1.80476317949 0.223283601551
1.80419920456 0.223623197906
1.80363562349 0.226182173522
1.80307243593 0.226323622665
1.80250964154 0.229256026315
1.80194723998 0.228122348615
1.8013852309 0.225786990342
1.80082361398 0.222089537883
1.80026238886 0.225623003739
1.79970155521 0.226902528275
1.7991411127 0.226550703337
1.79858106097 0.225801231727
1.7980213997 0.224740607594
1.79746212854 0.225745198896
1.79690324716 0.224969812087
1.79634475522 0.22508348858
1.79578665238 0.224588925673
1.79522893832 0.226156553301
1.79467161268 0.226944042042
1.79411467514 0.227083358192
1.79355812536 0.2235918188
1.79300196301 0.223495720791
1.79244618776 0.226496164512
1.79189079926 0.228274679915
1.79133579718 0.229148600769
1.7907811812 0.225472163471
1.79022695098 0.22600128565
1.78967310618 0.22676818453
1.78911964648 0.230168450645
1.78856657154 0.227783570888
1.78801388104 0.2249846039
1.78746157463 0.225820694155
1.786909652 0.228694757686
1.7863581128 0.228279408704
1.78580695672 0.225887021718
1.78525618342 0.225408793694
1.78470579257 0.224885905125
1.78415578384 0.228529045824
1.78360615692 0.228268659017
1.78305691146 0.22519052703
1.78250804714 0.223135994694
1.78195956363 0.223173937815
1.78141146061 0.227714312697
1.78086373776 0.230687340194
1.78031639473 0.228985162333
1.77976943122 0.225048935011
1.77922284689 0.226487381379
1.77867664142 0.229661445577
1.77813081449 0.230092503387
1.77758536576 0.22677591291
1.77704029493 0.228671313127
1.77649560166 0.230046796116
1.77595128563 0.230297249011
1.77540734652 0.230000679739
1.774863784 0.227492993794
1.77432059776 0.226486809723
1.77377778748 0.229908782566
1.77323535283 0.232554280268
1.77269329348 0.232072091818
1.77215160913 0.229905060796
1.77161029946 0.228510105329
1.77106936413 0.228268324571
1.77052880284 0.231292066314
1.76998861526 0.232502601951
1.76944880107 0.231598330431
1.76890935997 0.227974190529
1.76837029162 0.229436835257
1.76783159572 0.234001010091
1.76729327194 0.234484357598
1.76675531997 0.233248919332
1.76621773949 0.230925108026
1.76568053019 0.233931872968
1.76514369175 0.235065571648
1.76460722385 0.237567449266
1.76407112619 0.235338349312
1.76353539844 0.230947402314
1.7630000403 0.232077635812
1.76246505144 0.2364393737
1.76193043156 0.236743159844
1.76139618034 0.237533040671
1.76086229748 0.236256575556
1.76032878265 0.234625383383
1.75979563554 0.234001856731
1.75926285585 0.234932364007
1.75873044326 0.239466766367
1.75819839746 0.238790130124
1.75766671815 0.234573935721
1.757135405 0.233886271428
1.75660445772 0.238462098916
1.75607387599 0.238826060001
1.7555436595 0.23957433522
1.75501380794 0.238727228972
1.75448432101 0.236443988775
1.7539551984 0.235230609857
1.7534264398 0.236410034182
1.7528980449 0.240073228701
1.7523700134 0.240513719164
1.75184234498 0.239586165214
1.75131503935 0.239487046388
1.75078809619 0.239229301373
1.75026151521 0.241653182954
1.74973529609 0.240202421024
1.74920943853 0.240179762977
1.74868394223 0.238187763592
1.74815880688 0.239221122795
1.74763403218 0.241996251444
1.74710961783 0.243568575548
1.74658556351 0.241875756477
1.74606186894 0.238846135927
1.7455385338 0.239655619846
1.7450155578 0.239810720933
1.74449294063 0.241848855144
1.74397068199 0.245477474296
1.74344878158 0.241190011972
1.7429272391 0.239492812577
1.74240605424 0.237375329576
1.74188522672 0.241319937821
1.74136475623 0.244684030897
1.74084464247 0.246551959561
1.74032488513 0.24560629919
1.73980548393 0.241053583977
1.73928643856 0.239628561994
1.73876774873 0.241985906562
1.73824941414 0.245422470529
1.73773143449 0.245922021852
1.73721380948 0.246059287144
1.73669653881 0.244126520197
1.7361796222 0.242728086753
1.73566305935 0.244138365884
1.73514684995 0.244035744359
1.73463099371 0.245654599465
1.73411549035 0.24371861905
1.73360033956 0.243895109204
1.73308554104 0.244727773836
1.73257109452 0.245479147143
1.73205699968 0.246739346001
1.73154325625 0.248244332282
1.73102986392 0.247869880105
1.7305168224 0.246310557777
1.73000413141 0.245447847646
1.72949179064 0.245468749423
1.72897979981 0.244781625171
1.72846815862 0.247264086252
1.7279568668 0.248881080438
1.72744592403 0.248156920827
1.72693533004 0.246350278873
1.72642508453 0.248075820177
1.72591518721 0.248177439718
1.72540563781 0.244388465815
1.72489643601 0.247585782294
1.72438758154 0.247756788963
1.72387907412 0.24729112771
1.72337091344 0.245867743019
1.72286309922 0.250325291592
1.72235563118 0.249118783401
1.72184850903 0.24706595226
1.72134173248 0.247103272845
1.72083530124 0.24929933342
1.72032921503 0.248509767914
1.71982347357 0.246379889314
1.71931807656 0.248017183392
1.71881302373 0.248589747808
1.71830831478 0.246675560801
1.71780394944 0.247976131256
1.71729992741 0.250816520542
1.71679624842 0.251606966688
1.71629291219 0.249476211162
1.71578991842 0.248690060538
1.71528726683 0.247340053698
1.71478495715 0.244134413166
1.71428298909 0.245022302052
1.71378136236 0.248994669879
1.7132800767 0.249751835256
1.71277913181 0.249937811229
1.71227852741 0.251131819434
1.71177826323 0.248549769973
1.71127833898 0.249106168043
1.71077875438 0.250066674165
1.71027950916 0.25280144498
1.70978060303 0.250803505107
1.70928203572 0.251875098511
1.70878380694 0.251386406457
1.70828591642 0.251059587416
1.70778836388 0.24730695886
1.70729114904 0.24554424424
1.70679427163 0.248025734326
1.70629773136 0.248116743309
1.70580152797 0.249810409351
1.70530566116 0.2518743036
1.70481013067 0.249330611216
1.70431493623 0.249824739838
1.70382007755 0.246810513567
1.70332555436 0.248637746055
1.70283136638 0.248503668407
1.70233751334 0.251451463092
1.70184399497 0.253539688713
1.70135081099 0.251184524351
1.70085796113 0.251159315434
1.70036544511 0.250747814875
1.69987326266 0.249543187218
1.69938141351 0.249222443711
1.69888989739 0.249203599342
1.69839871401 0.250076091635
1.69790786312 0.249673580189
1.69741734444 0.250315177712
1.69692715769 0.249958434244
1.69643730261 0.251848698725
1.69594777893 0.252101275501
1.69545858637 0.251373397788
1.69496972467 0.252710825189
1.69448119355 0.25085471938
1.69399299275 0.250398051665
1.69350512199 0.249588127812
1.69301758101 0.249455678794
1.69253036954 0.249756406396
1.69204348731 0.251866580421
1.69155693405 0.251048460372
1.69107070949 0.252894682274
1.69058481338 0.253046289498
1.69009924543 0.251528682756
1.68961400538 0.25066621914
1.68912909297 0.250974847171
1.68864450792 0.250404912872
1.68816024998 0.250704764018
1.68767631888 0.250129606128
1.68719271435 0.248829742034
1.68670943613 0.250843898527
1.68622648395 0.250141096604
1.68574385755 0.248066263636
1.68526155666 0.251854960711
1.68477958102 0.250254003297
1.68429793037 0.249774651028
1.68381660444 0.249853873281
1.68333560296 0.24990334177
1.68285492569 0.250824741075
1.68237457235 0.250568425622
1.68189454268 0.249485940073
1.68141483642 0.250666443775
1.6809354533 0.248576711296
1.68045639308 0.249655116951
1.67997765548 0.248715911471
1.67949924025 0.250479493883
1.67902114712 0.248608442462
1.67854337583 0.251197853255
1.67806592613 0.25247540757
1.67758879775 0.250437258678
1.67711199044 0.248810628185
1.67663550394 0.249570383599
1.67615933798 0.250493798522
1.67568349231 0.250861565573
1.67520796668 0.253182655428
1.67473276082 0.249279615292
1.67425787447 0.249012985585
1.67378330738 0.250997920508
1.67330905929 0.251188861846
1.67283512995 0.25129418426
1.67236151909 0.252612102173
1.67188822647 0.2508329807
1.67141525182 0.250786029361
1.67094259489 0.248994023093
1.67047025543 0.248143763104
1.66999823318 0.25133964145
1.66952652788 0.249361952348
1.66905513928 0.249785751422
1.66858406713 0.250457000299
1.66811331117 0.250801382342
1.66764287115 0.250862131488
1.66717274682 0.24896866227
1.66670293792 0.247957979854
1.6662334442 0.248235527026
1.6657642654 0.247443788678
1.66529540128 0.249484939226
1.66482685158 0.247710502354
1.66435861605 0.246659164501
1.66389069445 0.24602368478
1.66342308651 0.246117634349
1.66295579199 0.247623052158
1.66248881063 0.24687560687
1.66202214219 0.247144382955
1.66155578642 0.246562173582
1.66108974307 0.247639791936
1.66062401188 0.247432670426
1.66015859261 0.246478607538
1.65969348501 0.246430327411
1.65922868883 0.246128130981
1.65876420382 0.246984388477
1.65830002973 0.247481275427
1.65783616633 0.248772189811
1.65737261335 0.24715569292
1.65690937055 0.246275232156
1.65644643768 0.245826797381
1.65598381451 0.243887492549
1.65552150077 0.247488058829
1.65505949623 0.247788311306
1.65459780063 0.246555632713
1.65413641374 0.246267816049
1.65367533531 0.246187649922
1.65321456509 0.248346616932
1.65275410283 0.248493951955
1.6522939483 0.245785480069
1.65183410125 0.244068249922
1.65137456143 0.245709511606
1.6509153286 0.245809862384
1.65045640252 0.245403704211
1.64999778294 0.24393576425
1.64953946963 0.243170553674
1.64908146233 0.243306278356
1.64862376081 0.24160839443
1.64816636482 0.244315507882
1.64770927412 0.241331466965
1.64725248847 0.240656208202
1.64679600763 0.241475236384
1.64633983135 0.241447525837
1.64588395941 0.24155315069
1.64542839154 0.241104150881
1.64497312753 0.239704531208
1.64451816711 0.241712114463
1.64406351006 0.239370175577
1.64360915614 0.240479256811
1.64315510511 0.240918602517
1.64270135672 0.242179960777
1.64224791074 0.243569478414
1.64179476693 0.242649396874
1.64134192505 0.242326969002
1.64088938486 0.241162109894
1.64043714613 0.241734083832
1.63998520862 0.242004603769
1.63953357209 0.240899851822
1.6390822363 0.241922152174
1.63863120102 0.240568019519
1.63818046601 0.240739431524
1.63773003104 0.241726652198
1.63727989586 0.241992354397
1.63683006025 0.242848312771
1.63638052396 0.239368496806
1.63593128677 0.240049203516
1.63548234843 0.244073494607
1.63503370871 0.242469626967
1.63458536739 0.239937800128
1.63413732422 0.241471771467
1.63368957896 0.242117880949
1.6332421314 0.240799135357
1.63279498129 0.240415021628
1.63234812839 0.240970576188
1.63190157249 0.239239974877
1.63145531334 0.240316579445
1.63100935071 0.238210268403
1.63056368437 0.24240438362
1.63011831408 0.239199252374
1.62967323963 0.239644624525
1.62922846077 0.24001983966
1.62878397727 0.240257000874
1.62833978891 0.238215314426
1.62789589544 0.239528617939
1.62745229665 0.240263924553
1.6270089923 0.240496467108
1.62656598217 0.242373836207
1.62612326601 0.240290965606
1.62568084361 0.238056691452
1.62523871473 0.237024104141
1.62479687915 0.239692227257
1.62435533663 0.239801838688
1.62391408695 0.237935922022
1.62347312988 0.236221556123
1.62303246519 0.238175124678
1.62259209265 0.242068752709
1.62215201205 0.239344444769
1.62171222314 0.234482692057
