3.69212786891 0.0169429802066
3.68985082363 0.0179234542015
3.6875763105 0.0169472574711
3.68530432561 0.0173704232401
3.68303486509 0.0169273832721
3.68076792506 0.0146645055384
3.67850350164 0.0160192102401
3.67624159096 0.0174105119138
3.67398218917 0.0174468823134
3.67172529243 0.0178777109111
3.66947089688 0.017013815444
3.6672189987 0.0178481559219
3.66496959405 0.0154376916406
3.66272267913 0.0177825667406
3.66047825012 0.0179038309399
3.65823630321 0.0164111739642
3.65599683461 0.017905999746
3.65375984053 0.0183281319382
3.6515253172 0.0177261350934
3.64929326083 0.0172585958299
3.64706366766 0.018859245001
3.64483653393 0.0196391854564
3.6426118559 0.0187432795337
3.64038962982 0.0183108176535
3.63816985194 0.0171873143597
3.63595251856 0.0165943280721
3.63373762593 0.016983213554
3.63152517035 0.0174234174822
3.62931514812 0.0184917227772
3.62710755552 0.017812398809
3.62490238888 0.0181880560244
3.6226996445 0.0160610026808
3.62049931872 0.0169465871293
3.61830140784 0.0180899982069
3.61610590823 0.0194415792739
3.61391281621 0.0181421625184
3.61172212815 0.0179922288437
3.60953384039 0.0168672093511
3.60734794931 0.0170653660077
3.60516445128 0.0173396418091
3.60298334268 0.017562578206
3.60080461989 0.0185877735657
3.59862827931 0.0180422119578
3.59645431734 0.0179246665674
3.59428273039 0.0181035117731
3.59211351488 0.0180435033868
3.58994666722 0.0186414049332
3.58778218386 0.0196033177844
3.58562006121 0.0192823475805
3.58346029573 0.0193041377556
3.58130288387 0.0193799034344
3.57914782209 0.0194338220106
3.57699510684 0.0175187689326
3.57484473461 0.0176400129832
3.57269670186 0.0200408110466
3.57055100508 0.0204222293203
3.56840764078 0.01993369902
3.56626660543 0.0195058342292
3.56412789556 0.0193492995424
3.56199150766 0.0199391269988
3.55985743827 0.0205123445116
3.5577256839 0.0193965217937
3.5555962411 0.0201065267602
3.55346910639 0.0180585147903
3.55134427633 0.0182878521509
3.54922174746 0.0180459453633
3.54710151635 0.0194775120729
3.54498357957 0.0209999673604
3.54286793368 0.0197241838055
3.54075457527 0.0189066265477
3.53864350092 0.0189271807795
3.53653470723 0.0201210841763
3.53442819079 0.0206507420317
3.53232394821 0.0197747879249
3.5302219761 0.021296046847
3.52812227108 0.0203608373418
3.52602482978 0.0202252471143
3.52392964884 0.0199316558966
3.52183672487 0.0197186573655
3.51974605455 0.0211467752025
3.51765763451 0.0203825524973
3.51557146141 0.0206776521147
3.51348753192 0.0197952803998
3.5114058427 0.0197636590596
3.50932639045 0.0213154163271
3.50724917183 0.0205295435368
3.50517418354 0.0186809253337
3.50310142228 0.0193946981541
3.50103088475 0.0196910272279
3.49896256766 0.0200173148958
3.49689646772 0.0209005522469
3.49483258165 0.0215230862777
3.4927709062 0.021227613106
3.49071143808 0.0220002965956
3.48865417403 0.0235103254424
3.48659911082 0.0237791181224
3.48454624518 0.0237820424731
3.48249557389 0.023420494531
3.48044709369 0.0223432221832
3.47840080138 0.0229299014983
3.47635669371 0.0235427662615
3.47431476749 0.0209074362339
3.47227501949 0.0207577119778
3.47023744652 0.022703322951
3.46820204538 0.0231364673195
3.46616881287 0.0237924703857
3.46413774581 0.0210949387525
3.46210884103 0.0219854148266
3.46008209534 0.0219825569391
3.45805750558 0.0230134402737
3.4560350686 0.0226668023498
3.45401478123 0.0225471968918
3.45199664032 0.0219366182724
3.44998064274 0.0233174960513
3.44796678535 0.0226493422363
3.44595506501 0.022662062889
3.4439454786 0.0224078468056
3.441938023 0.0243855749647
3.4399326951 0.0236294007681
3.43792949179 0.0221502607621
3.43592840996 0.0226204958998
3.43392944653 0.0221663188151
3.4319325984 0.0222195276182
3.4299378625 0.0214599811561
3.42794523573 0.0227678199182
3.42595471503 0.024057062189
3.42396629733 0.0229499299166
3.42197997958 0.0233583717879
3.41999575871 0.0219062679111
3.41801363168 0.0216141374838
3.41603359544 0.0236969021354
3.41405564696 0.0239438639877
3.41207978321 0.0228698776615
3.41010600116 0.023007351677
3.40813429778 0.022206489354
3.40616467007 0.0220514972942
3.40419711501 0.0206474618522
3.4022316296 0.0230541646515
3.40026821085 0.024949497938
3.39830685576 0.0243859469448
3.39634756134 0.0236044266227
3.39439032462 0.0229102763612
3.39243514261 0.0232462752331
3.39048201236 0.0238392615557
3.38853093089 0.0255436722259
3.38658189524 0.0249669846112
3.38463490247 0.0234168769599
3.38268994963 0.0240526390849
3.38074703377 0.0230217449146
3.37880615196 0.0251961018277
3.37686730126 0.0246615649251
3.37493047876 0.0271964903376
3.37299568152 0.0270312952582
3.37106290665 0.0262668772707
3.36913215122 0.0247934823852
3.36720341233 0.0243165287968
3.36527668709 0.0245820800299
3.36335197261 0.0251020384715
3.36142926599 0.0259664644014
3.35950856435 0.0281610923757
3.35758986482 0.0292962577677
3.35567316452 0.0279653242635
3.35375846059 0.0278729657614
3.35184575018 0.0286624718852
3.34993503041 0.0278512864673
3.34802629845 0.0291578977687
3.34611955145 0.0301004574535
3.34421478657 0.0319875952767
3.34231200097 0.0323082304417
3.34041119183 0.0294195730747
3.33851235633 0.0301100137732
3.33661549163 0.0303774341074
3.33472059494 0.0292909711742
3.33282766344 0.0307133357414
3.33093669433 0.0309620917702
3.32904768482 0.0321782836085
3.3271606321 0.0321778968909
3.3252755334 0.0321946138339
3.32339238593 0.0335790424968
3.32151118692 0.0329432947491
3.31963193358 0.0327641544846
3.31775462317 0.0345389623617
3.3158792529 0.0331108596756
3.31400582004 0.0313848486677
3.31213432182 0.0327989276322
3.3102647555 0.0342252458558
3.30839711834 0.0340954022936
3.30653140761 0.0343181689026
3.30466762056 0.0358301136874
3.30280575448 0.0328326597785
3.30094580665 0.0318198753165
3.29908777434 0.0326924592926
3.29723165485 0.0329727368259
3.29537744547 0.0310342245468
3.2935251435 0.0316219086627
3.29167474625 0.0331233443134
3.28982625101 0.0333517995893
3.28797965512 0.033166479385
3.28613495588 0.0339043307572
3.28429215061 0.0325435797854
3.28245123665 0.0323712997869
3.28061221134 0.0336335248663
3.278775072 0.0345259961817
3.27693981598 0.0329430426874
3.27510644063 0.0335572490811
3.27327494331 0.0335999478844
3.27144532136 0.0313876887711
3.26961757215 0.031517823411
3.26779169306 0.0308872905933
3.26596768144 0.0311761978239
3.26414553469 0.0320368805527
3.26232525017 0.0351228094817
3.26050682528 0.0357470489468
3.25869025741 0.0330635517839
3.25687554395 0.0332960341592
3.2550626823 0.0351395550946
3.25325166988 0.0319942944786
3.25144250408 0.0313315976831
3.24963518233 0.0333399133554
3.24782970204 0.0329127704658
3.24602606064 0.0319804708623
3.24422425556 0.0322374746957
3.24242428423 0.0319399816623
3.24062614409 0.0300526144622
3.23882983257 0.0289028765762
3.23703534714 0.0294706161038
3.23524268524 0.0305435869336
3.23345184433 0.0289746668031
3.23166282187 0.0317579572422
3.22987561532 0.0329476194779
3.22809022216 0.0305130250461
3.22630663986 0.0316646033522
3.2245248659 0.0324099787218
3.22274489776 0.0307746330537
3.22096673294 0.0300579336758
3.21919036892 0.0303416508754
3.21741580321 0.0304061380102
3.21564303331 0.0298508478749
3.21387205672 0.0311727720565
3.21210287096 0.0299026018417
3.21033547354 0.0296170495492
3.20856986198 0.0293358338122
3.2068060338 0.0290258011128
3.20504398654 0.0295933590482
3.20328371773 0.0281676301448
3.20152522491 0.0293742389238
3.19976850562 0.0303287858069
3.1980135574 0.0299375502711
3.19626037781 0.0305156861402
3.19450896441 0.0314160752389
3.19275931475 0.0297812214655
3.1910114264 0.0313581811507
3.18926529692 0.0312708051718
3.18752092389 0.030140625584
3.1857783049 0.0284378250284
3.18403743751 0.0297910325669
3.18229831932 0.0291675495358
3.18056094791 0.0274306664454
3.17882532089 0.027631873587
3.17709143585 0.0299219786574
3.17535929039 0.0300898010716
3.17362888212 0.0281222775289
3.17190020866 0.0296059961169
3.17017326762 0.0284429516982
3.16844805661 0.0271373637214
3.16672457328 0.0284001837866
3.16500281523 0.0266650610783
3.16328278012 0.0264922308618
3.16156446557 0.0281136745384
3.15984786923 0.0299221672374
3.15813298873 0.0302158876766
3.15641982174 0.0271901510012
3.15470836591 0.0292198141855
3.15299861889 0.0298430437174
3.15129057836 0.0284090584888
3.14958424196 0.0289096435552
3.14787960738 0.0294483868382
3.14617667229 0.0281583896053
3.14447543437 0.0295922125378
3.1427758913 0.0274213209195
3.14107804077 0.0247239375748
3.13938188047 0.0280635082179
3.1376874081 0.0282823020688
3.13599462135 0.0279215497205
3.13430351793 0.0271556189052
3.13261409555 0.0317444367809
3.13092635192 0.0326379465891
3.12924028476 0.0304231255789
3.12755589178 0.0301323975247
3.1258731707 0.0308572082925
3.12419211927 0.0301513150103
3.1225127352 0.0287040516944
3.12083501624 0.0268324394006
3.11915896012 0.0284172365064
3.11748456459 0.0279592596379
3.11581182739 0.0272783473971
3.11414074628 0.0289470756417
3.11247131902 0.0287904262727
3.11080354336 0.0297196036043
3.10913741706 0.0298631066218
3.1074729379 0.0290722576156
3.10581010364 0.0269806272564
3.10414891207 0.0261715475328
3.10248936096 0.0276138380057
3.10083144808 0.0265045226078
3.09917517125 0.0277303786539
3.09752052823 0.030695703545
3.09586751683 0.0289084940701
3.09421613484 0.026825520259
3.09256638007 0.0290457586539
3.09091825033 0.0304673998564
3.08927174342 0.028903829217
3.08762685716 0.0287005813658
3.08598358937 0.0280212345173
3.08434193786 0.0284852019715
3.08270190047 0.0264625006911
3.08106347502 0.0285787889028
3.07942665935 0.0278087673355
3.07779145129 0.0294063561249
3.07615784868 0.0284180865364
3.07452584938 0.0293460977141
3.07289545122 0.028283712356
3.07126665206 0.0266816042084
3.06963944975 0.0261869398409
3.06801384216 0.0262052168326
3.06638982714 0.0261076507845
3.06476740257 0.0283113098056
3.06314656631 0.0253844243119
3.06152731624 0.0239913853483
3.05990965024 0.0242442977134
3.05829356618 0.0281764889212
3.05667906196 0.0272611780538
3.05506613546 0.0269755827182
3.05345478457 0.0284144898535
3.0518450072 0.0279135521357
3.05023680124 0.0285611632792
3.0486301646 0.0276091538078
3.04702509517 0.0283316170428
3.04542159088 0.0254919851667
3.04381964964 0.0262283633744
3.04221926937 0.0246302441066
3.04062044798 0.0260012866236
3.0390231834 0.025568095624
3.03742747357 0.025345774257
3.03583331641 0.0277594820471
3.03424070986 0.0292851625543
3.03264965186 0.0280109529477
3.03106014035 0.0268956191751
3.02947217328 0.0276084095123
3.02788574861 0.0243805405585
3.02630086427 0.021907162418
3.02471751824 0.0230885002665
3.02313570847 0.0242380469873
3.02155543292 0.0242183621175
3.01997668957 0.0239660719311
3.01839947638 0.0240852633063
3.01682379134 0.0244623895033
3.01524963241 0.0247735595386
3.01367699758 0.0240840708276
3.01210588484 0.0238902386916
3.01053629217 0.0260801173962
3.00896821757 0.0257805988572
3.00740165902 0.0261069639366
3.00583661454 0.0235481060366
3.00427308212 0.0240124215434
3.00271105978 0.023720923118
3.0011505455 0.0214857592777
2.99959153732 0.023191757897
2.99803403325 0.0242579002261
2.9964780313 0.0239741821946
2.9949235295 0.0227080527017
2.99337052588 0.0235864835087
2.99181901846 0.0238003257008
2.99026900528 0.0247729129377
2.98872048438 0.0237133856198
2.98717345379 0.0202318707734
2.98562791155 0.0211242458607
2.98408385572 0.0221585181345
2.98254128434 0.0230152698765
2.98100019547 0.0249628561562
2.97946058716 0.0258567063576
2.97792245747 0.0246624985808
2.97638580447 0.0233727855006
2.97485062622 0.0230039466805
2.97331692079 0.0216454091932
2.97178468626 0.0231495548428
2.97025392069 0.0210632421435
2.96872462217 0.0219177581062
2.96719678879 0.0222371034977
2.96567041862 0.023335528655
2.96414550976 0.0224860542221
2.96262206029 0.0201314287442
2.96110006832 0.0219221658606
2.95957953195 0.0222843178491
2.95806044927 0.0212779952543
2.95654281839 0.0205663259759
2.95502663742 0.0220310893492
2.95351190447 0.0223582549633
2.95199861766 0.0213183702885
2.9504867751 0.0199488951232
2.94897637492 0.0211899119636
2.94746741523 0.0181237433285
2.94595989417 0.0164199922734
2.94445380987 0.0180197357804
2.94294916047 0.0173678469938
2.94144594408 0.0194227563978
2.93994415887 0.0195877293339
2.93844380297 0.0185882164349
2.93694487453 0.0205062004793
2.9354473717 0.0179838821989
2.93395129263 0.0168603656628
2.93245663547 0.016820446037
2.93096339839 0.0198698304521
2.92947157954 0.0179286222966
2.9279811771 0.0158007355428
2.92649218923 0.0154468541191
2.9250046141 0.0167314267363
2.92351844989 0.0156884147635
2.92203369477 0.0160110180393
2.92055034692 0.0160479392434
2.91906840453 0.017329137353
2.91758786578 0.0175694811378
2.91610872887 0.0193880696219
2.91463099199 0.0185248434678
2.91315465332 0.0179821567225
2.91167971107 0.0154995042523
2.91020616345 0.0151015105902
2.90873400865 0.0164915372192
2.90726324489 0.0156639809694
2.90579387037 0.0154753475147
2.90432588331 0.0144961694642
2.90285928192 0.0160182710929
2.90139406443 0.0144197765208
2.89993022906 0.0153062523142
2.89846777403 0.016015104667
2.89700669757 0.0149615903414
2.89554699791 0.0144714690985
2.89408867329 0.0129435557768
2.89263172194 0.0114153643703
2.89117614211 0.0116186268124
2.88972193203 0.0118824640885
2.88826908996 0.0131345139897
2.88681761414 0.0112170125273
2.88536750283 0.0126235644209
2.88391875428 0.012004706905
2.88247136674 0.0125282295969
2.88102533848 0.0122029561477
2.87958066777 0.0150684580951
2.87813735286 0.0135939598929
2.87669539203 0.0114717613881
2.87525478354 0.0124467228305
2.87381552569 0.0113455346334
2.87237761673 0.0105831024526
2.87094105496 0.00875957677106
2.86950583865 0.00872703529186
2.8680719661 0.00976471355811
2.86663943559 0.0077306566666
2.86520824541 0.0087683128708
2.86377839387 0.00918402700061
2.86234987925 0.0112120217117
2.86092269986 0.0103500397721
2.85949685399 0.00900922788534
2.85807233997 0.00821479585882
2.85664915609 0.00899994609503
2.85522730067 0.00807326469229
2.85380677202 0.00881750098707
2.85238756846 0.00836781693168
2.85096968831 0.00834692319436
2.8495531299 0.0103602739141
2.84813789154 0.00842212218705
2.84672397156 0.00655932627156
2.84531136831 0.00705377632641
2.8439000801 0.00786217015527
2.84249010529 0.00839235215951
2.8410814422 0.00865984803992
2.83967408918 0.00872993196405
2.83826804457 0.00761713870414
2.83686330672 0.00665665686272
2.83545987399 0.00537686478426
2.83405774472 0.00578892926872
2.83265691727 0.00569128357434
2.83125739 0.00622851260765
2.82985916126 0.00735987149921
2.82846222944 0.00760981775708
2.82706659287 0.00748007607981
2.82567224995 0.0104158677354
2.82427919904 0.0107021333572
2.82288743851 0.00944697989225
2.82149696675 0.00777245074486
2.82010778212 0.00721438551508
2.81871988302 0.00709351098016
2.81733326782 0.00717603511097
2.81594793492 0.00549747293619
2.81456388271 0.00500044011904
2.81318110958 0.006270722193
2.81179961392 0.00727398770863
2.81041939413 0.00542036220417
2.80904044861 0.00677468312324
2.80766277578 0.00656898581305
2.80628637402 0.00660585704646
2.80491124175 0.00593777080613
2.80353737739 0.0058864651466
2.80216477934 0.00676045944551
2.80079344602 0.00483379832057
2.79942337586 0.00307151050222
2.79805456726 0.0036409511718
2.79668701866 0.00469599808463
2.79532072848 0.00446155829914
2.79395569516 0.00557432418331
2.79259191711 0.00676872065353
2.79122939278 0.00488122444645
2.78986812061 0.00397970056545
2.78850809903 0.00384180954273
2.78714932648 0.00507653947278
2.78579180142 0.00462248954415
2.78443552227 0.00506288664708
2.78308048751 0.00557153586538
2.78172669557 0.00551579827437
2.78037414491 0.00497141450325
2.77902283398 0.0039212570386
2.77767276126 0.0037411842424
2.77632392519 0.00485696642084
2.77497632425 0.00480675895108
2.77362995689 0.00537181195866
2.7722848216 0.00590420296737
2.77094091683 0.00494160421724
2.76959824107 0.00544650192809
2.76825679279 0.00487124751477
2.76691657048 0.00410605052746
2.7655775726 0.00476360055763
2.76423979765 0.00513275665658
2.76290324411 0.00493265961855
2.76156791047 0.00482497472983
2.76023379523 0.00356806545821
2.75890089687 0.00364396607528
2.75756921389 0.00516208004356
2.7562387448 0.00566634228954
2.75490948808 0.00564607488864
2.75358144225 0.00542524603801
2.75225460581 0.00478208830357
2.75092897727 0.00445691401587
2.74960455514 0.00499262899914
2.74828133793 0.00517631816904
2.74695932415 0.0053721854434
2.74563851234 0.0049960944144
2.74431890099 0.00601084456809
2.74300048865 0.00614514611832
2.74168327383 0.00521664363298
2.74036725505 0.00533525687867
2.73905243086 0.00601642708205
2.73773879977 0.00602299083682
2.73642636033 0.00554600846618
2.73511511108 0.00529863575887
2.73380505054 0.00513812929122
2.73249617726 0.00554310973294
2.73118848979 0.00502891792444
2.72988198667 0.00552318174522
2.72857666645 0.00641720857953
2.72727252767 0.00656769948909
2.7259695689 0.00552293150318
2.72466778869 0.00622856104998
2.72336718559 0.00620477850767
2.72206775816 0.00566088422622
2.72076950498 0.00496527915644
2.71947242459 0.00474121710856
2.71817651557 0.0061682663064
2.71688177648 0.00672074101126
2.7155882059 0.00665381832433
2.7142958024 0.00630583998916
2.71300456456 0.00639096177607
2.71171449095 0.00699635401039
2.71042558015 0.00765385876699
2.70913783075 0.00779183367606
2.70785124133 0.00811605916681
2.70656581048 0.00837658409217
2.70528153679 0.00826397364771
2.70399841884 0.0082594339377
2.70271645524 0.00764666949864
2.70143564457 0.00762721770328
2.70015598544 0.00859695223068
2.69887747644 0.00870277948694
2.69760011618 0.0087203134189
2.69632390327 0.00827635979074
2.6950488363 0.0082905037174
2.69377491389 0.00759278528992
2.69250213465 0.00799709760086
2.6912304972 0.00817157914181
2.68996000014 0.00848055435547
2.6886906421 0.00795753567479
2.6874224217 0.00931179842211
2.68615533756 0.00802243329958
2.6848893883 0.00850156800576
2.68362457255 0.00800749171369
2.68236088893 0.00895616368612
2.68109833609 0.00800279710161
2.67983691265 0.00829729403441
2.67857661725 0.00825813414007
2.67731744852 0.00765395977655
2.6760594051 0.00650634558938
2.67480248564 0.00701973496048
2.67354668878 0.00711418039807
2.67229201316 0.00818629950275
2.67103845744 0.00784032751858
2.66978602026 0.00810448846972
2.66853470027 0.00852803248864
2.66728449613 0.00892354213569
2.6660354065 0.00941272628648
2.66478743003 0.00855473643534
2.66354056539 0.00777951533018
2.66229481123 0.00737409762093
2.66105016623 0.00721816346336
2.65980662904 0.00728304144235
2.65856419835 0.00781411435364
2.65732287281 0.00886781720692
2.6560826511 0.00907785043293
2.6548435319 0.008685964147
2.65360551389 0.00920393049264
2.65236859573 0.00923688123199
2.65113277613 0.00969439492306
2.64989805375 0.0100185221655
2.64866442728 0.0100379978233
2.64743189542 0.00958406501872
2.64620045684 0.00964834685706
2.64497011025 0.00928864667478
2.64374085434 0.00910468741529
2.64251268779 0.00965123657597
2.64128560932 0.0105793667635
2.64005961761 0.0101432351761
2.63883471138 0.0098076415461
2.63761088932 0.00937256165999
2.63638815014 0.0113852083119
2.63516649255 0.0117253491052
2.63394591525 0.0106162950476
2.63272641697 0.0114193444808
2.63150799641 0.0118561651264
2.63029065229 0.0114322928432
2.62907438332 0.00992207910727
2.62785918823 0.0107780677345
2.62664506574 0.010285679936
2.62543201458 0.0108310709319
2.62422003345 0.0116857425895
2.62300912111 0.0128709878644
2.62179927627 0.0122858488743
2.62059049767 0.0112626119891
2.61938278403 0.0121753654129
2.61817613411 0.011048897569
2.61697054662 0.0115183990861
2.61576602032 0.0124792309504
2.61456255394 0.0136474004222
2.61336014623 0.0130823285541
2.61215879593 0.0124217676951
2.61095850179 0.0127525088457
2.60975926256 0.0133973155678
2.60856107699 0.0135641965045
2.60736394383 0.0124845639811
2.60616786184 0.0114562707418
2.60497282977 0.0128250101978
2.60377884639 0.0133463209099
2.60258591045 0.0133949542792
2.60139402072 0.0136496224727
2.60020317595 0.0136603238262
2.59901337492 0.0139542005122
2.5978246164 0.0132859395589
2.59663689915 0.0138423539163
2.59545022195 0.0140641771459
2.59426458358 0.0138706863836
2.59307998279 0.0142106102661
2.59189641838 0.0134224784904
2.59071388913 0.0138410351869
2.58953239381 0.0143931029238
2.58835193121 0.0138366343409
2.58717250011 0.0141480488271
2.58599409931 0.0141215852849
2.58481672758 0.0141028292351
2.58364038372 0.0156491678025
2.58246506652 0.0149979400211
2.58129077478 0.0157913308316
2.5801175073 0.0155312833638
2.57894526286 0.015248257746
2.57777404028 0.0152266025052
2.57660383835 0.0143601479418
2.57543465587 0.0139521866411
2.57426649166 0.0152784172774
2.57309934451 0.0156500352074
2.57193321325 0.0156782705563
2.57076809667 0.0155831067525
2.56960399359 0.0151533749407
2.56844090283 0.01548611225
2.5672788232 0.0163272330974
2.56611775352 0.0161796720038
2.56495769261 0.0158099566672
2.56379863929 0.0159371347036
2.56264059238 0.0155498336907
2.56148355072 0.0155586883534
2.56032751312 0.0150766340144
2.55917247842 0.0150525020223
2.55801844544 0.0153364598431
2.55686541302 0.0163458862193
2.55571338 0.0159114973257
2.5545623452 0.0165841524246
2.55341230747 0.01512767
2.55226326565 0.0159019470855
2.55111521857 0.015952903614
2.54996816508 0.0159557751072
2.54882210403 0.0160892593998
2.54767703426 0.0156458867692
2.54653295461 0.0151610330944
2.54538986395 0.0154748974165
2.54424776111 0.0161131327131
2.54310664496 0.0160224706071
2.54196651435 0.0151042513685
2.54082736813 0.0154643985822
2.53968920517 0.0152872568896
2.53855202433 0.0148408389724
2.53741582446 0.0148743220543
2.53628060443 0.0151957381885
2.5351463631 0.0161871000268
2.53401309935 0.0161927874999
2.53288081204 0.0154339506729
2.53174950004 0.014930513837
2.53061916223 0.0152599423947
2.52948979747 0.0152729509298
2.52836140465 0.0149801303355
2.52723398264 0.0147233910216
2.52610753033 0.0152362651577
2.52498204658 0.0158520981041
2.52385753029 0.0161894288491
2.52273398033 0.0162916522426
2.5216113956 0.0154162043167
2.52048977498 0.0152246544402
2.51936911735 0.0158956862253
2.51824942162 0.0161222014848
2.51713068667 0.0168283994631
2.5160129114 0.0161133275952
2.51489609471 0.0152806477342
2.51378023548 0.0153465920673
2.51266533262 0.015332004842
2.51155138503 0.0155885750426
2.51043839162 0.0164516488524
2.50932635128 0.0170509361865
2.50821526292 0.0167814308725
2.50710512545 0.0174355880036
2.50599593778 0.017316134114
2.50488769882 0.0165420636201
2.50378040748 0.0163568583971
2.50267406267 0.0165520667319
2.50156866332 0.0168799390656
2.50046420833 0.0169665842024
2.49936069662 0.0176605591935
2.49825812713 0.0174587369882
2.49715649876 0.0175291588383
2.49605581044 0.0177095727503
2.49495606109 0.0180290560161
2.49385724965 0.0183869601945
2.49275937505 0.0182217719499
2.4916624362 0.0182978234419
2.49056643204 0.0184661013664
2.48947136151 0.0184114305532
2.48837722354 0.0184097139819
2.48728401707 0.0187332060651
2.48619174103 0.019772011495
2.48510039436 0.0194393778167
2.48400997601 0.0188861586196
2.48292048491 0.0186484934467
2.48183192002 0.0191419951212
2.48074428027 0.019100449831
2.47965756462 0.0196110293796
2.478571772 0.0192667975416
2.47748690139 0.0190384612149
2.47640295171 0.0189623326234
2.47531992194 0.0191120095428
2.47423781101 0.01979333783
2.4731566179 0.0195525662276
2.47207634155 0.0202622298932
2.47099698094 0.0197685058878
2.46991853501 0.0201248771234
2.46884100273 0.0204608975811
2.46776438306 0.02043512016
2.46668867498 0.020846573618
2.46561387745 0.0213135257098
2.46453998943 0.0218836508349
2.4634670099 0.0213048161899
2.46239493783 0.021600818645
2.4613237722 0.0219339488763
2.46025351197 0.022673308475
2.45918415612 0.0226254488469
2.45811570364 0.021962020229
2.4570481535 0.0220660733635
2.45598150468 0.0225700188331
2.45491575616 0.0230476444121
2.45385090693 0.0238634792028
2.45278695598 0.0229607957216
2.45172390229 0.0228528885378
2.45066174484 0.0229445715803
2.44960048264 0.02351909022
2.44854011467 0.0236374937919
2.44748063991 0.0238994128474
2.44642205738 0.0247949018655
2.44536436606 0.0248790408623
2.44430756495 0.0254988339917
2.44325165305 0.0251273823302
2.44219662935 0.0249823150886
2.44114249287 0.0250321065608
2.44008924261 0.0261313032854
2.43903687756 0.0264527741448
2.43798539673 0.025955655603
2.43693479914 0.026787684106
2.43588508379 0.0274038980479
2.43483624969 0.0267327269202
2.43378829585 0.0268998978387
2.43274122129 0.0272084047882
2.43169502502 0.0278206740783
2.43064970606 0.0276157132866
2.42960526343 0.027681100174
2.42856169613 0.027372448415
2.42751900321 0.0276727640522
2.42647718366 0.0280761919324
2.42543623653 0.0285969511274
2.42439616083 0.0285211054344
2.4233569556 0.0279477776885
2.42231861985 0.0280202314828
2.42128115262 0.0291916829827
2.42024455293 0.0300493198525
2.41920881983 0.0293765194501
2.41817395233 0.0296973105044
2.41713994949 0.0293735765893
2.41610681033 0.0297587702872
2.41507453388 0.0298567380952
2.4140431192 0.0299828356228
2.41301256532 0.0307006200004
2.41198287128 0.0305257891027
2.41095403612 0.0307445103708
2.40992605889 0.0301091978
2.40889893864 0.0299780114081
2.40787267441 0.0309350569844
2.40684726525 0.0319001474077
2.40582271021 0.032526604773
2.40479900834 0.032311188317
2.40377615869 0.0325498607143
2.40275416032 0.0322494455943
2.40173301229 0.0322938304802
2.40071271365 0.0322790501015
2.39969326345 0.0328402372164
2.39867466077 0.0336189722045
2.39765690465 0.0338394313247
2.39663999416 0.0335686682925
2.39562392837 0.0337761053174
2.39460870634 0.0340363338483
2.39359432713 0.0337322405585
2.39258078982 0.0334028473858
2.39156809347 0.0338313985081
2.39055623716 0.0349207982329
2.38954521995 0.0349684884493
2.38853504091 0.0346757699159
2.38752569913 0.0346144493181
2.38651719368 0.0354474530625
2.38550952363 0.0356397665358
2.38450268806 0.0367145299511
2.38349668606 0.0363498249014
2.3824915167 0.0366558935364
2.38148717907 0.0370600399693
2.38048367224 0.0369967633018
2.37948099531 0.0362354126403
2.37847914737 0.0366244456419
2.37747812749 0.036732558331
2.37647793476 0.0371572945266
2.37547856829 0.0365521651211
2.37448002715 0.0373305623008
2.37348231045 0.0380555198582
2.37248541727 0.0381446897232
2.37148934671 0.0379817484136
2.37049409787 0.0375095682556
2.36949966985 0.0382036377409
2.36850606174 0.0384972841105
2.36751327265 0.0384611975864
2.36652130168 0.037490463908
2.36553014792 0.0383424630792
2.3645398105 0.0392862865563
2.3635502885 0.0387989894698
2.36256158104 0.0377969654126
2.36157368723 0.0381427583025
2.36058660617 0.0388436242429
2.35960033698 0.0390522030144
2.35861487877 0.0384536208116
2.35763023065 0.0391615006637
2.35664639173 0.0388096752225
2.35566336114 0.0384935216215
2.35468113799 0.0384390653456
2.3536997214 0.0391235818853
2.35271911048 0.0395303344248
2.35173930437 0.0392398285427
2.35076030217 0.0386362758366
2.34978210302 0.0385271828043
2.34880470603 0.0392135663919
2.34782811035 0.0401125116677
2.34685231508 0.0391556255612
2.34587731936 0.0386587571689
2.34490312232 0.0394593423781
2.3439297231 0.0406781462927
2.34295712081 0.039729343386
2.34198531461 0.0396651093924
2.34101430361 0.0405921121838
2.34004408696 0.0409670821373
2.33907466379 0.0408945590936
2.33810603325 0.0410613124897
2.33713819446 0.0408187555901
2.33617114658 0.0416682266452
2.33520488874 0.0416547257668
2.33423942009 0.0411585517236
2.33327473977 0.041865916355
2.33231084692 0.0431287038913
2.3313477407 0.0430718991507
2.33038542025 0.0429994476192
2.32942388472 0.043332425411
2.32846313327 0.0444603562689
2.32750316503 0.044646919268
2.32654397917 0.0440120933301
2.32558557484 0.044821036467
2.32462795119 0.0459542371233
2.32367110738 0.0457079891086
2.32271504257 0.0450962526843
2.32175975592 0.0458583680789
2.32080524659 0.0460877606601
2.31985151373 0.0462161449039
2.31889855651 0.0463303886837
2.3179463741 0.0470844303038
2.31699496566 0.047354318454
2.31604433034 0.0473073908428
2.31509446733 0.0472981166955
2.31414537579 0.0475117265764
2.31319705489 0.0489444378491
2.3122495038 0.0496504318117
2.31130272169 0.0499616934737
2.31035670773 0.0493710148053
2.30941146109 0.0500711975934
2.30846698097 0.0501538577048
2.30752326652 0.049787758023
2.30658031692 0.0500624922596
2.30563813136 0.0507733436683
2.30469670902 0.0511468755046
2.30375604907 0.0512262442036
2.3028161507 0.0510547079856
2.30187701309 0.052147796225
2.30093863543 0.0524507373449
2.30000101689 0.0518774415095
2.29906415668 0.0521803651105
2.29812805397 0.053203556155
2.29719270795 0.0536027109365
2.29625811782 0.0532452666287
2.29532428276 0.0535576037195
2.29439120197 0.0538061577181
2.29345887465 0.0540375078938
2.29252729997 0.0537006724689
2.29159647715 0.0540610919116
2.29066640538 0.0554112479027
2.28973708386 0.0558250929849
2.28880851178 0.0554249051654
2.28788068834 0.0557508722673
2.28695361275 0.0560857242568
2.28602728421 0.0565604436943
2.28510170193 0.0568027881985
2.2841768651 0.0574267834314
2.28325277293 0.058367987367
2.28232942464 0.0582719116718
2.28140681942 0.0579960774116
2.28048495649 0.0587136222428
2.27956383505 0.0591064557846
2.27864345433 0.0589215189085
2.27772381352 0.0592366571079
2.27680491185 0.059594235654
2.27588674853 0.0602309668638
2.27496932277 0.060302788424
2.2740526338 0.0600065474846
2.27313668082 0.0600374219746
2.27222146306 0.0611322281001
2.27130697974 0.0618044755554
2.27039323007 0.0617837642862
2.26948021329 0.0614295983589
2.26856792861 0.0621478237433
2.26765637526 0.0619501706316
2.26674555246 0.0615739518574
2.26583545945 0.0624299153012
2.26492609544 0.0632071671095
2.26401745967 0.0632030767487
2.26310955136 0.0627868583991
2.26220236975 0.0633885306111
2.26129591407 0.0640547517154
2.26039018355 0.0646751532864
2.25948517742 0.0645005802981
2.25858089493 0.0642109333017
2.2576773353 0.0650806095278
2.25677449778 0.0656756239099
2.25587238159 0.0655392549682
2.25497098599 0.0650904423172
2.25407031021 0.0671288357718
2.25317035348 0.067237395297
2.25227111507 0.0663050635127
2.2513725942 0.0658931564935
2.25047479012 0.0667840117297
2.24957770208 0.0665886456675
2.24868132933 0.0662450125217
2.2477856711 0.0664646249068
2.24689072666 0.0669419618795
2.24599649525 0.0665683368768
2.24510297611 0.0662157157082
2.24421016851 0.0669008316316
2.24331807169 0.0673570199192
2.24242668491 0.0669181327453
2.24153600743 0.0667445825635
2.24064603849 0.0678133719993
2.23975677736 0.0685513155131
2.23886822329 0.0683277702668
2.23798037555 0.0679087943246
2.23709323338 0.0677457285378
2.23620679606 0.0683276769983
2.23532106285 0.0685956933502
2.234436033 0.0682911371948
2.23355170578 0.0682744172148
2.23266808046 0.0689831734494
2.23178515631 0.0694420544612
2.23090293258 0.0691891598363
2.23002140855 0.069610226152
2.22914058348 0.0703870080371
2.22826045665 0.0701168783854
2.22738102733 0.069530120568
2.22650229479 0.0698620458463
2.2256242583 0.0699256311676
2.22474691713 0.0699225899298
2.22387027057 0.0697390801567
2.22299431788 0.0702504060148
2.22211905834 0.0700174326903
2.22124449124 0.0702934983106
2.22037061584 0.069532455157
2.21949743144 0.0692033183966
2.2186249373 0.0690999156766
2.21775313272 0.0694048338588
2.21688201697 0.0689419341092
2.21601158935 0.0689076273822
2.21514184912 0.0690578707191
2.21427279559 0.069419096022
2.21340442803 0.0683671831652
2.21253674573 0.0687346536019
2.21166974799 0.0695567592989
2.21080343408 0.0698037085375
2.20993780331 0.0691432900001
2.20907285497 0.0689392360932
2.20820858834 0.0698733379749
2.20734500272 0.069016831255
2.2064820974 0.0685462908208
2.20561987168 0.0691446851156
2.20475832486 0.0686612147965
2.20389745623 0.0685231340556
2.20303726509 0.0678884488406
2.20217775074 0.0678847716634
2.20131891248 0.0692274347186
2.20046074962 0.0691120640915
2.19960326144 0.0683395407637
2.19874644727 0.0681886310167
2.19789030639 0.068752383597
2.19703483812 0.0688954882918
2.19618004176 0.068678933356
2.19532591661 0.0688590177992
2.19447246199 0.070166039326
2.19361967721 0.0696250467734
2.19276756157 0.0687416199676
2.19191611438 0.0680942594336
2.19106533495 0.0695892730855
2.19021522261 0.0697608616616
2.18936577665 0.0682770044377
2.1885169964 0.0678374153438
2.18766888117 0.068730501716
2.18682143027 0.0687728467435
2.18597464303 0.0688421766646
2.18512851875 0.0689210780657
2.18428305677 0.0688153331463
2.18343825639 0.0689063617615
2.18259411695 0.068569404845
2.18175063775 0.0678455048752
2.18090781813 0.0681401745283
2.18006565741 0.0688588075529
2.1792241549 0.0685781783226
2.17838330995 0.0684125339688
2.17754312186 0.068427270571
2.17670358998 0.0690094844652
2.17586471362 0.0675004522332
2.17502649212 0.0680121437256
2.1741889248 0.0675617195861
2.173352011 0.0676167777655
2.17251575005 0.0675912080641
2.17168014127 0.0679720077445
2.17084518401 0.0678793216597
2.1700108776 0.0681343247909
2.16917722137 0.0669167428725
2.16834421466 0.0665053127113
2.1675118568 0.0666899707694
2.16668014714 0.0671364538404
2.16584908501 0.0674904933303
2.16501866975 0.0672600239949
2.1641889007 0.0673888767954
2.16335977721 0.0680772207776
2.1625312986 0.0668736261239
2.16170346424 0.0663132164945
2.16087627346 0.0666660986235
2.16004972561 0.0670302115297
2.15922382002 0.066610568549
2.15839855606 0.0653443243855
2.15757393306 0.0663217628299
2.15674995038 0.0666185642877
2.15592660736 0.0658803933049
2.15510390335 0.0650547627838
2.15428183771 0.065715139206
2.15346040979 0.0658005750956
2.15263961893 0.0653381479615
2.15181946449 0.0650498036716
2.15099994584 0.065761397684
2.15018106231 0.0669958118641
2.14936281327 0.0665507282294
2.14854519808 0.0654577257483
2.14772821609 0.0647110378938
2.14691186666 0.0655272619362
2.14609614915 0.0651657497256
2.14528106292 0.061993315157
2.14446660733 0.0641146181568
2.14365278175 0.0662773714925
2.14283958553 0.065143277814
2.14202701805 0.0667488651473
2.14121507866 0.0667216265614
2.14040376673 0.0646733623883
2.13959308162 0.0663751150891
2.13878302271 0.0667860337783
2.13797358937 0.0675462768775
2.13716478095 0.0672840200917
2.13635659683 0.0705705328694
2.13554903639 0.0722827668798
2.13474209898 0.0692149641816
2.13393578399 0.0686438271613
2.13313009078 0.0683555331849
2.13232501874 0.0637172415116
2.13152056723 0.0539464527777
2.13071673563 0.0513609971294
2.12991352332 0.0558629540924
2.12911092967 0.0544194643711
2.12830895407 0.0504834803197
2.12750759588 0.0502658970935
2.12670685449 0.0518456908913
2.12590672929 0.0539868297512
2.12510721964 0.0548396881881
2.12430832494 0.0576927791776
2.12351004456 0.0556342360794
2.1227123779 0.0513373399402
2.12191532432 0.0494976918597
2.12111888323 0.0475257339056
2.120323054 0.051721753404
2.11952783603 0.0570520548815
2.11873322869 0.0613767878583
2.11793923138 0.0601552055227
2.11714584349 0.0606142867699
2.11635306441 0.0572981654265
2.11556089353 0.0537093563709
2.11476933023 0.0540743993195
2.11397837392 0.0526089309863
2.11318802398 0.0520330729695
2.11239827982 0.050989592167
2.11160914082 0.0523074662565
2.11082060638 0.0506526196995
2.11003267589 0.0483547797527
2.10924534876 0.0481827332467
2.10845862438 0.0505860302526
2.10767250216 0.0509110412504
2.10688698148 0.0484599762728
2.10610206175 0.0467248383893
2.10531774238 0.0470366720381
2.10453402276 0.0480144547611
2.1037509023 0.0481316078743
2.10296838039 0.0455077115386
2.10218645646 0.0448485670306
2.10140512989 0.0458683668938
2.1006244001 0.0466873150008
2.09984426648 0.0459378769723
2.09906472846 0.0453018269372
2.09828578544 0.0455071299639
2.09750743682 0.0461145233133
2.09672968202 0.044763572406
2.09595252045 0.0441449734909
2.09517595151 0.043917990003
2.09439997463 0.0452480612116
2.09362458921 0.0443843086352
2.09284979466 0.0437110124953
2.09207559041 0.044470216876
2.09130197586 0.0455280035169
2.09052895043 0.0464170406126
2.08975651355 0.0465184408597
2.08898466462 0.0462082002926
2.08821340306 0.046501212281
2.08744272829 0.0464674652533
2.08667263974 0.0460071904811
2.08590313682 0.0450821741599
2.08513421896 0.0450913963036
2.08436588557 0.0452678679502
2.08359813608 0.0456018143541
2.08283096992 0.0456953496117
2.0820643865 0.0453158720745
2.08129838525 0.0458312811589
2.0805329656 0.0455615014092
2.07976812697 0.045959006644
2.07900386879 0.0466948516098
2.07824019049 0.0483350162295
2.0774770915 0.0489656985858
2.07671457124 0.0461462469737
2.07595262916 0.0416474778717
2.07519126466 0.0406898660186
2.0744304772 0.0425085854949
2.0736702662 0.0435050711522
2.0729106311 0.0415692673476
2.07215157132 0.0413638767192
2.0713930863 0.0417849101312
2.07063517549 0.0438192963988
2.06987783831 0.0429981411798
2.06912107419 0.0426177597137
2.06836488259 0.0416059451235
2.06760926294 0.0408645003044
2.06685421466 0.0409467445204
2.06609973722 0.0396696494483
2.06534583004 0.0391680736072
2.06459249256 0.0400652811361
2.06383972424 0.0399366812532
2.0630875245 0.0397446688561
2.0623358928 0.0380911932535
2.06158482858 0.0393401652803
2.06083433128 0.0397349545073
2.06008440035 0.038695303274
2.05933503523 0.0378279431963
2.05858623537 0.0378600718808
2.05783800023 0.0379535492394
2.05709032924 0.0366802477819
2.05634322185 0.0358419230003
2.05559667752 0.0362317693296
2.0548506957 0.0369075114621
2.05410527583 0.0362715092813
2.05336041737 0.0363195408669
2.05261611977 0.0366325114707
2.05187238249 0.0368862431022
2.05112920498 0.0368244687707
2.05038658668 0.0361691507232
2.04964452707 0.0350769543299
2.04890302559 0.0348321271599
2.0481620817 0.0341077802025
2.04742169486 0.033508736094
2.04668186453 0.0329343073719
2.04594259016 0.0333980694835
2.04520387121 0.0339406882813
2.04446570715 0.0334949960201
2.04372809744 0.0340595167063
2.04299104153 0.034800288391
2.0422545389 0.0349961431192
2.04151858899 0.034147679735
2.04078319128 0.0333326625432
2.04004834523 0.0335291434327
2.03931405031 0.0335885935305
2.03858030597 0.0346198005207
2.0378471117 0.0333780295588
2.03711446695 0.0335382092904
2.03638237119 0.0336451610933
2.03565082389 0.0326326752065
2.03491982452 0.0323129237636
2.03418937255 0.0320783144857
2.03345946745 0.0328541263369
2.03273010869 0.0319919430313
2.03200129574 0.0307118770165
2.03127302808 0.0314905372413
2.03054530518 0.032075357354
2.0298181265 0.0316595002006
2.02909149154 0.0314524531624
2.02836539975 0.0318840595145
2.02763985063 0.0318142775848
2.02691484363 0.0318776417996
2.02619037825 0.031776327576
2.02546645396 0.0306885327672
2.02474307023 0.0317080805769
2.02402022655 0.0314961380058
2.0232979224 0.0306523650489
2.02257615725 0.0309287306512
2.02185493059 0.0312427217819
2.0211342419 0.031544145931
2.02041409066 0.0305733690948
2.01969447636 0.0303717733728
2.01897539848 0.0312953743036
2.0182568565 0.0308522298376
2.01753884991 0.0302395321442
2.01682137819 0.0302741673994
2.01610444083 0.0304213512007
2.01538803732 0.0298393042314
2.01467216714 0.0285715643666
2.01395682979 0.0292079767913
2.01324202475 0.0301059319648
2.01252775151 0.0297411088089
2.01181400957 0.0283777477733
2.0111007984 0.0281431325859
2.01038811752 0.0291037922858
2.00967596639 0.0291501713319
2.00896434453 0.0280150665473
2.00825325142 0.0274393099723
2.00754268656 0.0280328637377
2.00683264944 0.0277514968889
2.00612313956 0.027705360276
2.00541415641 0.0277366649766
2.00470569949 0.0278293280729
2.0039977683 0.0282168394362
2.00329036233 0.0273628924514
2.00258348109 0.0266964344047
2.00187712407 0.0266564275076
2.00117129078 0.0269697822376
2.0004659807 0.0260758433077
1.99976119336 0.026624816174
1.99905692823 0.0271889045139
1.99835318484 0.0269120125122
1.99764996268 0.0254809311935
1.99694726125 0.0257772349929
1.99624508006 0.0264520575521
1.99554341862 0.0265685759039
1.99484227642 0.0250805277268
1.99414165298 0.0248577626433
1.99344154781 0.0253524777339
1.9927419604 0.0248066279022
1.99204289027 0.0236041335732
1.99134433693 0.0237190846735
1.99064629988 0.024642287445
1.98994877864 0.0244247955897
1.98925177271 0.0237491592047
1.98855528161 0.0233725469689
1.98785930485 0.0239530124466
1.98716384194 0.0245001817539
1.98646889239 0.0236351545414
1.98577445572 0.0227884463223
1.98508053144 0.0231976516892
1.98438711907 0.0239536571017
1.98369421812 0.022502558459
1.9830018281 0.0223132864838
1.98230994854 0.0230954197308
1.98161857895 0.023037245635
1.98092771885 0.0219890086717
1.98023736775 0.0215561381182
1.97954752518 0.0223168493231
1.97885819066 0.0228389943356
1.9781693637 0.0216467201126
1.97748104382 0.0221039524035
1.97679323056 0.02194851028
1.97610592342 0.022113249362
1.97541912194 0.021204028557
1.97473282563 0.0214925831902
1.97404703401 0.0216564566023
1.97336174663 0.0206376249986
1.97267696299 0.0195626634725
1.97199268262 0.0203940243615
1.97130890505 0.0211685411717
1.97062562981 0.0220202868525
1.96994285642 0.0207912893762
1.96926058442 0.020790675697
1.96857881332 0.0217357797483
1.96789754266 0.0219067293738
1.96721677198 0.0208333666245
1.96653650079 0.0201977966909
1.96585672863 0.0205787916345
1.96517745503 0.0203452337417
1.96449867952 0.0198172455909
1.96382040164 0.0198252090162
1.96314262092 0.0204072154936
1.96246533689 0.019796747525
1.96178854908 0.0182302339994
1.96111225704 0.0184883074453
1.96043646029 0.0195255715574
1.95976115838 0.0195575797702
1.95908635084 0.0185226874549
1.9584120372 0.0180187304147
1.95773821701 0.0183051111899
1.9570648898 0.0191674421408
1.95639205511 0.019075657862
1.95571971248 0.0181905348258
1.95504786146 0.0199294488823
1.95437650158 0.0202437306432
1.95370563237 0.0193879290881
1.9530352534 0.0188011586031
1.95236536419 0.0197243421817
1.95169596429 0.019356354723
1.95102705324 0.018417585195
1.95035863059 0.0190328825361
1.94969069588 0.0193411449177
1.94902324866 0.0179166873616
1.94835628847 0.0172149982808
1.94768981486 0.0177368943563
1.94702382738 0.019311222571
1.94635832557 0.0184205673459
1.94569330898 0.0179745133641
1.94502877716 0.0175838256777
1.94436472966 0.0173672516751
1.94370116602 0.0176455003346
1.94303808581 0.0169638369288
1.94237548856 0.0176236012541
1.94171337384 0.018937091209
1.94105174118 0.0188538836346
1.94039059015 0.0181749016837
1.9397299203 0.0178376087882
1.93906973118 0.018638720909
1.93841002234 0.0193767174272
1.93775079334 0.0180308304362
1.93709204374 0.0177093107001
1.93643377309 0.0185230219931
1.93577598094 0.0184904010889
1.93511866686 0.0173900927405
1.9344618304 0.0188095510042
1.93380547111 0.019434096891
1.93314958856 0.0183246129379
1.93249418231 0.0171891194243
1.93183925192 0.0180982341141
1.93118479693 0.0197001996708
1.93053081693 0.0189136577323
1.92987731146 0.0183822198535
1.92922428009 0.0189684490615
1.92857172238 0.0194219636269
1.92791963789 0.0192591808179
1.92726802619 0.018268423112
1.92661688684 0.0181039169583
1.92596621941 0.0186610148808
1.92531602345 0.0178473503151
1.92466629854 0.0167423290728
1.92401704424 0.0176011874504
1.92336826012 0.0190842901247
1.92271994574 0.0194795147112
1.92207210068 0.0180617324054
1.92142472449 0.0178870610445
1.92077781675 0.0191773006979
1.92013137703 0.0189920695079
1.9194854049 0.0177546559784
1.91883989992 0.0185183527172
1.91819486167 0.0194703343149
1.91755028972 0.0184008062959
1.91690618364 0.0186749853182
1.91626254301 0.0193591946329
1.91561936739 0.0206526297352
1.91497665635 0.0200082629595
1.91433440949 0.0193873734281
1.91369262635 0.0180279524739
1.91305130654 0.0191683045045
1.9124104496 0.0197133975559
1.91177005514 0.0189467861385
1.91113012271 0.0188895025078
1.91049065189 0.0205487420438
1.90985164228 0.0203733849819
1.90921309343 0.0191076078651
1.90857500493 0.0200370700257
1.90793737637 0.0208591822502
1.90730020731 0.020816637653
1.90666349734 0.0195860823818
1.90602724604 0.0210129164559
1.90539145299 0.0218226691267
1.90475611777 0.020770282939
1.90412123997 0.0200423689362
1.90348681916 0.0216232337344
1.90285285493 0.0221453401894
1.90221934687 0.0220299282462
1.90158629455 0.0216583427994
1.90095369756 0.0227751248151
1.90032155549 0.0242107063477
1.89968986792 0.0236025967335
1.89905863444 0.0231742994373
1.89842785464 0.0244209635199
1.89779752809 0.0250725762626
1.8971676544 0.0243877400472
1.89653823315 0.0233913054621
1.89590926392 0.0245523375148
1.8952807463 0.0270842707189
1.89465267989 0.0260815591346
1.89402506428 0.0263086704978
1.89339789905 0.027382051364
1.89277118379 0.0290146693758
1.89214491811 0.0283048569389
1.89151910158 0.0287217086345
1.89089373381 0.0294485508521
1.89026881438 0.0304910651817
1.88964434289 0.029819233095
1.88902031894 0.0308872124285
1.88839674211 0.0324468101031
1.887773612 0.0347496166684
1.88715092821 0.0352436778441
1.88652869034 0.0344031979496
1.88590689798 0.0351708625705
1.88528555072 0.0374359826262
1.88466464817 0.0390215211717
1.88404418992 0.039751651586
1.88342417558 0.0413001185464
1.88280460473 0.0425156497611
1.88218547698 0.0428472812627
1.88156679193 0.0428510235998
1.88094854918 0.0451442742556
1.88033074833 0.0470974198352
1.87971338899 0.0470933085467
1.87909647074 0.0470590275563
1.8784799932 0.0491103983232
1.87786395597 0.0507204809064
1.87724835865 0.0512432884248
1.87663320085 0.0541983033621
1.87601848217 0.0564721456279
1.87540420221 0.0555420770575
1.87479036057 0.0563351403487
1.87417695688 0.0567328054211
1.87356399072 0.0586996780904
1.87295146171 0.0601878908051
1.87233936946 0.0615150804336
1.87172771356 0.059720472277
1.87111649364 0.0606947694113
1.8705057093 0.0615894781507
1.86989536014 0.0633353692207
1.86928544577 0.0630526435753
1.86867596582 0.0649265358579
1.86806691988 0.0672124197899
1.86745830756 0.0666408953626
1.86685012849 0.0679020142158
1.86624238226 0.0693762608596
1.8656350685 0.0706058992988
1.86502818681 0.0697497597335
1.86442173681 0.0690383009557
1.86381571811 0.0726339004241
1.86321013033 0.0725029600537
1.86260497308 0.0713120036606
1.86200024597 0.07223477234
1.86139594862 0.074552870537
1.86079208064 0.0753572431117
1.86018864166 0.0751126979375
1.85958563129 0.0760121602781
1.85898304914 0.0774175745206
1.85838089484 0.0796895253238
1.857779168 0.080514484773
1.85717786824 0.0801881642341
1.85657699518 0.0810879030377
1.85597654843 0.0823476838273
1.85537652763 0.0813653949889
1.85477693239 0.0812010417165
1.85417776232 0.0832830341244
1.85357901706 0.0843516646681
1.85298069622 0.0828575866826
1.85238279943 0.0818324320528
1.8517853263 0.0852760182381
1.85118827647 0.08464710402
1.85059164955 0.0837164104673
1.84999544517 0.0834093155185
1.84939966295 0.0854103731277
1.84880430252 0.0844589501674
1.8482093635 0.084862033728
1.84761484552 0.0839817305477
1.84702074821 0.0856677693831
1.84642707119 0.0852408360218
1.84583381409 0.0858009626498
1.84524097653 0.0854967772186
1.84464855815 0.0878225327691
1.84405655857 0.0890632487653
1.84346497743 0.0870449088391
1.84287381434 0.0867738162624
1.84228306895 0.0889801775418
1.84169274088 0.0908979004581
1.84110282976 0.0904609329996
1.84051333522 0.0889045526158
1.8399242569 0.089986120435
1.83933559442 0.0903900957367
1.83874734742 0.0895757839748
1.83815951553 0.0894442640215
1.83757209839 0.0924330194607
1.83698509563 0.0911295803711
1.83639850687 0.0902768890902
1.83581233177 0.0907738529515
1.83522656995 0.0922010052593
1.83464122104 0.092446940016
1.83405628469 0.0922417163173
1.83347176053 0.0916643115663
1.83288764819 0.0941306062765
1.83230394732 0.0926155778104
1.83172065754 0.0922191595242
1.83113777851 0.0911515794036
1.83055530985 0.0921755327513
1.82997325121 0.0942601592165
1.82939160223 0.0935937839104
1.82881036254 0.0930509641952
1.82822953179 0.0934853775828
1.82764910961 0.0938233473108
1.82706909564 0.0924994663572
1.82648948954 0.0917530704158
1.82591029093 0.092788706977
1.82533149947 0.0929608328936
1.82475311479 0.0908901185389
1.82417513654 0.0905477084629
1.82359756436 0.0913250546128
1.8230203979 0.0924076135419
1.8224436368 0.0928316033465
1.8218672807 0.0926461123584
1.82129132924 0.0916740938277
1.82071578209 0.0929844192567
1.82014063887 0.0936795453692
1.81956589925 0.0922809757359
1.81899156285 0.0937063229977
1.81841762934 0.0945985389718
1.81784409836 0.0907899771805
1.81727096955 0.0894233823479
1.81669824257 0.0914563712793
1.81612591706 0.0949184838776
1.81555399268 0.0937706669863
1.81498246907 0.0918957681802
1.81441134589 0.0907445872364
1.81384062277 0.0908858955858
1.81327029939 0.0892361724885
1.81270037538 0.089713940828
1.8121308504 0.091028493111
1.8115617241 0.0937923797006
1.81099299613 0.0918206507805
1.81042466614 0.0916453731537
1.8098567338 0.0912972747288
1.80928919875 0.0938164101753
1.80872206065 0.0942449029087
1.80815531915 0.0922408049299
1.8075889739 0.0922817466919
1.80702302457 0.0913086385383
1.80645747081 0.0923850086571
1.80589231227 0.0919963718725
1.80532754861 0.0889769307623
1.80476317949 0.0909338527965
1.80419920456 0.0923582545415
1.80363562349 0.0917373316578
1.80307243593 0.0915920013217
1.80250964154 0.0914503036164
1.80194723998 0.0919859415254
1.8013852309 0.0933618266176
1.80082361398 0.0925814247097
1.80026238886 0.0916885756474
1.79970155521 0.0926863209406
1.7991411127 0.0918156722892
1.79858106097 0.091425553825
1.7980213997 0.0907469633661
1.79746212854 0.0912282272874
1.79690324716 0.0915185049443
1.79634475522 0.0914643468773
1.79578665238 0.0913403045896
1.79522893832 0.09081768425
1.79467161268 0.0935100648853
1.79411467514 0.0929517858395
1.79355812536 0.0930053096462
1.79300196301 0.0942798282574
1.79244618776 0.0954266269094
1.79189079926 0.0941252244053
1.79133579718 0.0899855339763
1.7907811812 0.0911345886238
1.79022695098 0.0922938020796
1.78967310618 0.0918788640538
1.78911964648 0.0921164381781
1.78856657154 0.0911007341972
1.78801388104 0.0937702692757
1.78746157463 0.0921107708337
1.786909652 0.0925365167318
1.7863581128 0.0929835656759
1.78580695672 0.0929304461324
1.78525618342 0.0944335928943
1.78470579257 0.0932452382163
1.78415578384 0.0918523210468
1.78360615692 0.0919543696412
1.78305691146 0.0935365753304
1.78250804714 0.094399512931
1.78195956363 0.0938967091075
1.78141146061 0.0935902140924
1.78086373776 0.0944489307476
1.78031639473 0.0946911516335
1.77976943122 0.092265245222
1.77922284689 0.0925247115726
1.77867664142 0.0938301386204
1.77813081449 0.0942988351898
1.77758536576 0.0927834857963
1.77704029493 0.0924690724484
1.77649560166 0.092444615126
1.77595128563 0.0939914567259
1.77540734652 0.0955955673716
1.774863784 0.0958300545552
1.77432059776 0.0955849576719
1.77377778748 0.094567239397
1.77323535283 0.094934250108
1.77269329348 0.09626667699
1.77215160913 0.0976468284039
1.77161029946 0.0968698797492
1.77106936413 0.0961108816738
1.77052880284 0.0972909287026
1.76998861526 0.0970661012981
1.76944880107 0.0938074736116
1.76890935997 0.0920455130486
1.76837029162 0.093499955392
1.76783159572 0.0952863532911
1.76729327194 0.0944245851367
1.76675531997 0.0947696502296
1.76621773949 0.0958444700125
1.76568053019 0.0972637647709
1.76514369175 0.09613219029
1.76460722385 0.097453161479
1.76407112619 0.098060289488
1.76353539844 0.0978332651339
1.7630000403 0.101355597384
1.76246505144 0.0996152864144
1.76193043156 0.0958068043132
1.76139618034 0.0973351767878
1.76086229748 0.0999063904571
1.76032878265 0.100635436392
1.75979563554 0.0976420710239
1.75926285585 0.0981900707127
1.75873044326 0.099043736223
1.75819839746 0.0986659900102
1.75766671815 0.0994218923477
1.757135405 0.0988820600129
1.75660445772 0.0980111408876
1.75607387599 0.099722077114
1.7555436595 0.100229029598
1.75501380794 0.0986361252848
1.75448432101 0.0981325415193
1.7539551984 0.0957830530678
1.7534264398 0.0986405669546
1.7528980449 0.09941732689
1.7523700134 0.0992607033796
1.75184234498 0.0990713770521
1.75131503935 0.0983756468726
1.75078809619 0.100974331042
1.75026151521 0.103007350824
1.74973529609 0.102391382972
1.74920943853 0.102010468772
1.74868394223 0.102338235328
1.74815880688 0.102442217405
1.74763403218 0.102070331806
1.74710961783 0.100626055611
1.74658556351 0.100338349809
1.74606186894 0.101691872798
1.7455385338 0.102072937231
1.7450155578 0.103400594391
1.74449294063 0.102852003004
1.74397068199 0.101729016561
1.74344878158 0.099960746181
1.7429272391 0.100355456683
1.74240605424 0.101841772767
1.74188522672 0.101315988531
1.74136475623 0.101904795615
1.74084464247 0.10011277164
1.74032488513 0.0991353710655
1.73980548393 0.100864017726
1.73928643856 0.101792721094
1.73876774873 0.102477061597
1.73824941414 0.101498334392
1.73773143449 0.102382389124
1.73721380948 0.103813009748
1.73669653881 0.103570620969
1.7361796222 0.104369269907
1.73566305935 0.102595052288
1.73514684995 0.10234180083
1.73463099371 0.102471178752
1.73411549035 0.105560887838
1.73360033956 0.10500955984
1.73308554104 0.104098767003
1.73257109452 0.101397889607
1.73205699968 0.101091770787
1.73154325625 0.100947842577
1.73102986392 0.100930958878
1.7305168224 0.102175976087
1.73000413141 0.100524325231
1.72949179064 0.101067364315
1.72897979981 0.102835660143
1.72846815862 0.104655803393
1.7279568668 0.103823717692
1.72744592403 0.103890921798
1.72693533004 0.103002703509
1.72642508453 0.10359788053
1.72591518721 0.10345668258
1.72540563781 0.104114604151
1.72489643601 0.103363301055
1.72438758154 0.103282675335
1.72387907412 0.102928395367
1.72337091344 0.103610264231
1.72286309922 0.104150982994
1.72235563118 0.102957442689
1.72184850903 0.102025420725
1.72134173248 0.104435475032
1.72083530124 0.105160409763
1.72032921503 0.105120992066
1.71982347357 0.105475224995
1.71931807656 0.103957445191
1.71881302373 0.103754185661
1.71830831478 0.103371840753
1.71780394944 0.102001833498
1.71729992741 0.10289159517
1.71679624842 0.104608663381
1.71629291219 0.103814938217
1.71578991842 0.103029984145
1.71528726683 0.101607627644
1.71478495715 0.10151632692
1.71428298909 0.101272979566
1.71378136236 0.101541554321
1.7132800767 0.105880311709
1.71277913181 0.103246553178
1.71227852741 0.103544426217
1.71177826323 0.102521945419
1.71127833898 0.104245518917
1.71077875438 0.104710436655
1.71027950916 0.102269569519
1.70978060303 0.102998727501
1.70928203572 0.104027096441
1.70878380694 0.103300190454
1.70828591642 0.10398957209
1.70778836388 0.103094225423
1.70729114904 0.101980572866
1.70679427163 0.104743513342
1.70629773136 0.104083208197
1.70580152797 0.104720167913
1.70530566116 0.104501652819
1.70481013067 0.103690647783
1.70431493623 0.10390683839
1.70382007755 0.101548598943
1.70332555436 0.104420250352
1.70283136638 0.106110401697
1.70233751334 0.104598401244
1.70184399497 0.104036513335
1.70135081099 0.10396238604
1.70085796113 0.104532840518
1.70036544511 0.104123286966
1.69987326266 0.105672871738
1.69938141351 0.104914606329
1.69888989739 0.105900951885
1.69839871401 0.104616649968
1.69790786312 0.104218403257
1.69741734444 0.102060539605
1.69692715769 0.0995753041973
1.69643730261 0.102265191454
1.69594777893 0.105185560613
1.69545858637 0.106441927377
1.69496972467 0.106525663314
1.69448119355 0.104902401869
1.69399299275 0.103732099765
1.69350512199 0.105193926553
1.69301758101 0.104582634808
1.69253036954 0.10210481612
1.69204348731 0.102188048885
1.69155693405 0.102420815246
1.69107070949 0.103841311301
1.69058481338 0.103494292501
1.69009924543 0.102620237639
1.68961400538 0.103964694767
1.68912909297 0.104437843956
1.68864450792 0.100966646631
1.68816024998 0.103877446937
1.68767631888 0.102751539091
1.68719271435 0.102492247832
1.68670943613 0.103760093176
1.68622648395 0.103853601617
1.68574385755 0.101017933746
1.68526155666 0.100083609357
1.68477958102 0.102327794472
1.68429793037 0.10083185922
1.68381660444 0.101569906596
1.68333560296 0.104362265764
1.68285492569 0.103395108102
1.68237457235 0.10262300359
1.68189454268 0.101995375526
1.68141483642 0.102440433375
1.6809354533 0.101659188458
1.68045639308 0.10344137206
1.67997765548 0.102729175236
1.67949924025 0.102721846549
1.67902114712 0.101725833481
1.67854337583 0.103048394618
1.67806592613 0.101891233075
1.67758879775 0.102006159046
1.67711199044 0.102092999614
1.67663550394 0.104753747446
1.67615933798 0.103609182524
1.67568349231 0.102720662361
1.67520796668 0.101204089279
1.67473276082 0.101007850911
1.67425787447 0.0985968685595
1.67378330738 0.10013746731
1.67330905929 0.0999548514326
1.67283512995 0.0991874005135
1.67236151909 0.101504330393
1.67188822647 0.104683792523
1.67141525182 0.103372531898
1.67094259489 0.101929740167
1.67047025543 0.103347588216
1.66999823318 0.104084231261
1.66952652788 0.10198331899
1.66905513928 0.0981678487748
1.66858406713 0.0975667776207
1.66811331117 0.0977713306505
1.66764287115 0.0985152236054
1.66717274682 0.0999674542498
1.66670293792 0.0990865514723
1.6662334442 0.0988597921486
1.6657642654 0.099571578227
1.66529540128 0.100667019569
1.66482685158 0.0999675563066
1.66435861605 0.102211223006
1.66389069445 0.0997254801413
1.66342308651 0.0962795014234
1.66295579199 0.0966164653562
1.66248881063 0.0986927946674
1.66202214219 0.100141325065
1.66155578642 0.099510540322
1.66108974307 0.0978041300055
1.66062401188 0.0982640977032
1.66015859261 0.099390613886
1.65969348501 0.0991676176229
1.65922868883 0.0998460437406
1.65876420382 0.0989200356911
1.65830002973 0.0984548016476
1.65783616633 0.0971225215462
1.65737261335 0.097315603142
1.65690937055 0.0960232612239
1.65644643768 0.0964138227249
1.65598381451 0.0997456938326
1.65552150077 0.0975173309643
1.65505949623 0.0966432953441
1.65459780063 0.0969225863486
1.65413641374 0.0958765214798
1.65367533531 0.0956681785101
1.65321456509 0.0945563729812
1.65275410283 0.0944048139967
1.6522939483 0.0930496911636
1.65183410125 0.0930703041247
1.65137456143 0.097046026845
1.6509153286 0.0983342924036
1.65045640252 0.0948544965452
1.64999778294 0.0942056344579
1.64953946963 0.0947738226984
1.64908146233 0.0929705603709
1.64862376081 0.092337458056
1.64816636482 0.09181375474
1.64770927412 0.0905819700217
1.64725248847 0.0925901546936
1.64679600763 0.094252778595
1.64633983135 0.0934264607098
1.64588395941 0.0915088027256
1.64542839154 0.0910712764541
1.64497312753 0.092875350515
1.64451816711 0.0932848908333
1.64406351006 0.0905377776426
1.64360915614 0.0913961855408
1.64315510511 0.0918351783227
1.64270135672 0.0928562845897
1.64224791074 0.0900537409571
1.64179476693 0.0920263694197
1.64134192505 0.0912340332216
1.64088938486 0.0914294803
1.64043714613 0.0911308757153
1.63998520862 0.0902104564999
1.63953357209 0.0906854162918
1.6390822363 0.093055060813
1.63863120102 0.0945546054305
1.63818046601 0.0897355258478
1.63773003104 0.0892314255957
1.63727989586 0.0902561192224
1.63683006025 0.0916310701392
1.63638052396 0.0923022228474
1.63593128677 0.0940826767447
1.63548234843 0.0934665049761
1.63503370871 0.0957227546809
1.63458536739 0.0945495741639
1.63413732422 0.0895389853459
1.63368957896 0.0889982786808
1.6332421314 0.0900210243715
1.63279498129 0.0910507543003
1.63234812839 0.0919981448301
1.63190157249 0.0930209417165
1.63145531334 0.0938823511383
1.63100935071 0.0917874635481
1.63056368437 0.0923932818356
1.63011831408 0.0915548112203
1.62967323963 0.0918989041844
1.62922846077 0.0903730945732
1.62878397727 0.0919199581456
1.62833978891 0.0923796671852
1.62789589544 0.0921436497792
1.62745229665 0.0928155829742
1.6270089923 0.0919219764244
1.62656598217 0.0897195102007
1.62612326601 0.0889141251787
1.62568084361 0.0935381056633
1.62523871473 0.0930881095406
1.62479687915 0.0904417012277
1.62435533663 0.0899777723994
1.62391408695 0.0913007202507
1.62347312988 0.0913498592449
1.62303246519 0.0896653942052
1.62259209265 0.0883551842524
1.62215201205 0.0894656373164
1.62171222314 0.0898990682398
