3.8332832 0.00392899495884
3.8258375 0.00421628934666
3.8185001 0.00404820424839
3.8112635 0.00420198423191
3.8041211 0.00408635122105
3.7970671 0.00419006330296
3.790096 0.00394330007359
3.783203 0.0040994642429
3.7763837 0.00398502332493
3.7696348 0.00404343587681
3.7629524 0.00387892705723
3.7563327 0.00409469587132
3.7497726 0.00405535680576
3.7432692 0.00410542470738
3.7368215 0.00407443029209
3.7304258 0.00390753728672
3.7240795 0.0043104646854
3.7177817 0.00388488752171
3.7115303 0.0042592046909
3.7053225 0.00425562841221
3.6991583 0.00400290471836
3.6930349 0.00395998937412
3.6869512 0.00411734563633
3.6809064 0.00415906888767
3.6748981 0.00414595586582
3.6689268 0.00410304052158
3.6629893 0.0039933679752
3.6570869 0.00434622747227
3.6512163 0.00377759916111
3.6453787 0.0039671419315
3.6395713 0.00411734563633
3.6337948 0.00426039678379
3.6280474 0.00426754934116
3.6223288 0.00416502935215
3.6166385 0.00429019910618
3.6109748 0.00421986562534
3.6053388 0.00421152097508
3.5997284 0.00413522702976
3.5941433 0.00440106374546
3.5885838 0.00428185445591
3.5830482 0.00431642514988
3.5775366 0.004178142374
3.5720489 0.00427947027012
3.5665838 0.00427231771275
3.5611411 0.00433549863621
3.5557213 0.00434265119358
3.5503228 0.00417098981663
3.5449454 0.00443682653233
3.5395894 0.00430212003513
3.5342542 0.00433073026463
3.528939 0.00431761724278
3.5236436 0.00434265119358
3.5183681 0.00423893911167
3.5131123 0.00424251539036
3.5078753 0.00440821630283
3.502657 0.00435576421543
3.497457 0.00427589399143
3.4922758 0.0041531084232
3.4871126 0.00458345395847
3.4819671 0.00411019307896
3.476839 0.00442252141758
3.4717282 0.00400767308994
3.4666344 0.00430808049961
3.461558 0.00419721586033
3.4564982 0.0040732381992
3.4514549 0.00422224981114
3.4464278 0.00412092191502
3.4414169 0.00432476980015
3.4364218 0.00408754331394
3.4314425 0.00430092794224
3.4264789 0.00397191030308
3.4215308 0.0043641088657
3.4165982 0.00415906888767
3.4116807 0.00410780889317
3.4067782 0.00403985959812
3.4018906 0.00397191030308
3.3970176 0.00423655492588
3.3921593 0.00390872937962
3.3873154 0.00422701818272
3.3824859 0.00406131727024
3.3776706 0.00413165075108
3.3728694 0.00400171262547
3.3680822 0.00424847585484
3.3633088 0.00409111959263
3.3585492 0.00427827817722
3.3538033 0.00419840795323
3.3490709 0.00429139119907
3.344352 0.00426397306248
3.3396464 0.00429496747776
3.3349541 0.00436291677281
3.330275 0.00414834005161
3.3256088 0.00435934049412
3.3209557 0.00422224981114
3.3163154 0.00433311445042
3.311688 0.00431642514988
3.3070732 0.00428781492039
3.302471 0.00422344190403
3.2978814 0.00423417074009
3.2933042 0.00407919866367
3.2887394 0.00426278096958
3.2841868 0.00427827817722
3.2796465 0.00420198423191
3.2751185 0.00443325025364
3.2706027 0.0040446279697
3.2660988 0.00426278096958
3.2616069 0.0041244981937
3.2571269 0.00435457212254
3.2526586 0.00411138517185
3.248202 0.00432596189304
3.2437571 0.00439867955967
3.2393237 0.00414118749424
3.2349021 0.00426039678379
3.2304921 0.00413403493687
3.2260935 0.00436291677281
3.2217063 0.00423536283299
3.2173303 0.00436053258701
3.2129655 0.00417456609532
3.2086118 0.00435814840122
3.2042695 0.00439748746678
3.1999385 0.00431523305699
3.1956184 0.00440225583836
3.1913092 0.00436649305149
3.1870109 0.00441894513889
3.1827233 0.00429735166355
3.1784471 0.00448570234104
3.1741816 0.00438199025913
3.1699267 0.0046299455814
3.1656824 0.00427827817722
3.1614486 0.00439987165257
3.157226 0.00453934652134
3.1530138 0.00448212606236
3.1488119 0.00464067441746
3.1446203 0.00427947027012
3.1404394 0.00461802465244
3.1362691 0.00449285489842
3.1321089 0.0044427869968
3.1279589 0.00427708608433
3.1238192 0.00432119352146
3.11969 0.00409827215
3.1155708 0.00431284887119
3.1114615 0.00417218190952
3.1073625 0.0041531084232
3.1032738 0.00429854375645
3.0991948 0.00419840795323
3.0951256 0.00418648702427
3.0910668 0.00429258329197
3.0870178 0.00413284284397
3.0829784 0.00408515912815
3.078949 0.00418648702427
3.0749296 0.00410423261448
3.0709196 0.00422940236851
3.0669192 0.00413641912266
3.0629291 0.00384674054905
3.0589482 0.0038860796146
3.0549767 0.00368580800816
3.0510154 0.00402674657627
3.0470633 0.00368938428684
3.0431204 0.00396356565281
3.0391876 0.00380263311192
3.0352639 0.00380859357639
3.0313493 0.00372991544529
3.0274448 0.00383958799168
3.0235492 0.00359044057652
3.0196627 0.00352964383885
3.015786 0.00366792661472
3.0119181 0.00366792661472
3.0080596 0.00336513501927
3.0042104 0.00338540059849
3.0003699 0.00349984151646
2.996539 0.00323758107945
2.992717 0.00344977361485
2.9889038 0.00310287458225
2.9851002 0.00322804433628
2.981305 0.00326142293736
2.9775192 0.00325546247288
2.9737422 0.00300512296482
2.9699737 0.00321254712864
2.9662148 0.0031445978336
2.9624641 0.00298604947849
2.9587227 0.00312194806858
2.9549898 0.0028787611179
2.9512656 0.00315651876255
2.9475505 0.00294790250584
2.9438434 0.00304803830906
2.9401458 0.00288710576817
2.9364562 0.00292882901951
2.9327757 0.00280961972996
2.9291035 0.00269994718357
2.9254399 0.00283942205235
2.9217849 0.00280961972996
2.9181382 0.00273690206333
2.9145003 0.00258789045139
2.9108704 0.00276551229282
2.9072495 0.0026916025333
2.9036363 0.00264630300327
2.9000322 0.00265583974644
2.8964357 0.00263318998142
2.8928483 0.00259146673008
2.8892685 0.00256524068638
2.8856976 0.00268325788303
2.8821343 0.00249490720554
2.8785798 0.00268564206883
2.8750329 0.00239477140232
2.8714948 0.00254974347874
2.8679641 0.00229701978489
2.8644423 0.00240907651707
2.8609278 0.00245914441868
2.8574221 0.0023470876865
2.8539236 0.00244960767552
2.8504341 0.00236854535862
2.8469517 0.00233755094334
2.8434779 0.00215039235874
2.8400116 0.00226244909092
2.8365536 0.00215158445164
2.8331031 0.00241503698155
2.8296607 0.00225768071934
2.8262261 0.00219688398167
2.8227991 0.00218615514561
2.8193803 0.00224575979038
2.8159686 0.00225410444065
2.8125655 0.00224337560459
2.8091693 0.00235900861546
2.8057815 0.00225768071934
2.802401 0.00246272069737
2.7990281 0.0022147653751
2.7956631 0.00257239324375
2.7923052 0.00217900258824
2.7889556 0.00237212163731
2.7856129 0.00244364721104
2.7822782 0.00244483930393
2.7789508 0.0022934435062
2.7756306 0.00241861326023
2.7723185 0.00236020070835
2.7690132 0.00249252301975
2.7657159 0.0025330541782
2.7624257 0.00246868116184
2.7591426 0.00259623510166
2.7558675 0.00238285047337
2.7525992 0.00255808812901
2.7493384 0.00266418439671
2.7460851 0.00288352948948
2.7428384 0.002877569025
2.7395997 0.00270471555515
2.736368 0.003117179697
2.733143 0.00295267087742
2.729926 0.00325903875157
2.7267156 0.00335440618321
2.7235124 0.00347719175144
2.7203167 0.00339970571324
2.7171276 0.0036214349918
2.7139457 0.0035153387241
2.7107712 0.00365123731419
2.7076032 0.00376925451084
2.7044425 0.00389680845066
2.7012889 0.00381813031956
2.6981419 0.00373826009556
2.6950021 0.0041531084232
2.6918694 0.00373706800266
2.6887432 0.00407562238499
2.6856241 0.00401244146153
2.6825121 0.00429019910618
2.6794066 0.00445709211155
2.6763078 0.00461921674534
2.6732164 0.00466690046116
2.6701313 0.004657363718
2.6670527 0.00492916089817
2.6639816 0.0046549795322
2.660917 0.00510916692539
2.6578587 0.00491604787632
2.6548074 0.00511631948277
2.651763 0.0048695562534
2.6487248 0.00463829023167
2.6456931 0.00475869161411
2.6426687 0.00486717206761
2.6396505 0.0050555227451
2.6366387 0.00495181066319
2.6336335 0.00499591810032
2.6306353 0.00512824041172
2.6276432 0.00524387342259
2.6246574 0.00485405904575
2.6216784 0.00510082227512
2.618706 0.00501499158665
2.6157398 0.00499830228611
2.6127797 0.00489935857578
2.6098265 0.00519976598545
2.6068797 0.00522241575047
2.6039391 0.00515446645542
2.6010045 0.00532731992527
2.5980767 0.00526056272312
2.5951553 0.00547394735142
2.5922399 0.00530824643894
2.5893306 0.00546679479405
2.5864277 0.00538454038426
2.5835314 0.00540719014927
2.5806411 0.00525221807285
2.5777568 0.00561699849888
2.5748785 0.00574812871739
2.5720068 0.00565514547154
2.5691413 0.00580654126927
2.5662818 0.00561938268467
2.5634282 0.00573143941685
2.5605804 0.00563487989231
2.5577395 0.00585184079929
2.5549044 0.00561938268467
2.5520752 0.0057445524387
2.5492519 0.00564441663548
2.5464344 0.00573143941685
2.5436235 0.0057970045261
2.5408184 0.00584111196324
2.5380192 0.00589356405064
2.5352258 0.00563487989231
2.5324381 0.00600442868992
2.5296566 0.00586376172825
2.5268812 0.00622377378269
2.5241116 0.00585184079929
2.5213476 0.00627264959141
2.5185895 0.00597462636753
2.515837 0.00617132169529
2.5130905 0.00637159330174
2.51035 0.0063286779575
2.5076152 0.00669345838352
2.5048861 0.00644907933994
2.5021626 0.00671253186985
2.4994447 0.00684723836704
2.4967324 0.00714168531223
2.4940263 0.00673518163487
2.4913259 0.00718579274937
2.488631 0.0071238039188
2.4859416 0.00720128995701
2.4832578 0.00734791738316
2.4805795 0.00719532949253
2.4779067 0.00764951688572
2.4752398 0.00750884992405
2.4725786 0.00788316709324
2.4699228 0.00768289548679
2.4672725 0.00790462476536
2.4646276 0.00788912755772
2.4619882 0.00822529775425
2.4593542 0.00817999822422
2.4567256 0.00826344472691
2.4541025 0.00841603261753
2.4514851 0.00820860845371
2.4488732 0.00861749631687
2.4462665 0.00851974469944
2.4436653 0.00881657583042
2.4410693 0.00857577306553
2.4384787 0.00899062139317
2.4358933 0.0087164400272
2.4333133 0.00907049161717
2.4307385 0.00926718694492
2.428169 0.00925049764439
2.425605 0.00939831716343
2.4230463 0.00933394414707
2.4204929 0.00970587713047
2.4179446 0.00975952131077
2.4154016 0.00984892827793
2.4128637 0.00995740873142
2.410331 0.0103400705509
2.4078035 0.0101731775455
2.4052811 0.010681009119
2.4027638 0.0107465742282
2.4002516 0.0112067220859
2.3977446 0.0113104341678
2.3952426 0.011410569971
2.3927458 0.0116513727359
2.3902539 0.0120364187412
2.3877674 0.0124548433475
2.3852859 0.0124107359104
2.3828094 0.0128994939975
2.380338 0.013054466074
2.3778715 0.0136433599643
2.37541 0.0136958120517
2.3729535 0.0141190050296
2.3705019 0.0143836496524
2.3680552 0.0145267007999
2.3656135 0.0149963854007
2.3631768 0.0150810239963
2.3607449 0.0156508444004
2.3583179 0.0159667490177
2.3558958 0.016293382471
2.3534785 0.0165234563999
2.3510661 0.0170539377384
2.3486585 0.0171957967929
2.3462558 0.0177453516178
2.3438579 0.018142318552
2.3414647 0.0185011385135
2.3390764 0.0189338682346
2.3366928 0.0191389082126
2.334314 0.0195716379337
2.33194 0.0198803899936
2.3295707 0.0207029340915
2.3272061 0.0207744596653
2.3248462 0.0213776586704
2.322491 0.0215683935337
2.3201405 0.0220225809269
2.3177946 0.0225041864566
2.3154534 0.0227545259647
2.3131169 0.0232742784671
2.310785 0.023389911478
2.3084577 0.0242291448764
2.306135 0.0242494104557
2.3038169 0.0250922201328
2.3015034 0.025135135477
2.2991944 0.0257693288974
2.29689 0.0260149000339
2.2945901 0.026242589777
2.2922948 0.0268815515689
2.2900039 0.0269745348148
2.2877176 0.0275252817325
2.2854357 0.0276123045139
2.2831584 0.0281749723606
2.2808854 0.0281952379398
2.2786169 0.028489684885
2.2763529 0.0287197588138
2.2740933 0.0289402959995
2.271838 0.0289438722782
2.2695872 0.0288806913547
2.2673409 0.0290511606388
2.2650991 0.0291322229557
2.2628616 0.0292824266605
2.2606285 0.0292263982944
2.2583997 0.0294123647861
2.2561752 0.029276466196
2.2539551 0.0294612405948
2.2517392 0.0293241499118
2.2495276 0.0294302461795
2.2473202 0.0293158052616
2.2451172 0.0293396471195
2.2429183 0.0292812345676
2.2407237 0.0292156694584
2.2385333 0.0293920992069
2.2363471 0.0290809629612
2.2341652 0.02931103689
2.2319877 0.0288294313602
2.2298145 0.0288580415897
2.2276453 0.0284682272129
2.2254803 0.028706645792
2.2233195 0.0284515379123
2.2211627 0.0282023904972
2.2190101 0.0283251760654
2.2168615 0.0280176160984
2.214717 0.0280593393497
2.2125766 0.0277422426395
2.2104402 0.0277315138034
2.2083083 0.0273071287326
2.2061805 0.0273846147709
2.2040567 0.0269638059787
2.2019369 0.0269542692356
2.199821 0.0267969129734
2.1977092 0.0268207548313
2.1956013 0.026675319498
2.1934973 0.0261221883945
2.1913973 0.0262831209354
2.1893014 0.025979137247
2.1872098 0.0259326456241
2.1851221 0.0254939554386
2.1830383 0.025557136362
2.1809584 0.0250457285099
2.1788823 0.0247941969089
2.17681 0.024713134592
2.1747416 0.024393653696
2.1726771 0.024450874155
2.170617 0.0239931104831
2.1685606 0.0238297937564
2.1665081 0.0234995840244
2.1644593 0.0237427709751
2.1624143 0.0231348035984
2.160373 0.0231872556858
2.1583354 0.0226436613254
2.1563021 0.0226460455112
2.1542727 0.0222240446262
2.152247 0.021849727457
2.150225 0.0219057558231
2.1482066 0.0212381838016
2.1461919 0.0210808275394
2.1441809 0.0206051824741
2.1421741 0.0206945894413
2.1401711 0.0200317857914
2.1381717 0.0202010629825
2.1361759 0.019533490961
2.1341836 0.0194762705021
2.132195 0.0191746709995
2.1302102 0.0187085626773
2.1282295 0.0186465738468
2.1262523 0.0181756971531
2.1242787 0.0180862901859
2.1223085 0.0173614977054
2.1203419 0.0175081251316
2.118379 0.0169299600772
2.1164202 0.0169847963504
2.1144649 0.0165556429081
2.112513 0.0161694048099
2.1105645 0.0160466192417
2.1086194 0.0155745504551
2.1066784 0.0154875276737
2.1047411 0.0151775835209
2.1028072 0.0149117468052
2.1008767 0.0144408701114
2.0989495 0.0145112035923
2.0970259 0.0138233659916
2.0951064 0.0140486715488
2.0931902 0.0133560655765
2.0912773 0.0134311674289
2.0893677 0.0133715627842
2.0874614 0.0129531381778
2.0855594 0.0127147195987
2.0836607 0.0126646516971
2.0817653 0.012518024271
2.079873 0.0122402666263
2.077984 0.0123666284732
2.0760993 0.011707401102
2.0742177 0.0118456838779
2.0723394 0.011639451807
2.0704643 0.0113461969547
2.0685924 0.0113485811405
2.0667247 0.0112424848728
2.0648601 0.0110994337253
2.0629987 0.0109361169986
2.0611404 0.0110291002445
2.0592856 0.0107203481845
2.0574346 0.0107716081791
2.0555868 0.0103901384525
2.0537419 0.0103794096164
2.0519002 0.0101064203434
2.0500625 0.0103293417148
2.048228 0.0101052282505
2.0463965 0.00994667989536
2.044568 0.00997886640354
2.0427431 0.0096450803928
2.0409218 0.00968322736546
2.0391036 0.00911102277561
2.0372883 0.0095926283054
2.035476 0.00899538976475
2.0336679 0.00914440137669
2.0318626 0.00886425954624
2.0300603 0.00897273999973
2.0282609 0.00892505628391
2.0264655 0.00869259816929
2.0246732 0.00864968282505
2.0228837 0.00847444516941
2.021097 0.00851020795628
2.0193143 0.00810966474339
2.0175347 0.00840291959568
2.0157579 0.00804290754124
2.0139839 0.00805006009861
2.0122137 0.0078938959293
2.0104467 0.00788912755772
2.0086824 0.00772700292393
2.0069208 0.00775561315342
2.0051632 0.00768885595127
2.0034086 0.00735626203343
2.0016567 0.0075219629459
1.9999075 0.00724897367283
1.9981624 0.00755176526829
1.99642 0.00706300718113
1.9946803 0.00714764577671
1.9929435 0.00715479833408
1.9912106 0.0071249960117
1.9894803 0.00712857229038
1.9877527 0.00703082067295
1.9860283 0.00702724439427
1.9843074 0.00661716443821
1.9825891 0.00693068486973
1.9808733 0.0065945146732
1.9791613 0.00673637372776
1.9774523 0.00634298307224
1.9757457 0.00675663930699
1.974042 0.00645146352574
1.9723421 0.00647649747654
1.9706447 0.00638947469517
1.9689498 0.00645623189732
1.9672584 0.00647530538365
1.96557 0.00637755376621
1.9638842 0.00617609006687
1.962201 0.00610814077183
1.9605216 0.00652298909947
1.9588447 0.00606522542759
1.9571702 0.00621542913242
1.9554992 0.00626430494114
1.9538312 0.00645265561863
1.9521655 0.00643119794651
1.9505028 0.00636682493015
1.9488435 0.00654206258579
1.9471866 0.00642642957493
1.945532 0.00662312490269
1.9438814 0.00647292119785
1.9422332 0.00700221044346
1.9405872 0.00679597837254
1.9389448 0.00693187696262
1.9373052 0.00695691091343
1.9356678 0.00734195691868
1.9340335 0.00753984433933
1.9324024 0.00756010991856
1.9307735 0.00789628011509
1.9291472 0.00779256803318
1.9275246 0.00849232656284
1.9259041 0.00803456289097
1.924286 0.00875101072117
1.9226717 0.0088237283878
1.9210596 0.00923619252964
1.9194496 0.00955448133274
1.9178435 0.00973329526707
1.9162396 0.0100754259281
1.9146379 0.0102303980045
1.9130398 0.0107215402774
1.9114441 0.010920619791
1.9098506 0.0114713667087
1.9082605 0.011627530878
1.9066729 0.0122879503421
1.9050874 0.012631273096
1.9035053 0.0130938051395
1.9019258 0.0134061334781
1.9003483 0.0138686655216
1.8987741 0.0142894743137
1.8972026 0.014480209177
1.895633 0.0154112337284
1.8940668 0.0153277872257
1.8925031 0.0158844946079
1.8909414 0.0160597322635
1.8893831 0.0168274400882
1.8878272 0.0168751238041
1.8862732 0.0172708986454
1.8847229 0.0176797865085
1.8831747 0.0175653455906
1.8816284 0.0178323743991
1.880086 0.0180696008854
1.8785455 0.0185976980381
1.877007 0.0187741277866
1.8754722 0.0194977281742
1.8739393 0.019602632349
1.8724087 0.0201319215946
1.8708814 0.0202892778568
1.8693559 0.0205908773594
1.8678332 0.0207112787418
1.8663134 0.0210367201023
1.8647953 0.0214980600528
1.8632804 0.021427726572
1.861768 0.0218974111728
1.8602572 0.0220237730198
1.8587501 0.0224731920414
1.857245 0.0221978185825
1.8557418 0.0222741125278
1.8542422 0.0227497575931
1.8527442 0.0230775831394
1.8512488 0.0230895040683
1.8497564 0.0230298994236
1.8482656 0.023310041254
1.8467779 0.0232170580082
1.8452926 0.0236569402866
1.8438088 0.0237284658603
1.8423289 0.024462795084
1.8408506 0.0242637155704
1.8393746 0.0244425295047
1.8379016 0.0245104787998
1.8364302 0.0246666429691
1.8349619 0.0248514173679
1.8334959 0.0250397680454
1.8320314 0.0251816271
1.8305707 0.0251685140781
1.8291115 0.0253914354496
1.8276547 0.0251208303623
1.8262008 0.0255833624057
1.8247482 0.0256346224002
1.8232992 0.0256334303074
1.8218519 0.0256095884494
1.8204067 0.025831317728
1.8189646 0.0258718488865
1.8175239 0.0259779451542
1.8160864 0.0258015154056
1.8146509 0.0258515833072
1.8132172 0.0261448381595
1.8117868 0.0259064195804
1.8103578 0.0262640474491
1.8089317 0.0260184763126
1.8075077 0.0263248441867
1.8060854 0.0263832567386
1.8046666 0.0265024660282
1.803249 0.0264559744053
1.8018343 0.0262807367496
1.8004218 0.0265108106784
1.7990109 0.0262974260501
1.7976034 0.02647027952
1.7961971 0.0264500139408
1.7947938 0.0266109464817
1.7933924 0.0263510702304
1.7919929 0.0266097543888
1.7905965 0.0262723920993
1.7892013 0.0264333246402
1.7878093 0.0265000818424
1.786419 0.0264535902195
1.7850307 0.0266192911319
1.7836453 0.026390409296
1.7822609 0.026572799509
1.7808802 0.0264273641758
1.7795007 0.0265096185855
1.7781237 0.0264392851047
1.776749 0.0265680311374
1.7753758 0.0266693590335
1.7740059 0.0267742632084
1.772637 0.0265322683506
1.7712713 0.0266777036838
1.7699071 0.0265990255527
1.7685451 0.0266169069461
1.7671857 0.0267933366947
1.7658274 0.0264070985965
1.7644727 0.0264810083561
1.7631188 0.0263379572086
1.761768 0.026538228815
1.7604189 0.0263725279026
1.7590718 0.0264833925418
1.7577272 0.0263176916294
1.7563838 0.0259386060886
1.7550439 0.0261543749027
1.7537048 0.0260840414219
1.7523688 0.0261329172306
1.7510343 0.025808667963
1.749702 0.025899267023
1.748372 0.0257049558811
1.7470435 0.025694227045
1.7457179 0.0255714414768
1.7443932 0.0254844186954
1.743072 0.0253437517337
1.7417518 0.0252936838321
1.7404343 0.0251673219852
1.7391184 0.0251422880344
1.7378046 0.0251744745426
1.7364932 0.0247834680729
1.735183 0.0248096941166
1.7338759 0.0246320722751
1.7325696 0.0247334001712
1.7312668 0.0245223997287
1.7299647 0.0246547220401
1.7286656 0.0244997499637
1.7273679 0.0241421220951
1.7260723 0.0242839811496
1.7247789 0.0238643644504
1.723487 0.0241170881443
1.7221979 0.0238262174778
1.7209096 0.0238274095707
1.7196247 0.0235854147129
1.7183404 0.023504352396
1.7170594 0.0234161375217
1.7157793 0.02327547056
1.7145019 0.0232993124179
1.7132259 0.0228904245548
1.7119522 0.0228665826969
1.7106804 0.022762870615
1.7094103 0.022443389719
1.7081426 0.0223897455387
1.7068761 0.0223670957737
1.7056124 0.0219903944187
1.7043496 0.0221644399814
1.70309 0.0218032358341
1.7018309 0.0218819139652
1.7005752 0.0217233656101
1.6993201 0.0212536810093
1.698068 0.021347856348
1.6968169 0.0211750028782
1.6955684 0.0208471773319
1.6943213 0.0206922052555
1.6930764 0.0206361768894
1.6918332 0.0201414583377
1.6905919 0.0203524587803
1.6893526 0.0199316499881
1.6881149 0.0198315141849
1.6868795 0.0197492597751
1.6856454 0.0194524286441
1.6844138 0.0192855356388
1.6831833 0.0191973207645
1.6819556 0.0190006254367
1.6807286 0.0187955854587
1.6795047 0.0186382291965
1.6782813 0.0184772966556
1.6770612 0.0182817934208
1.6758413 0.0179086683445
1.674625 0.0177858827762
1.6734089 0.0176344869785
1.6721961 0.0173138139896
1.6709837 0.0172780512027
1.6697744 0.0170539377384
1.6685657 0.0168107507877
1.66736 0.0165973661594
1.666155 0.0164495466404
1.6649528 0.0161920545749
1.6637514 0.0161598680668
1.6625528 0.0158153532199
1.661355 0.0157021043949
1.6601599 0.0155936239414
1.6589657 0.0154124258213
1.6577741 0.0150512216739
1.6565835 0.0148056505375
1.6553954 0.0147090910129
1.6542083 0.0146494863681
1.6530238 0.0144217966251
1.6518402 0.0140391348056
1.6506591 0.0139902589969
1.6494791 0.0136624334507
1.6483015 0.013396596735
1.6471249 0.013350105112
1.6459508 0.0130604265384
1.6447777 0.0129543302707
1.6436071 0.0126300810032
1.6424374 0.0124774931125
1.6412703 0.0123570917301
1.6401039 0.0123213289432
1.6389403 0.0119911192112
1.6377773 0.0119672773532
1.6366172 0.0115953443699
1.6354576 0.0114475248508
1.6343009 0.0112651346378
1.6331446 0.0110934732608
1.6319913 0.0110946653537
1.6308383 0.0108562467746
1.6296886 0.0103996751957
1.6285388 0.0103591440372
1.6273925 0.0103150366001
1.6262462 0.0100468156986
1.6251031 0.0101028440647
1.6239603 0.00970468503758
1.6228204 0.00937209111973
1.621681 0.00949726087376
1.6205443 0.00909790975376
1.6194084 0.00904545766636
1.6182749 0.00904545766636
1.6171423 0.00885949117466
1.6160119 0.0086627958469
1.6148829 0.00862941724583
1.6137556 0.00824437124058
1.6126299 0.00842199308201
1.6115057 0.00803337079807
1.6103835 0.00765190107151
1.6092623 0.00777230245396
1.6081435 0.00755534154698
1.6070254 0.0073097704105
1.60591 0.00731453878208
1.6047948 0.00721917135044
1.6036829 0.00692353231236
1.6025709 0.006859159296
1.6014621 0.00681624395176
1.6003535 0.00669345838352
1.5992477 0.00641331655308
1.5981426 0.00637278539463
1.5970397 0.00639305097386
1.5959379 0.00620589238926
1.5948379 0.00605926496311
1.5937395 0.00604376775547
1.5926424 0.0058768747501
1.5915474 0.00572667104527
1.5904531 0.00581130964085
1.5893615 0.00542149526402
1.58827 0.00542268735691
1.5871818 0.00540242177769
1.5860935 0.00516877157017
1.5850082 0.00506029111668
1.5839234 0.00500426275059
1.5828408 0.00483856183811
1.5817593 0.0048409460239
1.5806795 0.00456318837925
1.5796014 0.00436887723728
1.5785243 0.00459179860874
1.5774495 0.00434026700779
1.5763751 0.00430212003513
1.5753036 0.00422344190403
1.5742322 0.00415430051609
1.5731638 0.00406966192051
1.5720957 0.00393376333042
1.5710299 0.0038074014835
1.5699652 0.00380263311192
1.568902 0.00358090383335
1.5678406 0.00352129918858
1.56678 0.00355944616123
1.5657219 0.00348196012303
1.5646639 0.00362858754917
1.5636091 0.0032757280521
1.5625544 0.00315294248386
1.5615022 0.00324592572971
1.5604507 0.00291810018345
1.559401 0.00279054624363
1.5583529 0.00298843366428
1.5573057 0.00290856344029
1.5562609 0.00288710576817
1.5552161 0.00258789045139
1.5541746 0.00252232534214
1.5531331 0.00262365323826
1.552094 0.0023995397739
1.5510559 0.00239715558811
1.5500192 0.00221834165379
1.5489843 0.00234589559361
1.5479499 0.00221953374668
1.5469184 0.00222668630406
1.5458868 0.00230417234226
1.5448581 0.00204548818394
1.5438298 0.00201449376865
1.5428034 0.00186786634251
1.5417784 0.00188455564304
1.5407542 0.00184879285618
1.5397325 0.00179514867588
1.5387108 0.00171289426609
1.5376921 0.00168905240818
1.5366737 0.00143513662144
1.5356573 0.00160918218418
1.5346421 0.0014720915012
1.5336279 0.00151143056675
1.532616 0.00160799009129
1.5316041 0.00127420408054
1.5305953 0.0013397691898
1.5295867 0.00126466733738
1.52858 0.00118360502049
1.5275746 0.00113115293308
1.5265701 0.00115857106968
1.5255679 0.000998830621682
1.5245658 0.00106201154514
1.5235666 0.00321493131443
1.5225677 0.00369296056553
1.5215705 0.00389204007908
1.5205749 0.0037549493961
1.5195797 0.00383124334141
1.5185873 0.00381813031956
1.517595 0.00394926053806
1.516605 0.00395045263096
1.5156159 0.00398383123203
1.5146279 0.00384078008457
1.513642 0.00414118749424
1.512656 0.00384912473484
1.5116732 0.00393018705174
1.5106905 0.00392065030857
1.5097096 0.00405297261997
1.5087302 0.00400886518284
1.5077511 0.00385389310642
1.5067749 0.00394806844517
1.5057986 0.00389084798618
1.5048247 0.00378475171848
1.5038516 0.00379786474033
1.5028795 0.00394926053806
1.5019096 0.00397667867466
1.5009398 0.00390992147251
1.4999726 0.00399813634678
1.499006 0.00383958799168
1.4980406 0.00410423261448
1.4970772 0.00409231168553
1.4961137 0.00399813634678
1.4951533 0.00405893308445
1.494193 0.00396237355991
1.4932343 0.00368461591526
1.4922772 0.00408277494236
1.4913202 0.00386462194248
1.4903663 0.00382528287693
1.4894124 0.00397787076756
1.4884602 0.00396356565281
1.4875095 0.00408754331394
1.4865589 0.00384793264195
1.4856113 0.00388965589329
1.4846638 0.00395283681675
1.483718 0.00385270101353
1.4827736 0.0038860796146
1.4818293 0.00414714795872
1.4808881 0.00390276891514
1.4799469 0.00400409681126
1.4790073 0.00396833402439
1.4780693 0.00384912473484
1.4771312 0.00396118146702
1.4761963 0.00388131124302
1.4752614 0.00397429448887
1.474328 0.00393257123753
1.4733962 0.00401482564732
1.4724644 0.0038074014835
1.4715356 0.00418052655979
1.470607 0.00370964986607
1.4696796 0.00375852567478
1.4687541 0.00388965589329
1.4678286 0.00366435033604
1.4669058 0.00394687635227
1.4659834 0.00400171262547
1.4650619 0.00418648702427
1.4641427 0.00383958799168
1.4632234 0.00403866750523
1.4623064 0.00370845777317
1.4613903 0.00398383123203
1.4604745 0.00380382520481
1.4595615 0.00393614751621
1.4586486 0.00381336194798
1.4577372 0.0040470121555
1.4568273 0.00402317029759
1.4559175 0.00402078611179
1.4550105 0.00393018705174
1.4541037 0.00397191030308
1.4531979 0.00398621541782
1.4522942 0.00369057637974
1.4513906 0.00414834005161
1.4504891 0.0038348196201
1.4495885 0.00380263311192
1.4486882 0.00396475774571
1.4477907 0.0038074014835
1.4468932 0.00417695028111
1.4459971 0.00385508519932
1.4451027 0.00402555448338
1.4442083 0.00404105169102
1.4433164 0.0041256902866
1.4424251 0.00387058240696
1.4415342 0.00403866750523
1.440646 0.00388131124302
1.4397578 0.00397071821018
1.438871 0.0038872717075
1.4379859 0.00387415868565
1.4371007 0.00413165075108
1.436218 0.00395402890965
1.435336 0.00399456006809
1.4344543 0.00390276891514
1.4335752 0.00389561635777
1.4326962 0.00375614148899
1.4318185 0.00410065633579
1.4309426 0.00385031682774
1.4300666 0.00388965589329
1.4291929 0.00411734563633
1.42832 0.00394687635227
1.4274472 0.00413999540135
1.4265773 0.00389323217198
1.4257075 0.00387296659275
1.4248385 0.00377044660374
1.4239717 0.00395641309544
1.4231049 0.00368819219395
1.4222399 0.00405178052708
1.4213761 0.00388965589329
1.4205123 0.0037287233524
