3.98243322221 0.0662159233666
3.97922587915 0.0669430970158
3.9760237153 0.0637156961009
3.97282671803 0.064108965848
3.96963487475 0.0608718982084
3.96644817291 0.0614067512723
3.9632666 0.0607814308689
3.96009014355 0.0623660663225
3.95691879114 0.0610628202878
3.95375253038 0.0608551214864
3.95059134892 0.0613847948353
3.94743523446 0.0623095147401
3.94428417472 0.0625923683912
3.94113815747 0.0632434598221
3.93799717054 0.0618960248546
3.93486120176 0.0613160551611
3.93173023903 0.062250831359
3.92860427028 0.061572465377
3.92548328348 0.0611205004046
3.92236726662 0.0610640191394
3.91925620775 0.0610741931364
3.91615009497 0.0607285486055
3.91304891638 0.0606633681012
3.90995266014 0.0621366102963
3.90686131446 0.0609251703705
3.90377486756 0.0604988526259
3.90069330773 0.0609874790215
3.89761662326 0.0608407697321
3.89454480251 0.0633340323506
3.89147783385 0.0630985229272
3.88841570571 0.0597169358518
3.88535840655 0.0596876458991
3.88230592486 0.0601390516466
3.87925824917 0.0579205206342
3.87621536805 0.0584525837599
3.8731772701 0.0598839573898
3.87014394396 0.0607634665829
3.8671153783 0.060282376277
3.86409156184 0.0604821632711
3.86107248333 0.0590601356215
3.85805813154 0.0619099968532
3.85504849529 0.0630343141569
3.85204356344 0.0605915589552
3.84904332487 0.0618107779983
3.8460477685 0.0603127606613
3.84305688331 0.0578328803255
3.84007065827 0.057727128929
3.83708908241 0.0574815725008
3.8341121448 0.0557751501374
3.83113983452 0.0560662244107
3.82817214072 0.055648446829
3.82520905256 0.0553599801297
3.82225055922 0.0549639223081
3.81929664995 0.0546346664293
3.81634731401 0.0531568320109
3.81340254069 0.0526725446345
3.81046231934 0.0517891264507
3.80752663931 0.0523478853475
3.80459549 0.0527728989252
3.80166886084 0.0533965081055
3.79874674131 0.0540666665628
3.79582912088 0.0561606662149
3.79291598911 0.0557120028071
3.79000733554 0.05632028486
3.78710314976 0.0563478552392
3.78420342142 0.0578333044091
3.78130814016 0.0581015749783
3.77841729568 0.059044498996
3.77553087769 0.0591357204536
3.77264887596 0.0599984429761
3.76977128026 0.0608945383313
3.76689808042 0.0600420651514
3.76402926628 0.0605934237109
3.76116482772 0.0619416217633
3.75830475466 0.0624790948043
3.75544903703 0.0634134012105
3.75259766481 0.0638591334285
3.749750628 0.064056145902
3.74690791664 0.0650093115257
3.74406952078 0.0641528605211
3.74123543053 0.0646953853187
3.73840563601 0.0642322134127
3.73558012738 0.0653771133453
3.73275889481 0.0649903751913
3.72994192854 0.0644540190692
3.72712921879 0.0648697235775
3.72432075585 0.0648045115873
3.72151653002 0.0652487379536
3.71871653163 0.0646381321197
3.71592075106 0.0657355978141
3.71312917868 0.0653185184726
3.71034180493 0.0656166527554
3.70755862025 0.0645594618236
3.70477961512 0.0646597410212
3.70200478006 0.0653550304318
3.69923410559 0.0652212791705
3.69646758229 0.0645640750329
3.69370520075 0.0642413161129
3.69094695159 0.0642180487551
3.68819282546 0.0650968260889
3.68544281305 0.0647709993548
3.68269690506 0.064322633528
3.67995509222 0.0644269024329
3.6772173653 0.0640636350931
3.67448371509 0.0644344824161
3.67175413241 0.0640428543391
3.6690286081 0.0633337458989
3.66630713304 0.0631888681156
3.66358969813 0.0637840491833
3.66087629429 0.062595167759
3.65816691249 0.0628601818776
3.6554615437 0.0625480183281
3.65276017894 0.0624296241917
3.65006280923 0.0631943116632
3.64736942565 0.0625382392438
3.64468001928 0.0631633867782
3.64199458124 0.063126597056
3.63931310266 0.0616961964865
3.63663557473 0.0612525960145
3.63396198863 0.0613192054153
3.63129233559 0.0619236923452
3.62862660684 0.0612526774415
3.62596479368 0.0617013307093
3.62330688738 0.061352638937
3.62065287929 0.0615077372143
3.61800276075 0.0606962714352
3.61535652313 0.059694646291
3.61271415784 0.0597225879965
3.61007565631 0.0600217813336
3.60744100998 0.0593518788509
3.60481021033 0.0600121480262
3.60218324887 0.0603954818251
3.59956011712 0.0598551241842
3.59694080664 0.0591033577708
3.594325309 0.0584471465835
3.59171361581 0.058747635512
3.58910571869 0.0582814496816
3.58650160929 0.0591121329797
3.58390127929 0.058832635798
3.58130472038 0.0577974326133
3.5787119243 0.0569514366458
3.57612288279 0.0573647236763
3.57353758762 0.0571149909359
3.57095603059 0.0566897002388
3.56837820352 0.0568792964573
3.56580409826 0.0567535501817
3.56323370666 0.0564062634376
3.56066702064 0.0558413745099
3.55810403209 0.0557831589661
3.55554473296 0.0554050704586
3.55298911521 0.0547346261318
3.55043717082 0.0549857391053
3.54788889181 0.054250532771
3.54534427021 0.0539808310878
3.54280329807 0.053736961634
3.54026596747 0.0532641131775
3.53773227051 0.0536287970504
3.53520219932 0.0533956138631
3.53267574603 0.0529944362707
3.53015290283 0.0520961998176
3.5276336619 0.0517311509089
3.52511801545 0.0514681198885
3.52260595573 0.050417280302
3.52009747499 0.0497405108874
3.51759256552 0.0489600673081
3.51509121961 0.0484723197174
3.51259342959 0.0477501444274
3.51009918781 0.0464684881395
3.50760848664 0.0458766189081
3.50512131848 0.0440909283901
3.50263767572 0.0436829373833
3.50015755082 0.0423690062732
3.49768093622 0.0418954205441
3.49520782441 0.0415248866744
3.49273820787 0.0407891810932
3.49027207914 0.0398060996832
3.48780943076 0.0383628980733
3.48535025529 0.0383923672182
3.48289454531 0.0376633225784
3.48044229343 0.0369934708016
3.47799349227 0.0360852996732
3.4755481345 0.0353696567311
3.47310621276 0.03575829044
3.47066771976 0.0352327366857
3.46823264819 0.0341291097508
3.46580099081 0.0347054094423
3.46337274034 0.0346828771924
3.46094788957 0.0342220293004
3.45852643129 0.0341452569398
3.45610835831 0.03399588337
3.45369366347 0.0341836776295
3.45128233961 0.033419561465
3.44887437961 0.0333259826907
3.44646977637 0.0335084522923
3.44406852279 0.0334607953032
3.44167061182 0.0346800252474
3.43927603639 0.0340529480679
3.4368847895 0.0348325395269
3.43449686412 0.0352567905912
3.43211225327 0.0358353442986
3.42973094998 0.0358638923808
3.42735294731 0.0362189775471
3.42497823833 0.0362505814107
3.42260681612 0.0360839863934
3.4202386738 0.035654600088
3.41787380448 0.0363239954164
3.41551220134 0.0364642122481
3.41315385752 0.0363096999234
3.41079876621 0.0362806554748
3.40844692062 0.0358710617902
3.40609831398 0.0362590505323
3.40375293953 0.0362895060301
3.40141079052 0.036729238351
3.39907186024 0.0360455555512
3.39673614199 0.035891052793
3.39440362909 0.0358703923197
3.39207431487 0.0362349397019
3.38974819268 0.0362690652252
3.3874252559 0.0364437565404
3.38510549793 0.0362230485987
3.38278891216 0.0363185679336
3.38047549203 0.0365048540573
3.37816523098 0.0364750819733
3.37585812248 0.0360689865745
3.37355416001 0.035802922663
3.37125333707 0.0361439713321
3.36895564718 0.0360876589142
3.36666108387 0.0349991025529
3.36436964069 0.0353943925384
3.36208131123 0.0351236628593
3.35979608906 0.0352268273454
3.35751396779 0.0346488678276
3.35523494105 0.0347463438316
3.35295900248 0.0338038351054
3.35068614573 0.0338054637665
3.34841636449 0.033751031924
3.34614965244 0.0338191867677
3.3438860033 0.0337156331258
3.34162541079 0.033186326116
3.33936786867 0.0334541103028
3.33711337069 0.0332575504465
3.33486191062 0.03290214696
3.33261348228 0.0323020901082
3.33036807946 0.0328123470405
3.328125696 0.032291945069
3.32588632575 0.0320155578054
3.32364996256 0.0317742541565
3.32141660033 0.0317102323037
3.31918623294 0.0315604284561
3.3169588543 0.0314039180884
3.31473445836 0.0313223874585
3.31251303904 0.0314847937926
3.31029459032 0.0314900093798
3.30807910618 0.0310824086398
3.3058665806 0.0310924541914
3.3036570076 0.0310949775097
3.30145038121 0.0318521423147
3.29924669546 0.0320284725349
3.29704594443 0.0328119324604
3.29484812218 0.0327804283251
3.2926532228 0.0329958701096
3.29046124041 0.0335776481548
3.28827216912 0.0338229269286
3.28608600308 0.0340468001899
3.28390273643 0.0338116734311
3.28172236335 0.0338372461278
3.27954487803 0.0341428918406
3.27737027466 0.0338259981507
3.27519854746 0.0334172661458
3.27302969066 0.0337950352206
3.27086369852 0.0341643098215
3.26870056529 0.0338991378751
3.26654028526 0.0333943899995
3.26438285271 0.0334432698386
3.26222826196 0.0332463167033
3.26007650733 0.0327078419206
3.25792758315 0.0325033909821
3.25578148379 0.0323506670776
3.2536382036 0.0323354007166
3.25149773699 0.0324786784968
3.24936007834 0.0321519040516
3.24722522206 0.0316057893125
3.2450931626 0.0318325367869
3.24296389438 0.0315719951071
3.24083741187 0.0315111527369
3.23871370954 0.0307661538257
3.23659278188 0.0310581994953
3.23447462339 0.0308746191377
3.23235922859 0.0310189494963
3.23024659201 0.0309834115047
3.22813670818 0.0302342615493
3.22602957168 0.030106946125
3.22392517708 0.0297793119135
3.22182351896 0.0294057550223
3.21972459193 0.0290155632581
3.2176283906 0.0289789143132
3.21553490961 0.0292179760034
3.2134441436 0.0288307625549
3.21135608722 0.0283417257648
3.20927073516 0.0286134752049
3.2071880821 0.0289809541009
3.20510812273 0.0282760799249
3.20303085178 0.0280556535208
3.20095626397 0.0277688622578
3.19888435405 0.0276955163525
3.19681511677 0.0277492442075
3.1947485469 0.0271791966628
3.19268463922 0.0269372695242
3.19062338853 0.02719438029
3.18856478965 0.0264773447294
3.18650883739 0.0263340723402
3.18445552659 0.0260920017848
3.18240485211 0.0268061516679
3.18035680881 0.0258948192253
3.17831139156 0.0259744711101
3.17626859525 0.0263723987126
3.1742284148 0.0255016874546
3.17219084512 0.0256598957247
3.17015588113 0.0252440882834
3.16812351779 0.0251009956995
3.16609375004 0.0247786723497
3.16406657286 0.024533895306
3.16204198123 0.0241784804158
3.16001997015 0.0236346432101
3.15800053463 0.0236917438859
3.15598366967 0.0234446881941
3.15396937033 0.0239467054158
3.15195763165 0.0229428234769
3.14994844869 0.0228075316421
3.14794181651 0.0230335788789
3.14593773021 0.0228563327717
3.14393618488 0.0231640941981
3.14193717564 0.0224055840023
3.13994069759 0.0228242784925
3.13794674589 0.0229234749474
3.13595531568 0.0223562095976
3.13396640212 0.0220945367567
3.13198000038 0.0220847341332
3.12999610564 0.0221993067131
3.12801471311 0.0217526571531
3.12603581799 0.0213780260359
3.12405941551 0.0210462666292
3.12208550089 0.0207861905112
3.12011406939 0.0204270821689
3.11814511626 0.0209566359072
3.11617863677 0.0214078424904
3.11421462621 0.0206370144651
3.11225307987 0.0206060222393
3.11029399305 0.0204242724721
3.10833736108 0.0204795773547
3.10638317928 0.020348471431
3.10443144299 0.0202993020938
3.10248214757 0.020262256312
3.10053528839 0.0203749091425
3.09859086081 0.0206049761336
3.09664886024 0.0199808780738
3.09470928207 0.0202303320773
3.09277212171 0.0196325460149
3.09083737458 0.0193805770318
3.08890503612 0.0194591247754
3.08697510179 0.0193125225777
3.08504756703 0.0194027719419
3.08312242731 0.0193052787588
3.08119967812 0.01909434156
3.07927931494 0.018756252272
3.07736133329 0.0191357729137
3.07544572868 0.0196882963299
3.07353249663 0.0190675000658
3.07162163268 0.0189631779872
3.06971313237 0.0185384273467
3.06780699128 0.0186991486634
3.06590320497 0.0185212556885
3.06400176901 0.0181829699671
3.06210267902 0.0181461477743
3.06020593058 0.0185021413499
3.05831151931 0.0188172167441
3.05641944084 0.0186750045395
3.05452969081 0.0186392588988
3.05264226486 0.0187764649335
3.05075715865 0.0183449970679
3.04887436786 0.0179726235643
3.04699388816 0.0182425106465
3.04511571524 0.018191883877
3.0432398448 0.0182967092162
3.04136627256 0.0179670950952
3.03949499424 0.0176794298016
3.03762600557 0.0178874072669
3.03575930229 0.0177389359468
3.03389488017 0.0181005811684
3.03203273496 0.018283072226
3.03017286245 0.0175454676342
3.02831525841 0.0177537549485
3.02645991865 0.0174010122876
3.02460683896 0.0174770784151
3.02275601518 0.0173577916729
3.02090744312 0.0171672424417
3.01906111862 0.0172756927963
3.01721703754 0.0167568038034
3.01537519572 0.0169656376935
3.01353558904 0.0170608647934
3.01169821338 0.0172006630737
3.00986306462 0.0167161643046
3.00803013867 0.0166258598827
3.00619943143 0.0166878969925
3.00437093881 0.0168177787273
3.00254465676 0.0167107343175
3.00072058121 0.0162783016904
2.99889870811 0.016627373051
2.99707903341 0.0166876787621
2.99526155309 0.0162534912346
2.99344626312 0.0161028913755
2.99163315949 0.0168228044081
2.98982223821 0.0159859820625
2.98801349527 0.0159177100407
2.98620692669 0.0162611088862
2.98440252851 0.0165950360827
2.98260029676 0.0164363595916
2.98080022748 0.0158805644271
2.97900231673 0.0154177924424
2.97720656059 0.0159566442167
2.97541295511 0.0161000184327
2.9736214964 0.016419965379
2.97183218053 0.0162333534107
2.97004500362 0.0156213645223
2.96825996178 0.0157226368719
2.96647705113 0.0158703851422
2.96469626781 0.0162780156108
2.96291760795 0.0154212520473
2.96114106771 0.0157280521465
2.95936664324 0.0160268803037
2.95759433072 0.0157210095551
2.95582412632 0.0159641528383
2.95405602623 0.0161483967912
2.95229002665 0.0160580546126
2.95052612379 0.0155879306654
2.94876431385 0.0160003211263
2.94700459307 0.015832201217
2.94524695768 0.0163675458639
2.94349140391 0.0166715062971
2.94173792803 0.0157626713868
2.93998652629 0.015863649852
2.93823719496 0.016060795047
2.93648993032 0.0164041147455
2.93474472865 0.0161617667176
2.93300158626 0.016329066412
2.93126049945 0.0164740747148
2.92952146452 0.0157229408923
2.92778447782 0.015650719257
2.92604953565 0.0156179226523
2.92431663438 0.0157314519317
2.92258577034 0.015573110878
2.92085693989 0.0155538574365
2.9191301394 0.0156548496453
2.91740536524 0.0159913623405
2.9156826138 0.0152862883479
2.91396188147 0.0152992921646
2.91224316466 0.0148261916865
2.91052645976 0.0158565819397
2.90881176319 0.0158164723376
2.9070990714 0.0151290710722
2.9053883808 0.0148642140042
2.90367968784 0.0153081067263
2.90197298898 0.0144589449124
2.90026828067 0.0145144239082
2.89856555938 0.0140436586884
2.89686482159 0.0144193765669
2.89516606379 0.0144846091295
2.89346928246 0.0143453007137
2.89177447411 0.0141003198989
2.89008163525 0.0145052158899
2.8883907624 0.0149231194044
2.88670185208 0.0146986181859
2.88501490083 0.014554872887
2.88332990519 0.0154020506042
2.88164686172 0.0158564934212
2.87996576696 0.0150687451792
2.87828661749 0.0142588482018
2.87660940989 0.0146177793345
2.87493414073 0.0153797579873
2.87326080661 0.0154575763465
2.87158940412 0.0154389106195
2.86991992988 0.0157485549527
2.8682523805 0.0159436604306
2.8665867526 0.0164732479941
2.86492304281 0.0160658782937
2.86326124777 0.0160889726444
2.86160136413 0.0166836015321
2.85994338854 0.0160418226747
2.85828731766 0.0166092697262
2.85663314817 0.0168621339635
2.85498087674 0.0163444251068
2.85333050006 0.0170127681522
2.85168201482 0.0174163314631
2.85003541772 0.0170350988673
2.84839070547 0.017971265885
2.84674787478 0.0179871372737
2.84510692239 0.0177024090491
2.84346784502 0.0181838301207
2.84183063941 0.018488422081
2.8401953023 0.0184314594754
2.83856183046 0.0179769704232
2.83693022064 0.0179576357632
2.83530046961 0.0185468274104
2.83367257415 0.0186628838214
2.83204653104 0.0185557468839
2.83042233707 0.0183683535466
2.82879998905 0.0192872176388
2.82717948378 0.0189073756424
2.82556081807 0.0193635429596
2.82394398874 0.019246552063
2.82232899262 0.0193660736312
2.82071582656 0.0197165232048
2.81910448738 0.0190095556785
2.81749497194 0.0197146803878
2.8158872771 0.0196800378032
2.81428139972 0.0196128905536
2.81267733668 0.0196823385417
2.81107508484 0.0195065419085
2.80947464111 0.0196373674062
2.80787600237 0.0201073399534
2.80627916552 0.0201344834688
2.80468412747 0.0201660250702
2.80309088514 0.0200981293814
2.80149943544 0.0200723027688
2.79990977531 0.0199672604547
2.79832190167 0.0196454499656
2.79673581148 0.0196840390875
2.79515150168 0.0195899437263
2.79356896923 0.019273236735
2.7919882111 0.0186576860335
2.79040922424 0.0192219120883
2.78883200565 0.0192337175464
2.78725655229 0.0190828602379
2.78568286118 0.0191286876821
2.78411092929 0.0192865625201
2.78254075365 0.0196996403346
2.78097233125 0.0197547158415
2.77940565912 0.0193973355383
2.77784073428 0.0191111177965
2.77627755376 0.0187343370261
2.77471611461 0.0185975806853
2.77315641387 0.0190708122311
2.77159844858 0.0189011014
2.77004221581 0.0192654620988
2.76848771262 0.018992260457
2.76693493609 0.0182351872141
2.76538388329 0.0184532285515
2.76383455131 0.0180561274287
2.76228693724 0.0185799458781
2.76074103817 0.0181055617734
2.75919685122 0.018443828508
2.75765437349 0.0186152310737
2.7561136021 0.0186621691662
2.75457453417 0.0195947876188
2.75303716684 0.0198475306467
2.75150149725 0.0198918071908
2.74996752252 0.020978703809
2.74843523983 0.0213880661635
2.74690464631 0.0216634021403
2.74537573914 0.0217263920096
2.74384851548 0.022059096722
2.74232297251 0.0224790657458
2.74079910741 0.0229470853116
2.73927691737 0.0238327899451
2.73775639958 0.0244323846264
2.73623755124 0.0249553578568
2.73472036956 0.0257851819522
2.73320485175 0.0261868204296
2.73169099504 0.0268632749454
2.73017879664 0.0281733611524
2.72866825379 0.0285985943655
2.72715936372 0.0287418299911
2.72565212368 0.0301764068767
2.72414653092 0.0312591226649
2.7226425827 0.0322185707531
2.72114027627 0.0337172376289
2.71963960891 0.0342070479284
2.71814057789 0.0355258952485
2.71664318048 0.0361540780643
2.71514741399 0.0361964498434
2.71365327569 0.0367076439543
2.71216076289 0.0384918563192
2.71066987289 0.0393045773542
2.709180603 0.0397050468574
2.70769295054 0.0406990602083
2.70620691283 0.0415433315929
2.70472248719 0.0418852909218
2.70323967097 0.0434970031447
2.7017584615 0.044531202803
2.70027885612 0.0457098467765
2.69880085219 0.0471375065895
2.69732444707 0.0485556995452
2.69584963812 0.0500464718773
2.6943764227 0.0518456801618
2.6929047982 0.0533924896618
2.69143476199 0.055074142295
2.68996631146 0.0569471631948
2.688499444 0.0584466023513
2.68703415701 0.0598484476629
2.68557044789 0.060760815476
2.68410831405 0.061616169893
2.6826477529 0.0628853565071
2.68118876188 0.06455918479
2.67973133839 0.0657841005769
2.67827547988 0.0658543131158
2.67682118378 0.0668979839456
2.67536844753 0.0679464974406
2.67391726859 0.0684125000427
2.6724676444 0.0685002136805
2.67101957242 0.069003082661
2.66957305013 0.070065392942
2.66812807499 0.0705579211498
2.66668464448 0.0707380211672
2.66524275607 0.0705145852601
2.66380240726 0.0718453686525
2.66236359554 0.0719132464399
2.66092631841 0.0717481756554
2.65949057336 0.0725677260284
2.65805635791 0.073071239183
2.65662366958 0.0735261884184
2.65519250588 0.0738316311256
2.65376286433 0.074244284505
2.65233474248 0.074379949754
2.65090813784 0.0748934479915
2.64948304797 0.0752107987131
2.64805947041 0.0753164288848
2.64663740272 0.0763935980596
2.64521684244 0.0763201496739
2.64379778714 0.0759872788653
2.64238023439 0.076407333769
2.64096418176 0.0766964953745
2.63954962683 0.0774428544197
2.63813656718 0.0772574795757
2.6367250004 0.0772941031725
2.63531492408 0.0773625970386
2.63390633583 0.0779742293188
2.63249923324 0.0778988422666
2.63109361393 0.0779452621796
2.6296894755 0.0779468351088
2.62828681558 0.0781322926601
2.6268856318 0.0785584137839
2.62548592177 0.0787034465176
2.62408768314 0.0785778472803
2.62269091355 0.0792892082186
2.62129561063 0.0789057451557
2.61990177205 0.0792498776962
2.61850939545 0.0790373872906
2.61711847849 0.0792222167257
2.61572901884 0.0796520279611
2.61434101417 0.0799533728008
2.61295446215 0.0796065246379
2.61156936046 0.0801472429878
2.61018570679 0.0807170333512
2.60880349882 0.0804948704222
2.60742273425 0.0798665156198
2.60604341079 0.0805171805384
2.60466552612 0.0808667645975
2.60328907796 0.0801987684441
2.60191406403 0.0794629454271
2.60054048205 0.0807219505585
2.59916832973 0.0807151322492
2.59779760481 0.080401700852
2.59642830502 0.0802701292375
2.59506042809 0.0807144318216
2.59369397177 0.0808971058456
2.59232893382 0.0801965966595
2.59096531196 0.0805125623989
2.58960310398 0.0803993402591
2.58824230762 0.0807477719548
2.58688292066 0.0807732676493
2.58552494087 0.0809272186376
2.58416836601 0.0807666202687
2.58281319388 0.0809562212416
2.58145942225 0.0810272837047
2.58010704892 0.0812649892078
2.57875607168 0.0810057838237
2.57740648833 0.0811790705405
2.57605829668 0.0814221992266
2.57471149453 0.0819809754146
2.5733660797 0.0816714275922
2.57202204999 0.0821168758225
2.57067940325 0.0817954304272
2.56933813728 0.0816582749881
2.56799824993 0.082316100401
2.56665973903 0.0820354323563
2.56532260242 0.0820366910009
2.56398683794 0.0820622798064
2.56265244344 0.0820656248115
2.56131941679 0.0820229749313
2.55998775583 0.0819352391653
2.55865745842 0.0823852811202
2.55732852245 0.0819554545033
2.55600094577 0.0828796519985
2.55467472626 0.0827466803595
2.55334986181 0.082409776369
2.5520263503 0.0817400312907
2.55070418961 0.0818935790899
2.54938337765 0.0821890948207
2.54806391231 0.0821465106089
2.54674579149 0.0815921768726
2.54542901311 0.0817990642254
2.54411357506 0.0818705238376
2.54279947527 0.0820131525138
2.54148671166 0.0817919504851
2.54017528214 0.0815477184469
2.53886518466 0.0821682074323
2.53755641714 0.0821369293283
2.53624897751 0.0823228255433
2.53494286373 0.0821009499375
2.53363807373 0.0822718204776
2.53233460547 0.0819581791149
2.5310324569 0.0815028396926
2.52973162597 0.081748840269
2.52843211066 0.0815851080672
2.52713390892 0.0819069979971
2.52583701873 0.0819182441924
2.52454143806 0.0817757872299
2.5232471649 0.0810419635839
2.52195419722 0.0813770633801
2.52066253301 0.0813070860862
2.51937217027 0.0814299914889
2.51808310698 0.0808628657015
2.51679534116 0.0816843532713
2.5155088708 0.0813704650664
2.51422369391 0.0812924717969
2.51293980851 0.0811399018015
2.51165721261 0.0816762691028
2.51037590423 0.0815475668429
2.50909588139 0.0816628611377
2.50781714213 0.0812682478151
2.50653968447 0.0820443860592
2.50526350645 0.0814442004262
2.50398860612 0.0815916262422
2.50271498151 0.0820214926187
2.50144263068 0.0817496049515
2.50017155168 0.082012449944
2.49890174256 0.0817423832501
2.49763320139 0.0815753097931
2.49636592622 0.0824508610511
2.49509991513 0.0821361182007
2.4938351662 0.0821553592415
2.49257167748 0.0825657361538
2.49130944707 0.0829245454041
2.49004847306 0.0830326267597
2.48878875351 0.0823310710519
2.48753028654 0.0823426606808
2.48627307023 0.0832237733391
2.48501710268 0.0830155656594
2.483762382 0.0834554661412
2.4825089063 0.0832191271508
2.48125667368 0.0827051816756
2.48000568226 0.0831369458
2.47875593015 0.083174696175
2.47750741549 0.083330802711
2.47626013639 0.0834552744465
2.47501409099 0.083861763635
2.47376927742 0.0838863723801
2.47252569382 0.0838997888359
2.47128333832 0.0837126085261
2.47004220908 0.0839891512634
2.46880230424 0.0840683970004
2.46756362196 0.0842442098091
2.46632616039 0.0840404509213
2.46508991768 0.0847165984035
2.46385489201 0.0849807620043
2.46262108155 0.0850093955448
2.46138848445 0.0847510413327
2.4601570989 0.0848441638313
2.45892692308 0.0844590245311
2.45769795516 0.0851791751479
2.45647019334 0.0852537301855
2.4552436358 0.0855570743142
2.45401828073 0.0859848829255
2.45279412633 0.0861883212118
2.4515711708 0.0858585055322
2.45034941235 0.0855544933479
2.44912884918 0.0856547020335
2.4479094795 0.0859403333855
2.44669130153 0.0857473463286
2.44547431348 0.0855706048575
2.44425851358 0.0859398610233
2.44304390005 0.0861513126352
2.44183047112 0.0864286088921
2.44061822502 0.0866276215705
2.43940715999 0.0872646667533
2.43819727426 0.0866344318593
2.43698856609 0.0863825684286
2.4357810337 0.0866137819159
2.43457467536 0.0865084793455
2.43336948932 0.0867850031538
2.43216547384 0.0867286242856
2.43096262716 0.087557800004
2.42976094757 0.087986772357
2.42856043332 0.0882586533373
2.42736108268 0.0877054006286
2.42616289393 0.0885597724882
2.42496586535 0.0887677107779
2.42376999521 0.0887659936382
2.4225752818 0.0883921586628
2.42138172341 0.0889476938649
2.42018931833 0.0892062209173
2.41899806484 0.0893786550404
2.41780796126 0.0893243581659
2.41661900588 0.0895215689715
2.415431197 0.089739997952
2.41424453293 0.0900930810662
2.41305901199 0.0903101618356
2.41187463248 0.0899761275796
2.41069139272 0.0903730680108
2.40950929104 0.090374004811
2.40832832576 0.0902614462107
2.4071484952 0.0909031016291
2.4059697977 0.0916014911534
2.40479223159 0.0914667360259
2.40361579521 0.0915231533773
2.40244048689 0.0917931542487
2.40126630499 0.0923976499203
2.40009324785 0.0922373116406
2.39892131381 0.0924701991057
2.39775050124 0.0923469964929
2.39658080848 0.0925700512798
2.39541223391 0.0926648200225
2.39424477587 0.0928667313576
2.39307843274 0.0929506704533
2.39191320289 0.0937292785394
2.39074908469 0.0940840110529
2.38958607651 0.0939109880483
2.38842417674 0.0941843709516
2.38726338375 0.0944776087855
2.38610369594 0.0947340868761
2.38494511168 0.0946926434698
2.38378762938 0.094538493194
2.38263124742 0.0950142985078
2.3814759642 0.0954918622199
2.38032177813 0.0965660549476
2.37916868761 0.0959888503716
2.37801669104 0.0959670762285
2.37686578684 0.0961431654261
2.37571597342 0.0963322228135
2.37456724919 0.0963958992629
2.37341961257 0.0969831794746
2.37227306199 0.0976273123767
2.37112759588 0.0976694364928
2.36998321265 0.0980020271585
2.36883991075 0.0982167326339
2.3676976886 0.0978143252461
2.36655654464 0.0981655527105
2.36541647732 0.0986474023172
2.36427748508 0.0983059459231
2.36313956637 0.0987148817202
2.36200271962 0.0990515128163
2.36086694331 0.0989127370241
2.35973223588 0.0986835494317
2.35859859579 0.099032925124
2.3574660215 0.0996206038993
2.35633451147 0.0996782635785
2.35520406419 0.0993662837589
2.3540746781 0.0996314138297
2.3529463517 0.0998348976495
2.35181908345 0.0997292742684
2.35069287183 0.100555394154
2.34956771533 0.100340682322
2.34844361242 0.100477589052
2.34732056161 0.100690318312
2.34619856138 0.10045750187
2.34507761021 0.100455096398
2.34395770662 0.10120325088
2.34283884909 0.100543452503
2.34172103614 0.100523767712
2.34060426626 0.101224550536
2.33948853796 0.101878816188
2.33837384976 0.101782858797
2.33726020017 0.101447394396
2.3361475877 0.101775279128
2.33503601087 0.10218489742
2.33392546821 0.102193331754
2.33281595824 0.102344964467
2.33170747949 0.102277550273
2.33060003049 0.10209753851
2.32949360978 0.102089020898
2.32838821588 0.102026895548
2.32728384733 0.102351537144
2.32618050269 0.102397216524
2.32507818049 0.102290479005
2.32397687928 0.102902262974
2.32287659761 0.102357252117
2.32177733404 0.103221590689
2.32067908711 0.10289506369
2.31958185539 0.102771148544
2.31848563744 0.103283506199
2.31739043182 0.102710291091
2.31629623709 0.103608705928
2.31520305184 0.103522128984
2.31411087462 0.103102729413
2.31301970401 0.103251482375
2.3119295386 0.10373032293
2.31084037695 0.104275035297
2.30975221766 0.104020929362
2.3086650593 0.103454396576
2.30757890047 0.103405746278
2.30649373976 0.103711768237
2.30540957575 0.103336510287
2.30432640705 0.103170650957
2.30324423225 0.103721450355
2.30216304995 0.103928694406
2.30108285876 0.10351623046
2.30000365729 0.104020737317
2.29892544414 0.104432736222
2.29784821792 0.103920175504
2.29677197725 0.104104077221
2.29569672075 0.104068636928
2.29462244702 0.104592802333
2.29354915471 0.1043054415
2.29247684243 0.104333966281
2.2914055088 0.104583739719
2.29033515246 0.104466051767
2.28926577204 0.10456728073
2.28819736617 0.10474614772
2.28712993349 0.104370378879
2.28606347265 0.104236151154
2.28499798228 0.104174182687
2.28393346102 0.104384143001
2.28286990753 0.104016345303
2.28180732046 0.104407472281
2.28074569845 0.1044033129
2.27968504016 0.104408827159
2.27862534426 0.104045848104
2.27756660939 0.104212691324
2.27650883423 0.104180892156
2.27545201744 0.104087617893
2.27439615767 0.103685775147
2.27334125361 0.103367777796
2.27228730393 0.103738395677
2.2712343073 0.103198531441
2.2701822624 0.103492216812
2.2691311679 0.103672456072
2.2680810225 0.103289451845
2.26703182487 0.103870821696
2.2659835737 0.10394953941
2.26493626768 0.103571780394
2.2638899055 0.103873587081
2.26284448586 0.104045902915
2.26180000746 0.103923095367
2.26075646898 0.104135985883
2.25971386914 0.104396330819
2.25867220664 0.104522702951
2.25763148018 0.104440622092
2.25659168847 0.104505159279
2.25555283023 0.103898934903
2.25451490416 0.104252694753
2.25347790899 0.104808555484
2.25244184342 0.104576010669
2.25140670619 0.104502268335
2.25037249601 0.104307137606
2.24933921161 0.10443570287
2.24830685171 0.104372766825
2.24727541505 0.104310881479
2.24624490036 0.104766843395
2.24521530637 0.104795905996
2.24418663182 0.10472613384
2.24315887545 0.104264673181
2.24213203599 0.104714742184
2.2411061122 0.104446348654
2.24008110282 0.104354814791
2.23905700659 0.104302125103
2.23803382228 0.104615030829
2.23701154862 0.104389725464
2.23599018438 0.10454179876
2.23496972831 0.104548722783
2.23395017917 0.10414476223
2.23293153573 0.103959560651
2.23191379675 0.103747594289
2.23089696099 0.103820237963
2.22988102723 0.103570762077
2.22886599423 0.103685130431
2.22785186077 0.104020262964
2.22683862562 0.103356873207
2.22582628756 0.103052766482
2.22481484537 0.10303136433
2.22380429783 0.103023793618
2.22279464373 0.103136369021
2.22178588185 0.102746917415
2.22077801098 0.102689180874
2.21977102991 0.102838320523
2.21876493744 0.102326594239
2.21775973236 0.102468535078
2.21675541347 0.102767492309
2.21575197956 0.102126427289
2.21474942945 0.101786987872
2.21374776192 0.102075634658
2.21274697579 0.102560925233
2.21174706987 0.102006428305
2.21074804297 0.102126257237
2.20974989389 0.102728680832
2.20875262146 0.102785279985
2.20775622449 0.102413464976
2.2067607018 0.102902884818
2.20576605221 0.102580157851
2.20477227455 0.102977810454
2.20377936763 0.103142052184
2.20278733029 0.103343559146
2.20179616135 0.103831294342
2.20080585965 0.10378102948
2.19981642402 0.103906522815
2.1988278533 0.10380821136
2.19784014632 0.104308012455
2.19685330193 0.104652014871
2.19586731896 0.104629737182
2.19488219626 0.104359592851
2.19389793268 0.104724134837
2.19291452706 0.10496957025
2.19193197826 0.104827669183
2.19095028512 0.105521174592
2.18996944651 0.105058412379
2.18898946127 0.106055287897
2.18801032827 0.105438095736
2.18703204636 0.106021617352
2.18605461442 0.105877024748
2.1850780313 0.105961154196
2.18410229586 0.105800183032
2.18312740699 0.106179445738
2.18215336354 0.106321988292
2.1811801644 0.105804231458
2.18020780843 0.106714994384
2.17923629452 0.106288412862
2.17826562154 0.106786442564
2.17729578837 0.106773624874
2.17632679389 0.107062665117
2.175358637 0.107271306172
2.17439131657 0.107177238126
2.17342483149 0.107078730715
2.17245918066 0.106775608868
2.17149436297 0.107274161967
2.1705303773 0.107520796108
2.16956722257 0.10709849094
2.16860489766 0.107773945964
2.16764340148 0.107945303882
2.16668273293 0.108111197143
2.16572289091 0.10838817815
2.16476387433 0.108118245166
2.16380568209 0.108476843068
2.16284831312 0.108402399598
2.16189176631 0.108178173355
2.16093604058 0.108305533458
2.15998113486 0.109067346119
2.15902704805 0.108519033664
2.15807377907 0.108636967676
2.15712132685 0.109133158947
2.15616969031 0.109352265498
2.15521886838 0.109105276265
2.15426885998 0.109509176821
2.15331966404 0.109647065423
2.15237127949 0.109235301605
2.15142370527 0.109389734182
2.15047694031 0.10979568971
2.14953098354 0.110205506718
2.14858583391 0.1099511133
2.14764149035 0.109983496305
2.14669795181 0.110107376121
2.14575521723 0.110136235127
2.14481328556 0.110208853612
2.14387215574 0.11029787562
2.14293182673 0.110706002422
2.14199229746 0.110754229246
2.14105356691 0.110463543286
2.14011563402 0.1103129451
2.13917849775 0.110481367977
2.13824215706 0.110577431019
2.1373066109 0.111018272072
2.13637185825 0.110715503088
2.13543789806 0.111231608092
2.1345047293 0.111109005649
2.13357235094 0.111420155249
2.13264076195 0.11092538243
2.13170996129 0.111271879931
2.13077994795 0.111559664926
2.12985072089 0.111321792043
2.1289222791 0.111289515902
2.12799462155 0.111764362886
2.12706774722 0.11192432008
2.1261416551 0.112248236555
2.12521634416 0.111729214835
2.12429181339 0.111582136216
2.12336806179 0.11241089177
2.12244508833 0.11183586507
2.12152289201 0.111760609937
2.12060147182 0.112201615333
2.11968082676 0.1123819962
2.11876095582 0.112696638504
2.11784185801 0.113095947505
2.11692353231 0.112680832172
2.11600597773 0.113379320726
2.11508919327 0.112858868257
2.11417317794 0.112837779036
2.11325793074 0.113065679653
2.11234345069 0.112784592854
2.11142973678 0.113295327715
2.11051678804 0.113509973254
2.10960460348 0.112978690504
2.1086931821 0.113338338788
2.10778252293 0.113262992387
2.10687262499 0.113299987901
2.1059634873 0.113451006556
2.10505510886 0.113548046298
2.10414748872 0.113659355736
2.1032406259 0.113927739504
2.10233451941 0.113619235523
2.1014291683 0.113677086134
2.10052457158 0.114169149758
2.0996207283 0.113669451064
2.09871763748 0.114144110472
2.09781529815 0.114607087571
2.09691370937 0.114701970238
2.09601287016 0.114850610114
2.09511277956 0.114830058305
2.09421343662 0.114463194906
2.09331484037 0.114989543725
2.09241698987 0.114946903542
2.09151988416 0.115253000999
2.09062352228 0.114889478424
2.08972790329 0.115112779396
2.08883302624 0.115552838344
2.08793889018 0.115161244892
2.08704549417 0.115213112912
2.08615283726 0.115064101368
2.08526091851 0.115493683423
2.08436973697 0.115027954738
2.08347929172 0.115872238449
2.08258958181 0.115523046774
2.0817006063 0.115480499191
2.08081236427 0.115385290523
2.07992485477 0.115665255754
2.07903807689 0.116237390819
2.07815202968 0.116012354008
2.07726671222 0.115848810463
2.07638212358 0.115145571733
2.07549826285 0.11541866264
2.07461512909 0.116078624002
2.07373272138 0.115693946274
2.07285103881 0.115176346226
2.07197008045 0.115705574636
2.07108984539 0.116017172386
2.07021033272 0.115771002705
2.06933154151 0.115352856439
2.06845347086 0.115119909076
2.06757611985 0.115674141303
2.06669948758 0.115572736797
2.06582357314 0.11516014276
2.06494837562 0.114698233301
2.06407389411 0.11524218978
2.06320012772 0.115572298303
2.06232707555 0.115206026243
2.06145473668 0.115664327198
2.06058311023 0.115348374617
2.05971219529 0.115708004303
2.05884199098 0.115265880402
2.05797249638 0.115245116572
2.05710371063 0.115092527285
2.05623563281 0.115983919749
2.05536826205 0.115435034494
2.05450159746 0.115665393633
2.05363563814 0.116071501085
2.05277038321 0.115623297663
2.05190583179 0.115913228776
2.051041983 0.115533392089
2.05017883596 0.115437580992
2.04931638978 0.115441544086
2.04845464359 0.115108074938
2.04759359651 0.115409365179
2.04673324767 0.11518718046
2.04587359619 0.115234985935
2.04501464121 0.115186144587
2.04415638185 0.114724095379
2.04329881724 0.115043567441
2.04244194651 0.114862141174
2.04158576881 0.114326032496
2.04073028326 0.11418899539
2.03987548899 0.114383774796
2.03902138516 0.114385872235
2.0381679709 0.114232777969
2.03731524534 0.113522196476
2.03646320764 0.113966863037
2.03561185693 0.113907044553
2.03476119237 0.113915953376
2.03391121309 0.113460128424
2.03306191825 0.113270370293
2.03221330699 0.113249434664
2.03136537847 0.113285142706
2.03051813184 0.113686053898
2.02967156625 0.112233455446
2.02882568086 0.112806703215
2.02798047482 0.113279059618
2.0271359473 0.112599285876
2.02629209745 0.112316310992
2.02544892442 0.112143782518
2.0246064274 0.11261922856
2.02376460553 0.112559331131
2.02292345798 0.111706563845
2.02208298393 0.111773035518
2.02124318253 0.112071474059
2.02040405295 0.11128699568
2.01956559437 0.111214697171
2.01872780596 0.111382622673
2.01789068689 0.111506066317
2.01705423634 0.110778495956
2.01621845348 0.110047885658
2.01538333748 0.109884181756
2.01454888754 0.110232201614
2.01371510281 0.109675410793
2.0128819825 0.108858949645
2.01204952578 0.109408017448
2.01121773183 0.10865710023
2.01038659985 0.108369415564
2.00955612901 0.107821142363
2.0087263185 0.107424106351
2.00789716752 0.107606457443
2.00706867525 0.107120724277
2.00624084089 0.106756489301
2.00541366363 0.106529655632
2.00458714266 0.106317174223
2.00376127719 0.105991038059
2.0029360664 0.105461686594
2.00211150949 0.104882434283
2.00128760567 0.104433361353
2.00046435414 0.104277367423
1.9996417541 0.103624515845
1.99881980475 0.103191912202
1.9979985053 0.102986660714
1.99717785495 0.103195638751
1.99635785292 0.102653095944
1.9955384984 0.101848492464
1.99471979062 0.10149946899
1.99390172878 0.101888787072
1.99308431209 0.101355279991
1.99226753978 0.100040882669
1.99145141104 0.101067495137
1.99063592511 0.100818095777
1.9898210812 0.0997605303489
1.98900687853 0.0993092861741
1.98819331632 0.0987918485203
1.98738039378 0.0993859291153
1.98656811015 0.098763043511
1.98575646465 0.0986777345641
1.9849454565 0.098712738818
1.98413508493 0.0991372143753
1.98332534917 0.0992095011402
1.98251624845 0.0984347782997
1.98170778199 0.0987487701812
1.98089994903 0.099428895782
1.98009274881 0.0987020729237
1.97928618055 0.0981627312181
1.97848024349 0.0981206966386
1.97767493687 0.098123648621
1.97687025993 0.09813497431
1.9760662119 0.0978015965276
1.97526279203 0.0972642760733
1.97445999955 0.0976095065184
1.97365783372 0.0970553549182
1.97285629377 0.0969272753779
1.97205537895 0.0969927877005
1.97125508851 0.0971326556366
1.97045542169 0.097123905214
1.96965637774 0.0957653293212
1.96885795591 0.0960505940181
1.96806015546 0.096872202475
1.96726297564 0.0967559492525
1.96646641569 0.0962326852543
1.96567047488 0.0964707879762
1.96487515246 0.0963658008878
1.96408044769 0.0965469632014
1.96328635983 0.0968837149424
1.96249288813 0.0964418729119
1.96170003186 0.0966313886541
1.96090779028 0.0961622585042
1.96011616265 0.0959297490866
1.95932514824 0.0953851548351
1.95853474631 0.0952460290629
1.95774495613 0.0957982997723
1.95695577697 0.095251955984
1.95616720809 0.0951182729293
1.95537924877 0.0951880548942
1.95459189828 0.0957982853377
1.95380515589 0.0961028230475
1.95301902088 0.0949696551152
1.95223349251 0.0944448161582
1.95144857007 0.0950710331379
1.95066425283 0.0943267271631
1.94988054007 0.0942569937191
1.94909743107 0.0934723281792
1.94831492511 0.0940484460022
1.94753302147 0.0940134514932
1.94675171944 0.0932654982183
1.9459710183 0.09310089041
1.94519091734 0.0941841722821
1.94441141584 0.0941550519654
1.94363251308 0.0939231644325
1.94285420836 0.0936935861509
1.94207650097 0.0940865660378
1.9412993902 0.0946380096783
1.94052287534 0.0940294243959
1.93974695568 0.093825116502
1.93897163052 0.0939338793243
1.93819689915 0.0942579818285
1.93742276087 0.0937018599649
1.93664921497 0.0940115183386
1.93587626077 0.0940310055913
1.93510389754 0.0946881346602
1.93433212461 0.0941742445677
1.93356094126 0.0937338891305
1.9327903468 0.0936925131129
1.93202034054 0.093834623126
1.93125092178 0.0943454929727
1.93048208983 0.0941813399491
1.92971384399 0.0937950565938
1.92894618357 0.0942335674399
1.92817910789 0.0952523843239
1.92741261625 0.0943556333566
1.92664670797 0.0945455581065
1.92588138235 0.0945392282109
1.92511663872 0.095100419607
1.92435247638 0.0944321072965
1.92358889466 0.0944959384398
1.92282589287 0.0947404882928
1.92206347033 0.0958690397858
1.92130162636 0.0959271993063
1.92054036028 0.0953811661553
1.9197796714 0.0962681404375
1.91901955907 0.0959761991812
1.91826002258 0.0956416636433
1.91750106128 0.0959604333704
1.91674267449 0.096343342198
1.91598486153 0.0964418240825
1.91522762173 0.0967133549169
1.91447095443 0.0965403272051
1.91371485894 0.096811121464
1.91295933461 0.0976029422193
1.91220438076 0.0973039712556
1.91144999672 0.0974428274064
1.91069618184 0.0972553420377
1.90994293545 0.0978650573379
1.90919025688 0.0981896203304
1.90843814546 0.0980968096036
1.90768660055 0.0980236353114
1.90693562147 0.0981892998327
1.90618520757 0.098924070089
1.90543535819 0.0988467887364
1.90468607268 0.0989521402061
1.90393735036 0.099374161817
1.9031891906 0.0998388305979
1.90244159273 0.0999546564003
1.9016945561 0.100304709425
1.90094808006 0.101025913632
1.90020216396 0.101111983779
1.89945680715 0.101557666247
1.89871200897 0.101918512276
1.89796776878 0.102888859642
1.89722408594 0.102656231987
1.89648095978 0.103136676506
1.89573838968 0.103914400386
1.89499637499 0.104763349177
1.89425491505 0.105552370028
1.89351400924 0.10547818694
1.8927736569 0.106013344147
1.8920338574 0.106729468424
1.89129461009 0.107819555387
1.89055591435 0.108168425431
1.88981776953 0.109026616011
1.88908017499 0.109145784641
1.8883431301 0.109581683224
1.88760663423 0.109889254632
1.88687068674 0.110375466066
1.886135287 0.111530695442
1.88540043437 0.111895051729
1.88466612824 0.11230918062
1.88393236796 0.112016839127
1.8831991529 0.113351029184
1.88246648245 0.114275214281
1.88173435597 0.114852626746
1.88100277284 0.114480628717
1.88027173243 0.114898913141
1.87954123412 0.115745269455
1.87881127729 0.116471741892
1.87808186131 0.115887964939
1.87735298557 0.116909489282
1.87662464943 0.117747415699
1.87589685229 0.118441456093
1.87516959353 0.118620818567
1.87444287252 0.118519739561
1.87371668866 0.118814569134
1.87299104133 0.119543147125
1.8722659299 0.119740238654
1.87154135378 0.120001420094
1.87081731234 0.12111005744
1.87009380497 0.121226706889
1.86937083107 0.121504739854
1.86864839003 0.122041345618
1.86792648122 0.122400351646
1.86720510406 0.123390350505
1.86648425793 0.122872746196
1.86576394222 0.122338371317
1.86504415633 0.123584013247
1.86432489966 0.124379261428
1.8636061716 0.123833635373
1.86288797155 0.123614842912
1.86217029891 0.125606000201
1.86145315307 0.125280881193
1.86073653345 0.125892656469
1.86002043943 0.125554941778
1.85930487042 0.12658242667
1.85858982584 0.126530255548
1.85787530506 0.126593812453
1.85716130752 0.126563608561
1.8564478326 0.127679237098
1.85573487972 0.127477690983
1.85502244828 0.127735233681
1.8543105377 0.127966409679
1.85359914738 0.128347344705
1.85288827673 0.12826050195
1.85217792517 0.128734319727
1.8514680921 0.129323424981
1.85075877694 0.129006211604
1.8500499791 0.129241241891
1.849341698 0.128945716963
1.84863393306 0.129534004107
1.84792668368 0.129643080924
1.84721994929 0.129818650538
1.84651372931 0.130272195034
1.84580802315 0.130252467554
1.84510283024 0.130161545161
1.84439814999 0.130792671004
1.84369398183 0.13132777605
1.84299032518 0.13053357266
1.84228717946 0.13022053865
1.84158454411 0.130076983421
1.84088241853 0.130866931559
1.84018080217 0.130450813148
1.83947969444 0.130535637567
1.83877909478 0.130336409536
1.83807900261 0.13097355692
1.83737941736 0.130705807516
1.83668033847 0.130489510973
1.83598176536 0.131286304294
1.83528369747 0.131477690696
1.83458613423 0.131573834407
1.83388907508 0.131111184886
1.83319251944 0.130853448309
1.83249646675 0.131569701564
1.83180091646 0.131554863847
1.83110586799 0.130637512572
1.83041132079 0.130716388281
1.8297172743 0.130269474238
1.82902372795 0.131290258054
1.82833068118 0.130629695166
1.82763813344 0.13050033741
1.82694608417 0.131258798035
1.82625453282 0.131462342302
1.82556347881 0.131816217749
1.82487292161 0.131693361708
1.82418286066 0.131118422508
1.8234932954 0.131482579013
1.82280422527 0.130901763838
1.82211564974 0.131102766821
1.82142756824 0.131621267983
1.82073998023 0.131601224956
1.82005288516 0.131744548106
1.81936628247 0.131298829206
1.81868017163 0.131601146477
1.81799455208 0.132427774767
1.81730942328 0.132073630353
1.81662478468 0.131819078072
1.81594063573 0.131360723855
1.81525697591 0.131164306824
1.81457380465 0.131433894344
1.81389112142 0.130729941179
1.81320892568 0.130997968636
1.81252721688 0.130837948871
1.81184599449 0.130440970548
1.81116525797 0.130633753974
1.81048500678 0.130835367405
1.80980524038 0.131426625523
1.80912595824 0.13158915443
1.80844715982 0.130838130398
1.80776884458 0.131128852301
1.807091012 0.130482867808
1.80641366153 0.131701993475
1.80573679265 0.130644610739
1.80506040482 0.131245399822
1.80438449751 0.130605300006
1.80370907019 0.130768050256
1.80303412234 0.130384680654
1.80235965342 0.129800712747
1.80168566291 0.129934151198
1.80101215027 0.130659728148
1.80033911499 0.130089131644
1.79966655653 0.129806560256
1.79899447438 0.129794680056
1.798322868 0.129426786092
1.79765173688 0.129828232582
1.79698108049 0.129716104447
1.79631089831 0.129056975271
1.79564118982 0.129046499683
1.7949719545 0.129646526349
1.79430319183 0.130244656216
1.79363490129 0.129679242864
1.79296708237 0.12982524232
1.79229973454 0.129333086646
1.79163285729 0.129307271933
1.7909664501 0.128639521631
1.79030051246 0.129304785246
1.78963504386 0.128652253951
1.78897004378 0.128119812674
1.78830551171 0.128593738154
1.78764144713 0.128106277621
1.78697784954 0.128752734664
1.78631471843 0.128375119263
1.78565205328 0.12812011757
1.78498985359 0.127316903103
1.78432811885 0.127648782131
1.78366684855 0.127857434501
1.78300604218 0.127328914292
1.78234569924 0.12760601726
1.78168581923 0.127926520857
1.78102640164 0.127893830866
1.78036744596 0.126936993156
1.77970895169 0.125934194212
1.77905091833 0.127183957937
1.77839334539 0.126326914247
1.77773623235 0.126322032606
1.77707957872 0.126594354534
1.77642338399 0.126104450414
1.77576764768 0.125929116166
1.77511236928 0.126093546156
1.77445754829 0.126200718538
1.77380318422 0.125876249878
1.77314927657 0.125158605777
1.77249582486 0.125084997406
1.77184282857 0.125625272295
1.77119028722 0.126268977218
1.77053820032 0.126174903049
1.76988656738 0.12564874846
1.7692353879 0.125793530201
1.76858466139 0.125769160001
1.76793438736 0.125702217781
1.76728456533 0.125954780705
1.7666351948 0.125775568207
1.76598627529 0.125217211399
1.76533780631 0.125518975797
1.76468978737 0.125950041184
1.76404221799 0.125140423088
1.76339509768 0.125773529529
1.76274842596 0.125163347753
1.76210220234 0.125196898259
1.76145642634 0.125249193554
1.76081109748 0.125305702785
1.76016621528 0.124985414195
1.75952177926 0.12493840956
1.75887778893 0.124608345499
1.75823424381 0.124708780345
1.75759114344 0.125286514214
1.75694848733 0.125379415446
1.75630627499 0.1250184157
1.75566450596 0.124778955482
1.75502317977 0.12412761065
1.75438229592 0.124760603399
1.75374185396 0.124295161544
1.7531018534 0.123753896392
1.75246229377 0.123943867175
1.7518231746 0.125153141509
1.75118449542 0.124933810518
1.75054625575 0.124269609984
1.74990845513 0.124548521361
1.74927109308 0.123633410339
1.74863416914 0.122861301332
1.74799768284 0.123574422176
1.7473616337 0.124228036943
1.74672602127 0.124070201461
1.74609084507 0.124443882515
1.74545610465 0.124952364815
1.74482179952 0.124553771885
1.74418792924 0.123742191013
1.74355449333 0.124257933939
1.74292149133 0.124145192482
1.74228892278 0.124616870287
1.74165678722 0.124185201716
1.74102508419 0.12400717437
1.74039381322 0.124605337912
1.73976297386 0.124118421389
1.73913256564 0.124598550418
1.73850258811 0.124946016631
1.73787304081 0.124413788113
1.73724392329 0.124223684077
1.73661523507 0.124036372062
1.73598697572 0.125145844852
1.73535914477 0.125237462678
1.73473174177 0.125039161025
1.73410476626 0.125262795601
1.7334782178 0.124638234016
1.73285209592 0.125580793866
1.73222640018 0.125851054402
1.73160113012 0.126215876367
1.7309762853 0.126194655803
1.73035186526 0.126229561599
1.72972786955 0.127198357423
1.72910429773 0.126126301118
1.72848114934 0.126939907731
1.72785842395 0.127382005247
1.72723612109 0.12745337705
1.72661424033 0.128324278787
1.72599278122 0.128093558018
1.72537174331 0.129024610882
1.72475112616 0.128581333824
1.72413092932 0.128573041914
1.72351115236 0.127763564155
1.72289179482 0.128177238983
1.72227285627 0.128745726061
1.72165433627 0.128779274261
1.72103623437 0.129122728993
1.72041855014 0.128644310206
1.71980128313 0.129534197292
1.71918443291 0.128970061264
1.71856799903 0.129410387177
1.71795198106 0.129314520138
1.71733637856 0.129790141276
1.71672119111 0.130370990438
1.71610641825 0.130456614057
1.71549205955 0.129987199299
1.71487811458 0.131373542221
1.71426458291 0.131685479429
1.71365146411 0.13155977664
1.71303875773 0.130726574317
1.71242646334 0.131026369413
1.71181458053 0.132094764399
1.71120310885 0.131914196947
1.71059204787 0.132042299999
1.70998139716 0.132086802326
1.7093711563 0.132812145833
1.70876132486 0.132612842803
1.7081519024 0.133473170208
1.70754288851 0.133224233984
1.70693428275 0.134281207448
1.70632608469 0.13450242214
1.70571829392 0.134890395502
1.70511091001 0.134106303174
1.70450393252 0.133921142102
1.70389736105 0.134245116949
1.70329119516 0.134835778199
1.70268543443 0.135671935393
1.70208007844 0.135156717576
1.70147512678 0.135349993574
1.700870579 0.135376897033
1.70026643471 0.135926671261
1.69966269348 0.135080981737
1.69905935488 0.136023653515
1.6984564185 0.136974721734
1.69785388393 0.136098880954
1.69725175074 0.13663885617
1.69665001851 0.137249144792
1.69604868684 0.136574998183
1.69544775531 0.135826581523
1.69484722349 0.136015317732
1.69424709098 0.137260835356
1.69364735736 0.13748169637
1.69304802223 0.1366922585
1.69244908515 0.137558580197
1.69185054573 0.138021648893
1.69125240355 0.138412495647
1.69065465821 0.137222630516
1.69005730928 0.138119270606
1.68946035636 0.137439587075
1.68886379905 0.138507601517
1.68826763692 0.13866710455
1.68767186958 0.138358466281
1.68707649662 0.138402634137
1.68648151763 0.139140212856
1.68588693219 0.139142772674
1.68529273992 0.138356351057
1.68469894039 0.138431762399
1.68410553321 0.138854277147
1.68351251797 0.138700713326
1.68291989427 0.138791291838
1.68232766171 0.139779633903
1.68173581987 0.139210784445
1.68114436837 0.138865081154
1.68055330679 0.138823344585
1.67996263474 0.138883491053
1.67937235182 0.138498922379
1.67878245762 0.138856854218
1.67819295176 0.139728111451
1.67760383382 0.138012012441
1.67701510341 0.13954025238
1.67642676013 0.140697651751
1.67583880359 0.140623734586
1.67525123339 0.140208814001
1.67466404913 0.140634220522
1.67407725042 0.140106256165
1.67349083686 0.139749434797
1.67290480805 0.139628824606
1.67231916362 0.139791092604
1.67173390315 0.139694810567
1.67114902626 0.139697349196
1.67056453255 0.139593292946
1.66998042164 0.139419391082
1.66939669313 0.139995279744
1.66881334664 0.139185178532
1.66823038176 0.140085712316
1.66764779812 0.139943623171
1.66706559532 0.140391939163
1.66648377297 0.140292934767
1.66590233069 0.140145235692
1.66532126809 0.139700852922
1.66474058478 0.14035593098
1.66416028037 0.139604655495
1.66358035449 0.139732856362
1.66300080674 0.139963512284
1.66242163674 0.139841253346
1.6618428441 0.139851389934
1.66126442844 0.139724167464
1.66068638938 0.13874058795
1.66010872654 0.139673003198
1.65953143953 0.139641470844
1.65895452797 0.140267228159
1.65837799148 0.140640772844
1.65780182968 0.141223287517
1.65722604219 0.140995784741
1.65665062862 0.140462225896
1.65607558861 0.140773899758
1.65550092177 0.14027907834
1.65492662772 0.139925849465
1.65435270609 0.138943564252
1.65377915649 0.139849136183
1.65320597856 0.139697065293
1.65263317191 0.13967033472
1.65206073618 0.13926601418
1.65148867098 0.138941378036
1.65091697594 0.139125634613
1.65034565068 0.140099816761
1.64977469484 0.140375058059
1.64920410804 0.139046880602
1.64863388991 0.14094071469
1.64806404008 0.140746376862
1.64749455816 0.139710933209
1.6469254438 0.139660721024
1.64635669663 0.140923479076
1.64578831626 0.14090318035
1.64522030234 0.140421642184
1.64465265449 0.139872103768
1.64408537235 0.140500300529
1.64351845555 0.139369614138
1.64295190371 0.13895847225
1.64238571648 0.139668813202
1.64181989348 0.139988309841
1.64125443436 0.139878814826
1.64068933874 0.139353226808
1.64012460626 0.139563766815
1.63956023655 0.139334626008
1.63899622926 0.139411618107
1.63843258401 0.138603340042
1.63786930045 0.139166450173
1.6373063782 0.139796146251
1.63674381692 0.140193211962
1.63618161624 0.139747897655
1.63561977579 0.139533466348
1.63505829522 0.139212591724
1.63449717416 0.139489509084
1.63393641226 0.139591259185
1.63337600916 0.140658751612
1.6328159645 0.139672019393
1.63225627791 0.139074910072
1.63169694905 0.141058344422
1.63113797755 0.140584108014
1.63057936306 0.13866640258
1.63002110522 0.139717479339
1.62946320368 0.140051156415
1.62890565808 0.13924391921
1.62834846806 0.138285925009
1.62779163328 0.139638851434
1.62723515337 0.139116425162
1.62667902798 0.138652134192
1.62612325677 0.139144674631
1.62556783937 0.139124882407
1.62501277544 0.139993265243
1.62445806462 0.14046606224
1.62390370656 0.138200165217
1.62334970092 0.138695416612
1.62279604734 0.138126056431
1.62224274547 0.137591553589
1.62168979497 0.137662402577
1.62113719547 0.138621067775
1.62058494665 0.137625710372
1.62003304814 0.138504380113
1.6194814996 0.138959788554
1.61893030069 0.138790740876
1.61837945105 0.137035383756
1.61782895035 0.138063830089
1.61727879822 0.137787889133
1.61672899434 0.139012633073
1.61617953836 0.139261012232
1.61563042992 0.138967417584
1.61508166869 0.139336470287
1.61453325433 0.137547534233
1.61398518649 0.137054598888
1.61343746483 0.136474768052
1.612890089 0.138329408036
1.61234305867 0.136452913006
1.61179637349 0.13918501568
1.61125003313 0.139396379163
1.61070403724 0.138753041823
1.61015838548 0.139585820164
1.60961307752 0.138327305963
1.60906811301 0.137459019481
1.60852349162 0.136887590909
1.60797921302 0.138503285214
1.60743527685 0.138166303035
1.60689168279 0.139264337692
1.60634843049 0.136539361106
1.60580551963 0.138357974693
1.60526294987 0.13562546215
1.60472072086 0.137721067322
1.60417883228 0.138297541383
1.6036372838 0.136771235854
1.60309607507 0.137558152917
1.60255520577 0.137532877336
1.60201467556 0.136788698885
1.60147448411 0.139052673233
1.60093463108 0.137955853404
1.60039511615 0.137668595778
1.59985593899 0.136073944881
1.59931709926 0.13731895346
1.59877859663 0.136325565947
1.59824043077 0.13691442285
1.59770260135 0.137047415533
1.59716510805 0.137398477561
1.59662795054 0.138064168356
1.59609112848 0.137929324798
1.59555464155 0.137317565203
1.59501848942 0.13641791854
1.59448267176 0.136440175606
1.59394718826 0.136676827456
1.59341203857 0.134579026573
1.59287722239 0.137760001788
1.59234273937 0.135733669474
1.5918085892 0.13502488963
1.59127477155 0.135749209179
1.59074128609 0.135361084584
1.59020813252 0.134483375657
1.58967531049 0.13504070616
1.58914281969 0.136667134945
1.5886106598 0.135224663121
1.58807883049 0.132432157929
1.58754733144 0.133707489349
1.58701616233 0.135614957088
1.58648532285 0.135768273963
1.58595481266 0.134866770055
1.58542463146 0.133291100755
1.58489477892 0.136164004658
1.58436525471 0.136218679917
1.58383605854 0.135333741024
1.58330719007 0.134089952688
1.58277864898 0.135560228162
1.58225043497 0.134516533082
1.58172254771 0.135426387809
1.58119498689 0.134202921132
1.58066775218 0.134733873823
1.58014084329 0.135649089515
1.57961425988 0.136874902306
1.57908800165 0.136493457045
1.57856206828 0.135349950431
1.57803645945 0.132911031706
1.57751117486 0.134750377829
1.57698621419 0.132431011671
1.57646157713 0.132846019475
1.57593726336 0.13598806557
1.57541327257 0.135663834149
1.57488960445 0.134206963925
1.57436625869 0.135183028906
1.57384323498 0.134237074912
1.57332053301 0.13321523359
1.57279815247 0.134194606158
1.57227609305 0.135150685717
1.57175435444 0.13461941332
1.57123293632 0.133782611279
1.5707118384 0.132199797809
1.57019106037 0.13298505633
1.56967060191 0.133953139789
1.56915046272 0.133928974248
1.56863064249 0.133631024574
1.56811114092 0.131882865271
1.5675919577 0.132850265004
1.56707309252 0.133354579236
1.56655454509 0.130856727302
1.56603631509 0.13281880082
1.56551840221 0.132988042322
1.56500080617 0.133956206925
1.56448352664 0.131796765038
1.56396656334 0.132018506977
1.56344991595 0.135359165576
1.56293358417 0.130811166707
1.56241756771 0.13053457135
1.56190186625 0.130772050762
1.56138647951 0.133955518092
1.56087140717 0.133006146893
1.56035664894 0.1329444711
1.55984220451 0.131647304297
1.55932807359 0.130669263175
1.55881425588 0.131648832019
1.55830075108 0.132247041249
1.55778755888 0.13028434658
1.557274679 0.130518099484
1.55676211113 0.132583896777
1.55624985498 0.133310078831
1.55573791024 0.131246862338
1.55522627663 0.132470160007
1.55471495384 0.130606474419
1.55420394159 0.132717985139
1.55369323956 0.129859355735
1.55318284748 0.130649247392
1.55267276504 0.126790588634
1.55216299195 0.127157611468
1.55165352791 0.130722625202
1.55114437264 0.130335843057
1.55063552583 0.132185063424
1.5501269872 0.13129146991
1.54961875645 0.129828037702
1.54911083329 0.132675962853
1.54860321743 0.128969302424
1.54809590858 0.129528695963
1.54758890644 0.128923040159
1.54708221073 0.131702553867
1.54657582115 0.131353378259
1.54606973742 0.129823119142
1.54556395924 0.126993972073
1.54505848633 0.127103945866
1.54455331839 0.129095699239
1.54404845515 0.128831091111
1.5435438963 0.128191633553
1.54303964157 0.129431294185
1.54253569065 0.128662233779
1.54203204328 0.126960816597
1.54152869916 0.128801872818
1.541025658 0.127548837343
1.54052291952 0.132366951471
1.54002048344 0.13183866043
1.53951834946 0.128300019714
1.5390165173 0.126552088477
1.53851498668 0.128342173011
1.53801375732 0.132317891974
1.53751282893 0.129438238131
1.53701220122 0.124954332399
1.53651187391 0.130419425477
1.53601184673 0.129654462905
1.53551211939 0.130847568511
1.5350126916 0.127720066649
1.53451356308 0.129853224971
1.53401473356 0.130317217042
1.53351620275 0.126411234509
1.53301797037 0.125792503818
1.53252003615 0.125294693624
1.53202239979 0.128437563448
1.53152506103 0.128284357843
1.53102801958 0.126387278341
1.53053127516 0.124722764785
1.53003482749 0.124876882304
1.52953867631 0.122831252823
1.52904282132 0.122617127391
1.52854726226 0.126325907748
1.52805199884 0.123159843399
1.52755703078 0.1261029592
1.52706235782 0.126222045389
1.52656797967 0.12605770068
1.52607389607 0.127285906695
1.52558010672 0.126512184201
1.52508661137 0.123916716161
1.52459340973 0.118939246806
1.52410050153 0.127015607996
1.52360788649 0.123227531067
1.52311556435 0.125345962879
1.52262353483 0.126232063988
1.52213179765 0.125256540762
1.52164035255 0.121780846311
1.52114919924 0.118303965471
1.52065833747 0.126437845049
1.52016776695 0.123734067816
1.51967748742 0.120881771089
1.51918749861 0.127035697915
1.51869780023 0.128700688892
1.51820839204 0.127021271878
1.51771927374 0.129771507152
1.51723044509 0.126776148902
1.51674190579 0.127732642592
1.5162536556 0.130372311869
