3.6898508236 0.0551412225943
3.6875763105 0.0549432226414
3.6853043256 0.0554018474096
3.6830348651 0.0550232931698
3.6807679251 0.0537796409336
3.6785035016 0.0544096306153
3.676241591 0.0538423686212
3.6739821892 0.0543324057635
3.6717252924 0.0546272097274
3.6694708969 0.0549663056907
3.6672189987 0.0541416583962
3.6649695941 0.0538704773542
3.6627226791 0.0541881717125
3.6604782501 0.0532970816185
3.6582363032 0.0533641650765
3.6559968346 0.0530092737111
3.6537598405 0.0539055309928
3.6515253172 0.0542105397881
3.6492932608 0.0539225926312
3.6470636677 0.0543814142559
3.6448365339 0.0541205204738
3.6426118559 0.0537474196539
3.6403896298 0.0535864360424
3.6381698519 0.0542393647965
3.6359525186 0.0543861425021
3.6337376259 0.054281232456
3.6315251704 0.0540225517827
3.6293151481 0.0535098124499
3.6271075555 0.0534208461327
3.6249023889 0.0531523689265
3.6226996445 0.0540259943619
3.6204993187 0.0547838821733
3.6183014078 0.0544701900885
3.6161059082 0.0539539467822
3.6139128162 0.0537540091825
3.6117221281 0.0543082068329
3.6095338404 0.0530344751461
3.6073479493 0.0531160558451
3.6051644513 0.0532397798785
3.6029833427 0.0533997435473
3.6008046199 0.0529524756863
3.5986282793 0.0536738660083
3.5964543173 0.0536876553115
3.5942827304 0.0532347393366
3.5921135149 0.0532010323893
3.5899466672 0.0533262928753
3.5877821839 0.0521596577442
3.5856200612 0.0518152446942
3.5834602957 0.0524332926439
3.5813028839 0.0524475293558
3.5791478221 0.0518863773861
3.5769951068 0.0521142814206
3.5748447346 0.0520376359112
3.5726967019 0.0521112710889
3.5705510051 0.0527961128105
3.5684076408 0.0524337991565
3.5662666054 0.0518942670159
3.5641278956 0.051589238827
3.5619915077 0.0516044903984
3.5598574383 0.052813822722
3.5577256839 0.0516208771484
3.5555962411 0.0512328932191
3.5534691064 0.0507742092833
3.5513442763 0.0506895368134
3.5492217475 0.0512153376034
3.5471015164 0.051350967836
3.5449835796 0.0514900993837
3.5428679337 0.051003497348
3.5407545753 0.0514753324329
3.5386435009 0.0507919180403
3.5365347072 0.0509950054967
3.5344281908 0.051115780793
3.5323239482 0.0497677500043
3.5302219761 0.0507759692914
3.5281222711 0.0512420935428
3.5260248298 0.0510503032347
3.5239296488 0.0518739807325
3.5218367249 0.0514789146143
3.5197460545 0.0507317058646
3.5176576345 0.0501811414949
3.5155714614 0.0508992672918
3.5134875319 0.0527300942311
3.5114058427 0.052898931679
3.5093263904 0.051760280185
3.5072491718 0.0516853746921
3.5051741835 0.0511129187335
3.5031014223 0.0514081817311
3.5010308847 0.0515890477547
3.4989625677 0.0511198947505
3.4968964677 0.0517473970088
3.4948325817 0.0519348224273
3.4927709062 0.0514621592446
3.4907114381 0.0521552835039
3.488654174 0.0518343083773
3.4865991108 0.052304274463
3.4845462452 0.0529540510541
3.4824955739 0.0526522721264
3.4804470937 0.0516365256337
3.4784008014 0.0521424675408
3.4763566937 0.0521761449353
3.4743147675 0.0527094964911
3.4722750195 0.0525893197003
3.4702374465 0.0526560610371
3.4682020454 0.0522814823674
3.4661688129 0.0528904890603
3.4641377458 0.0524821631567
3.462108841 0.0537414279638
3.4600820953 0.0538884443865
3.4580575056 0.052673001904
3.4560350686 0.0531919154787
3.4540147812 0.0524217463526
3.4519966403 0.054145899352
3.4499806427 0.0546771422144
3.4479667853 0.0550261201006
3.445955065 0.0537549308194
3.4439454786 0.0531543026611
3.441938023 0.0534081290516
3.4399326951 0.0534881213378
3.4379294918 0.0541923568717
3.43592841 0.0531716425365
3.4339294465 0.0534515672418
3.4319325984 0.0538679658315
3.4299378625 0.0533604385048
3.4279452357 0.0539085357649
3.425954715 0.052512722286
3.4239662973 0.0522455866031
3.4219799796 0.0520976865865
3.4199957587 0.0531559852123
3.4180136317 0.0536274259306
3.4160335954 0.0530598178883
3.414055647 0.0527048358729
3.4120797832 0.0530315804316
3.4101060012 0.0524673899174
3.4081342978 0.0529755562717
3.4061646701 0.0528513456122
3.404197115 0.0520235592596
3.4022316296 0.0527467318862
3.4002682108 0.0541380742821
3.3983068558 0.0530575312794
3.3963475613 0.0524601920613
3.3943903246 0.0530528325548
3.3924351426 0.0542674372304
3.3904820124 0.0539386430457
3.3885309309 0.0535071294897
3.3865818952 0.0530283302603
3.3846349025 0.0536459111041
3.3826899496 0.0547113560735
3.3807470338 0.0535023309866
3.378806152 0.05234952375
3.3768673013 0.0530113674637
3.3749304788 0.054147957043
3.3729956815 0.0539637218503
3.3710629066 0.0540771156303
3.3691321512 0.0531227628904
3.3672034123 0.0550528112071
3.3652766871 0.0560028729367
3.3633519726 0.0543553070641
3.361429266 0.0542377404378
3.3595085643 0.053828949812
3.3575898648 0.0548958141132
3.3556731645 0.0547505032503
3.3537584606 0.054230970837
3.3518457502 0.0548442607599
3.3499350304 0.0554839590291
3.3480262985 0.0556823936255
3.3461195515 0.0551992130384
3.3442147866 0.0556125414042
3.342312001 0.0556822504148
3.3404111918 0.0564976385795
3.3385123563 0.0562976170168
3.3366154916 0.0551186861214
3.3347205949 0.0556703402173
3.3328276634 0.0559070536325
3.3309366943 0.05549976125
3.3290476848 0.0546670275505
3.3271606321 0.0553777179592
3.3252755334 0.0558174222072
3.3233923859 0.0571846649412
3.3215111869 0.0571157904967
3.3196319336 0.056722205113
3.3177546232 0.0557611328051
3.3158792529 0.0557970933794
3.31400582 0.054853656126
3.3121343218 0.0553007856485
3.3102647555 0.0555071426895
3.3083971183 0.0559428949646
3.3065314076 0.0568671686474
3.3046676206 0.0561541995423
3.3028057545 0.0551889791339
3.3009458066 0.055192520986
3.2990877743 0.0554533150134
3.2972316548 0.0547830611566
3.2953774455 0.0541048495688
3.2935251435 0.0552646474978
3.2916747462 0.05495451838
3.289826251 0.0529081772449
3.2879796551 0.0522300229361
3.2861349559 0.0535451588612
3.2842921506 0.0547832723658
3.2824512367 0.0536632371572
3.2806122113 0.0526719539007
3.278775072 0.0539385300348
3.276939816 0.0546362002874
3.2751064406 0.0546351049867
3.2732749433 0.0532528039598
3.2714453214 0.0532395415621
3.2696175722 0.0528359058839
3.2677916931 0.0529314485852
3.2659676814 0.0520083432314
3.2641455347 0.0510463096285
3.2623252502 0.0517987911811
3.2605068253 0.0530314211164
3.2586902574 0.0519167801323
3.2568755439 0.04974300343
3.2550626823 0.0504719713455
3.2532516699 0.0533364584635
3.2514425041 0.052236386254
3.2496351823 0.0506567259501
3.247829702 0.0505407812169
3.2460260606 0.0513743180167
3.2442242556 0.0511907047559
3.2424242842 0.0505047907789
3.2406261441 0.050528931591
3.2388298326 0.051092657881
3.2370353471 0.051053893345
3.2352426852 0.0494447367686
3.2334518443 0.0480767001249
3.2316628219 0.0489803360124
3.2298756153 0.0500000170068
3.2280902222 0.0507248278165
3.2263066399 0.0499428278682
3.2245248659 0.0486234174806
3.2227448978 0.0508085939479
3.2209667329 0.0503464443506
3.2191903689 0.0479085794763
3.2174158032 0.0469728354065
3.2156430333 0.0489547824359
3.2138720567 0.0494015285762
3.212102871 0.0486929320244
3.2103354735 0.0467760570867
3.208569862 0.0477728828967
3.2068060338 0.0476998323782
3.2050439865 0.0472173839657
3.2032837177 0.0467259440309
3.2015252249 0.0477364852338
3.1997685056 0.048635853434
3.1980135574 0.0482421734771
3.1962603778 0.0469783807998
3.1945089644 0.0473813404592
3.1927593147 0.0481209467002
3.1910114264 0.0469591891194
3.1892652969 0.0468733022978
3.1875209239 0.0462501208435
3.1857783049 0.0473413681893
3.1840374375 0.0476398020439
3.1822983193 0.0467878891214
3.1805609479 0.0452239809561
3.1788253209 0.0467798718012
3.1770914358 0.0480579307924
3.1753592904 0.0465934168499
3.1736288821 0.0452436485637
3.1719002087 0.0462198634759
3.1701732676 0.0463433162765
3.1684480566 0.045135326578
3.1667245733 0.0432402045025
3.1650028152 0.0453215339452
3.1632827801 0.0465471923295
3.1615644656 0.0449884502078
3.1598478692 0.0429133774652
3.1581329887 0.0436553476989
3.1564198217 0.0447444711096
3.1547083659 0.0449793050284
3.1529986189 0.0428602511963
3.1512905784 0.0432839228667
3.149584242 0.0448356360099
3.1478796074 0.0460865173435
3.1461766723 0.0453232840087
3.1444754344 0.0434145922991
3.1427758913 0.0434454891728
3.1410780408 0.0438719329769
3.1393818805 0.0429926301437
3.1376874081 0.0419754260868
3.1359946213 0.0430619164497
3.1343035179 0.0438461949196
3.1326140956 0.042292172356
3.1309263519 0.041017409891
3.1292402848 0.0418660324872
3.1275558918 0.043916297565
3.1258731707 0.0436641164639
3.1241921193 0.0412278214895
3.1225127352 0.0412719494038
3.1208350162 0.0426985312092
3.1191589601 0.0414932817348
3.1174845646 0.0414926937031
3.1158118274 0.0430226122479
3.1141407463 0.0440544579271
3.112471319 0.0435277376724
3.1108035434 0.0428093400388
3.1091374171 0.041368724036
3.1074729379 0.0425324503946
3.1058101036 0.0434835490521
3.1041489121 0.0413413842546
3.102489361 0.0403897810276
3.1008314481 0.0414753134538
3.0991751712 0.0424809019534
3.0975205282 0.0418604357071
3.0958675168 0.0407431138897
3.0942161348 0.0407489017169
3.0925663801 0.0435981489548
3.0909182503 0.0431099552792
3.0892717434 0.0415676248508
3.0876268572 0.0422189281453
3.0859835894 0.0430628234945
3.0843419379 0.0423083983323
3.0827019005 0.0407043574669
3.081063475 0.0422096466762
3.0794266593 0.042357348901
3.0777914513 0.0421123314538
3.0761578487 0.0403926248856
3.0745258494 0.0402072182195
3.0728954512 0.0416704651699
3.0712666521 0.0419264095676
3.0696394498 0.0406953933865
3.0680138422 0.0401121478626
3.0663898271 0.0414122816171
3.0647674026 0.0423142141691
3.0631465663 0.0426795547595
3.0615273162 0.0402927281428
3.0599096502 0.0398622402453
3.0582935662 0.0426991952942
3.056679062 0.0426895118956
3.0550661355 0.0390283994482
3.0534547846 0.0401192477293
3.0518450072 0.0420067828703
3.0502368012 0.0404256064451
3.0486301646 0.0385718721915
3.0470250952 0.0404973316841
3.0454215909 0.0434755227948
3.0438196496 0.0424729338097
3.0422192694 0.0396556949887
3.040620448 0.0384361886869
3.0390231834 0.040920748708
3.0374274736 0.0408367628988
3.0358333164 0.0398794295326
3.0342407099 0.0391301535746
3.0326496519 0.0406869324032
3.0310601404 0.0406334080649
3.0294721733 0.0396385994519
3.0278857486 0.0385712389508
3.0263008643 0.0383129771405
3.0247175182 0.0403689575438
3.0231357085 0.0408645986684
3.0215554329 0.0374129432282
3.0199766896 0.0374763392695
3.0183994764 0.0394661541575
3.0168237913 0.0387269470326
3.0152496324 0.0368839568064
3.0136769976 0.0370837614663
3.0121058848 0.037996621968
3.0105362922 0.0384902520472
3.0089682176 0.0360137478004
3.007401659 0.0361656028087
3.0058366145 0.0385423656641
3.0042730821 0.038644272949
3.0027110598 0.0365780375385
3.0011505455 0.0376735608137
2.9995915373 0.037814857134
2.9980340332 0.0370593168144
2.9964780313 0.0358039820654
2.9949235295 0.0359264402815
2.9933705259 0.0372689348494
2.9918190185 0.0372426449821
2.9902690053 0.0374114589515
2.9887204844 0.0365738107212
2.9871734538 0.0357373900121
2.9856279116 0.0386613636848
2.9840838557 0.0387235208805
2.9825412843 0.036272551824
2.9810001955 0.0359393778059
2.9794605872 0.0380426137585
2.9779224575 0.0380747923024
2.9763858045 0.0354714850436
2.9748506262 0.0346187570904
2.9733169208 0.0374512104334
2.9717846863 0.0369749859591
2.9702539207 0.0355000599453
2.9687246222 0.036299899725
2.9671967888 0.0392211346016
2.9656704186 0.038459528089
2.9641455098 0.0359494611258
2.9626220603 0.034993254288
2.9611000683 0.0358616481622
2.9595795319 0.0358016378047
2.9580604493 0.0362534329731
2.9565428184 0.0354369213853
2.9550266374 0.0356396071565
2.9535119045 0.0359820477721
2.9519986177 0.0363340925565
2.9504867751 0.0339501119412
2.9489763749 0.0343134891964
2.9474674152 0.0367485455958
2.9459598942 0.0365365005491
2.9444538099 0.0337352604414
2.9429491605 0.0332588700075
2.9414459441 0.0357249208357
2.9399441589 0.0362864102399
2.938443803 0.0331558451763
2.9369448745 0.033478810758
2.9354473717 0.0369900965598
2.9339512926 0.0389477236554
2.9324566355 0.0350012828208
2.9309633984 0.0343650956849
2.9294715795 0.035088250276
2.9279811771 0.0369467745563
2.9264921892 0.0361411171221
2.9250046141 0.0357676054845
2.9235184499 0.0373059293069
2.9220336948 0.0377890341431
2.9205503469 0.0358658325184
2.9190684045 0.0343060564978
2.9175878658 0.0345888380204
2.9161087289 0.0355525116047
2.914630992 0.0350847052907
2.9131546533 0.0340146796468
2.9116797111 0.034499392158
2.9102061635 0.0360758836744
2.9087340087 0.035035269901
2.9072632449 0.0343240183253
2.9057938704 0.0335600875299
2.9043258833 0.0363035946332
2.9028592819 0.0350831365948
2.9013940644 0.0343433746654
2.8999302291 0.0342587908712
2.898467774 0.0347872379343
2.8970066976 0.0347941363723
2.8955469979 0.0340475824053
2.8940886733 0.0336866087984
2.8926317219 0.0356686665811
2.8911761421 0.0349327019168
2.889721932 0.0342186872765
2.88826909 0.0332572470927
2.8868176141 0.0357709724689
2.8853675028 0.036353017513
2.8839187543 0.0343705152949
2.8824713667 0.0335900741288
2.8810253385 0.0343853729868
2.8795806678 0.035800942994
2.8781373529 0.0353997377168
2.876695392 0.0332092967304
2.8752547835 0.0330334363313
2.8738155257 0.0353746187766
2.8723776167 0.0363456559665
2.870941055 0.0341960770288
2.8695058387 0.0341733130968
2.8680719661 0.0354665612797
2.8666394356 0.0354224785764
2.8652082454 0.0330402085254
2.8637783939 0.0320060849679
2.8623498792 0.0337501191235
2.8609226999 0.0350466168421
2.859496854 0.0329743762862
2.85807234 0.031849957875
2.8566491561 0.0336901058738
2.8552273007 0.0336645563774
2.853806772 0.0331334398082
2.8523875685 0.0320335302439
2.8509696883 0.0338869784957
2.8495531299 0.0345795941172
2.8481378915 0.0328812660423
2.8467239716 0.0315913714019
2.8453113683 0.0319354875234
2.8439000801 0.0339612181373
2.8424901053 0.0338340425892
2.8410814422 0.0325838102901
2.8396740892 0.0323245291717
2.8382680446 0.0333892398091
2.8368633067 0.0337784020898
2.835459874 0.0323865719112
2.8340577447 0.0322535594304
2.8326569173 0.0332608239424
2.83125739 0.0320314027712
2.8298591613 0.0313248020667
2.8284622294 0.0308860597879
2.8270665929 0.0316924840056
2.82567225 0.0321044418716
2.824279199 0.0312573714078
2.8228874385 0.0309493563944
2.8214969667 0.0322211321785
2.8201077821 0.0319578637055
2.818719883 0.0303208736681
2.8173332678 0.0298075510828
2.8159479349 0.0309121788603
2.8145638827 0.0317877574607
2.8131811096 0.0313632785576
2.8117996139 0.0309858170048
2.8104193941 0.0319256802926
2.8090404486 0.0324739630471
2.8076627758 0.0317444238136
2.806286374 0.0304003387191
2.8049112418 0.0305932206004
2.8035373774 0.0314978950082
2.8021647793 0.0310579566424
2.800793446 0.0291195222117
2.7994233759 0.0289406174571
2.7980545673 0.0309547745514
2.7966870187 0.0310063793871
2.7953207285 0.0299882169805
2.7939556952 0.0292779795975
2.7925919171 0.0305040092983
2.7912293928 0.0315364239382
2.7898681206 0.0304001213631
2.788508099 0.0299115436322
2.7871493265 0.0301044885895
2.7857918014 0.0300001851272
2.7844355223 0.028871940983
2.7830804875 0.0282664013375
2.7817266956 0.0282389351208
2.7803741449 0.0293725964351
2.779022834 0.0289812538216
2.7776727613 0.0283361692402
2.7763239252 0.0290279324816
2.7749763242 0.0301741639223
2.7736299569 0.0285586935017
2.7722848216 0.0283754940161
2.7709409168 0.0289094708403
2.7695982411 0.0297034554996
2.7682567928 0.0299895386198
2.7669165705 0.0287773321763
2.7655775726 0.0295904962792
2.7642397976 0.030383224179
2.7629032441 0.0314451591362
2.7615679105 0.0303348295705
2.7602337952 0.0297079997752
2.7589008969 0.0306384806409
2.7575692139 0.0309771596168
2.7562387448 0.0297165911483
2.7549094881 0.0287671394688
2.7535814422 0.0302863827702
2.7522546058 0.030477288414
2.7509289773 0.02997113969
2.7496045551 0.0305301347398
2.7482813379 0.0314003030695
2.7469593242 0.031983781113
2.7456385123 0.0318348828471
2.744318901 0.0316899715563
2.7430004886 0.0318587156069
2.7416832738 0.0325127044199
2.7403672551 0.0327705091831
2.7390524309 0.0326687959477
2.7377387998 0.0326204551456
2.7364263603 0.0338115780297
2.7351151111 0.0340992232291
2.7338050505 0.0344455664012
2.7324961773 0.0342949697787
2.7311884898 0.0348976608848
2.7298819867 0.03552539413
2.7285766664 0.0359394555294
2.7272725277 0.0367569249978
2.7259695689 0.0373910380244
2.7246677887 0.0384112542104
2.7233671856 0.0385080885297
2.7220677582 0.039136668843
2.720769505 0.0392038739598
2.7194724246 0.0403225521622
2.7181765156 0.0411583951294
2.7168817765 0.0408044165069
2.7155882059 0.0409152014168
2.7142958024 0.0423595872255
2.7130045646 0.0418542030901
2.7117144909 0.0418623328378
2.7104255802 0.0426686288524
2.7091378308 0.0437700496314
2.7078512413 0.0448591032788
2.7065658105 0.0447500595289
2.7052815368 0.0459251882496
2.7039984188 0.046980363236
2.7027164552 0.0484619112403
2.7014356446 0.0489086036886
2.7001559854 0.0488588023404
2.6988774764 0.0496819336228
2.6976001162 0.0507099791898
2.6963239033 0.051976765333
2.6950488363 0.0522338220708
2.6937749139 0.0525770916968
2.6925021347 0.0540057023542
2.6912304972 0.0546459432802
2.6899600001 0.0546992472023
2.6886906421 0.0547602398268
2.6874224217 0.0568018492892
2.6861553376 0.0571143099909
2.6848893883 0.0576568261246
2.6836245725 0.0571476143419
2.6823608889 0.0581407409569
2.6810983361 0.0595456415169
2.6798369127 0.0600331986237
2.6785766172 0.0598707421624
2.6773174485 0.0591316330032
2.6760594051 0.0608864553288
2.6748024856 0.0621128786419
2.6735466888 0.0615651858362
2.6722920132 0.0617442321253
2.6710384574 0.0610127020199
2.6697860203 0.0620573362007
2.6685347003 0.0628917253285
2.6672844961 0.0622545445391
2.6660354065 0.0616781619521
2.66478743 0.0619771782681
2.6635405654 0.0624092872587
2.6622948112 0.06295550397
2.6610501662 0.0623709237922
2.659806629 0.0619700462217
2.6585641983 0.0635127501777
2.6573228728 0.0642099988312
2.6560826511 0.0648483286534
2.6548435319 0.0636920341136
2.6536055139 0.0635610572926
2.6523685957 0.0651073352076
2.6511327761 0.0653311856938
2.6498980537 0.0652380785524
2.6486644273 0.0646380993285
2.6474318954 0.0653371025041
2.6462004568 0.0664612301858
2.6449701103 0.0666945260731
2.6437408543 0.0666221711434
2.6425126878 0.0663432198584
2.6412856093 0.0665563370825
2.6400596176 0.0686948771747
2.6388347114 0.0681616105679
2.6376108893 0.0676343620519
2.6363881501 0.0673993312919
2.6351664925 0.0682079916565
2.6339459153 0.0692752578736
2.632726417 0.0689661260865
2.6315079964 0.0691601190665
2.6302906523 0.0692121907759
2.6290743833 0.0700652049024
2.6278591882 0.0698354872114
2.6266450657 0.0698916906329
2.6254320146 0.0696049178546
2.6242200335 0.0691858603631
2.6230091211 0.0697077056924
2.6217992763 0.0703016100575
2.6205904977 0.0708521564984
2.619382784 0.0708646345273
2.6181761341 0.0702351341601
2.6169705466 0.070728775618
2.6157660203 0.0710351655221
2.6145625539 0.0711443185426
2.6133601462 0.07121912564
2.6121587959 0.0713286787426
2.6109585018 0.0721837536461
2.6097592626 0.0723014886176
2.608561077 0.0727755643529
2.6073639438 0.0721506674743
2.6061678618 0.0720530534381
2.6049728298 0.0721594048678
2.6037788464 0.0722310264368
2.6025859104 0.072416853578
2.6013940207 0.0727521520771
2.600203176 0.072622603373
2.5990133749 0.0723778299181
2.5978246164 0.0724857789089
2.5966368992 0.0721130626138
2.595450222 0.0721984571903
2.5942645836 0.0724597478528
2.5930799828 0.0723061846804
2.5918964184 0.0727617327772
2.5907138891 0.0727294564081
2.5895323938 0.072305665869
2.5883519312 0.0724172920307
2.5871725001 0.0724269744235
2.5859940993 0.072351908373
2.5848167276 0.072253526132
2.5836403837 0.0723743250955
2.5824650665 0.0715115850489
2.5812907748 0.0722119269612
2.5801175073 0.0722946656083
2.5789452629 0.0728168456982
2.5777740403 0.0727271986225
2.5766038383 0.07215251788
2.5754346559 0.0715995432203
2.5742664917 0.0716955339208
2.5730993445 0.0724411777813
2.5719332132 0.0727097895659
2.5707680967 0.0726847859861
2.5696039936 0.0715274098232
2.5684409028 0.0713010064881
2.5672788232 0.0717344132359
2.5661177535 0.0726523147931
2.5649576926 0.0722119522734
2.5637986393 0.0719807019036
2.5626405924 0.0712079984049
2.5614835507 0.0709035851381
2.5603275131 0.0707478306903
2.5591724784 0.0712615899111
2.5580184454 0.0712144546278
2.556865413 0.0715084923438
2.55571338 0.0707382758832
2.5545623452 0.0705572006857
2.5534123075 0.0703422088718
2.5522632656 0.0705578923004
2.5511152186 0.0708004880447
2.5499681651 0.0708000837197
2.548822104 0.0706083608076
2.5476770343 0.0700880932184
2.5465329546 0.0703631548682
2.5453898639 0.0701139548361
2.5442477611 0.0703865721061
2.543106645 0.0700227714257
2.5419665144 0.0703962199857
2.5408273681 0.0701546989543
2.5396892052 0.0699531929014
2.5385520243 0.0699377991514
2.5374158245 0.0697508722127
2.5362806044 0.0689370313051
2.5351463631 0.0688400833724
2.5340130993 0.0690746744322
2.532880812 0.0699686773893
2.5317495 0.0699177240619
2.5306191622 0.0699209155937
2.5294897975 0.0703189965731
2.5283614047 0.0691137980104
2.5272339826 0.068652353233
2.5261075303 0.0690817955819
2.5249820466 0.0691825235156
2.5238575303 0.0700175200109
2.5227339803 0.0703107945044
2.5216113956 0.0692641380157
2.520489775 0.0691185484646
2.5193691174 0.0689309964114
2.5182494216 0.0696450278053
2.5171306867 0.0692707484879
2.5160129114 0.0693307526081
2.5148960947 0.068749778591
2.5137802355 0.0691638968051
2.5126653326 0.0695283658029
2.511551385 0.0698209128934
2.5104383916 0.0696423725243
2.5093263513 0.0697530715463
2.5082152629 0.0694364530173
2.5071051255 0.0692929485457
2.5059959378 0.06904289879
2.5048876988 0.0689545798663
2.5037804075 0.0690725141972
2.5026740627 0.0694009752824
2.5015686633 0.069907004991
2.5004642083 0.069540941064
2.4993606966 0.070107982439
2.4982581271 0.0703686033673
2.4971564988 0.0708109602507
2.4960558104 0.0703739927844
2.4949560611 0.0700518584023
2.4938572497 0.070128390458
2.492759375 0.0696013685492
2.4916624362 0.0699148817062
2.490566432 0.0702486747375
2.4894713615 0.0702426251648
2.4883772235 0.0708997156047
2.4872840171 0.0712369806889
2.486191741 0.0709985492446
2.4851003944 0.0712339969168
2.484009976 0.0714552594884
2.4829204849 0.071407239447
2.48183192 0.0718307599993
2.4807442803 0.071759681843
2.4796575646 0.0718845018975
2.478571772 0.0718272101521
2.4774869014 0.0714589937308
2.4764029517 0.071638591138
2.4753199219 0.0721560188272
2.474237811 0.0723691780391
2.4731566179 0.0725353356352
2.4720763416 0.0725935275236
2.4709969809 0.073074050097
2.469918535 0.0734487458969
2.4688410027 0.0732651873618
2.4677643831 0.0737717088655
2.466688675 0.0736578524645
2.4656138774 0.0740903321003
2.4645399894 0.0739475759979
2.4634670099 0.074701360146
2.4623949378 0.0749348263909
2.4613237722 0.0748181397718
2.460253512 0.0750335740807
2.4591841561 0.0750948864965
2.4581157036 0.074811478519
2.4570481535 0.0755330023998
2.4559815047 0.0758639199817
2.4549157562 0.0762591074508
2.4538509069 0.0760229713199
2.452786956 0.0761283241852
2.4517239023 0.0765232770312
2.4506617448 0.0765057009089
2.4496004826 0.0765055465054
2.4485401147 0.0772787494876
2.4474806399 0.0769882558061
2.4464220574 0.0766187161802
2.4453643661 0.0771747676953
2.4443075649 0.0779321830846
2.443251653 0.0782798030602
2.4421966294 0.0784173589016
2.4411424929 0.0788955553854
2.4400892426 0.078829759369
2.4390368776 0.0785785588943
2.4379853967 0.0789286877186
2.4369347991 0.079015263362
2.4358850838 0.0791117095247
2.4348362497 0.07958879513
2.4337882959 0.0798395147273
2.4327412213 0.080131456155
2.431695025 0.0805592124785
2.4306497061 0.0805478112106
2.4296052634 0.080742505473
2.4285616961 0.0804817282649
2.4275190032 0.0806188611775
2.4264771837 0.0810402308202
2.4254362365 0.0809730099425
2.4243961608 0.0805458065007
2.4233569556 0.0810091806168
2.4223186198 0.0814921038952
2.4212811526 0.0817262509973
2.4202445529 0.081869126935
2.4192088198 0.0823309664722
2.4181739523 0.0824572620286
2.4171399495 0.0827618402142
2.4161068103 0.0832840539546
2.4150745339 0.0835933564139
2.4140431192 0.0835069257385
2.4130125653 0.0835689040779
2.4119828713 0.0834017264651
2.4109540361 0.0834677787307
2.4099260589 0.0837358387946
2.4088989386 0.0839660377161
2.4078726744 0.083833037735
2.4068472652 0.0840909931943
2.4058227102 0.0841600030897
2.4047990083 0.0844006142309
2.4037761587 0.0845800910986
2.4027541603 0.0845698221423
2.4017330123 0.0850787039693
2.4007127136 0.0853088991534
2.3996932635 0.0851185017584
2.3986746608 0.0849776934139
2.3976569046 0.084878594637
2.3966399942 0.0849408497985
2.3956239284 0.0853779428532
2.3946087063 0.0850950354498
2.3935943271 0.0855977797615
2.3925807898 0.0856794174174
2.3915680935 0.0858136612107
2.3905562372 0.0854238852881
2.3895452199 0.0858952287805
2.3885350409 0.085839080137
2.3875256991 0.085734727109
2.3865171937 0.0859005489845
2.3855095236 0.0863207846891
2.3845026881 0.0861137853465
2.3834966861 0.0865020306699
2.3824915167 0.0863630866746
2.3814871791 0.0864250275792
2.3804836722 0.0864134595701
2.3794809953 0.0863799201271
2.3784791474 0.0862932158703
2.3774781275 0.0866378766911
2.3764779348 0.0868806803601
2.3754785683 0.0866636952202
2.3744800272 0.0869609754376
2.3734823104 0.0868886115482
2.3724854173 0.0873702254349
2.3714893467 0.0869341599365
2.3704940979 0.0867595188179
2.3694996699 0.0867349715839
2.3685060617 0.0871008053762
2.3675132727 0.0875554358402
2.3665213017 0.087502893807
2.3655301479 0.0873292787747
2.3645398105 0.0871994178922
2.3635502885 0.0871264628179
2.362561581 0.0870485003532
2.3615736872 0.087269006735
2.3605866062 0.0874233828786
2.359600337 0.08747537164
2.3586148788 0.087993162549
2.3576302306 0.0878334262632
2.3566463917 0.0878537426062
2.3556633611 0.0879839599663
2.354681138 0.0879957838803
2.3536997214 0.0877167675474
2.3527191105 0.0873273665475
2.3517393044 0.0874863520438
2.3507603022 0.0873839268763
2.349782103 0.0875124406732
2.348804706 0.0877733814354
2.3478281103 0.0878270959976
2.3468523151 0.0877680416367
2.3458773194 0.0878716296824
2.3449031223 0.0878908334779
2.3439297231 0.0878243612508
2.3429571208 0.0874810403833
2.3419853146 0.0875828944476
2.3410143036 0.0881775870581
2.340044087 0.0883945171286
2.3390746638 0.0879655897361
2.3381060332 0.0882025353913
2.3371381945 0.0888975371364
2.3361711466 0.0887004300086
2.3352048887 0.088457441203
2.3342394201 0.0883791169616
2.3332747398 0.0888569304702
2.3323108469 0.0891928013763
2.3313477407 0.0893885307865
2.3303854203 0.0892178411334
2.3294238847 0.0892268814321
2.3284631333 0.0892619300877
2.327503165 0.0895682827206
2.3265439792 0.0892838107234
2.3255855748 0.0890043634937
2.3246279512 0.0892772163129
2.3236711074 0.0899951730284
2.3227150426 0.0898852421303
2.3217597559 0.089629600238
2.3208052466 0.0896413203249
2.3198515137 0.0898688877717
2.3188985565 0.0899648748064
2.3179463741 0.0895809024561
2.3169949657 0.0898427414334
2.3160443303 0.0898631168414
2.3150944673 0.0898307207149
2.3141453758 0.0901546831514
2.3131970549 0.0902304457097
2.3122495038 0.089717583901
2.3113027217 0.090182191421
2.3103567077 0.0904163344745
2.3094114611 0.0911063884103
2.308466981 0.0904831349124
2.3075232665 0.0904681456959
2.3065803169 0.0907444692541
2.3056381314 0.0906537255956
2.304696709 0.0907522222204
2.3037560491 0.0909201582919
2.3028161507 0.0913567679993
2.3018770131 0.0918010650975
2.3009386354 0.0920105076241
2.3000010169 0.0921258983112
2.2990641567 0.0921312521563
2.298128054 0.0922000979559
2.297192708 0.0920856139714
2.2962581178 0.0921800255964
2.2953242828 0.0916742536274
2.294391202 0.0925558202074
2.2934588746 0.0923164317439
2.2925273 0.0920823257147
2.2915964772 0.0921963781818
2.2906664054 0.0929017899106
2.2897370839 0.0928211880775
2.2888085118 0.0926733868632
2.2878806883 0.0925008588133
2.2869536128 0.0930908881307
2.2860272842 0.0930223052713
2.2851017019 0.0926466767853
2.2841768651 0.0925635139049
2.2832527729 0.0926447624392
2.2823294246 0.0928844968255
2.2814068194 0.0927750315601
2.2804849565 0.0929628983586
2.2795638351 0.0927162807908
2.2786434543 0.0933928422569
2.2777238135 0.0935147500187
2.2768049119 0.0934282829812
2.2758867485 0.0933952892305
2.2749693228 0.0935454282786
2.2740526338 0.0938565060179
2.2731366808 0.0939586676855
2.2722214631 0.0937132258124
2.2713069797 0.093843642448
2.2703932301 0.0942560077104
2.2694802133 0.0941183514426
2.2685679286 0.0941252605116
2.2676563753 0.0948026401283
2.2667455525 0.095184759594
2.2658354594 0.0948263209811
2.2649260954 0.0950392521583
2.2640174597 0.0949924398808
2.2631095514 0.0947965565711
2.2622023698 0.0951721713397
2.2612959141 0.0953774135744
2.2603901835 0.0951411146075
2.2594851774 0.0954439595323
2.2585808949 0.0956625447726
2.2576773353 0.0960165053879
2.2567744978 0.0956295740326
2.2558723816 0.0956031813258
2.254970986 0.0961842803049
2.2540703102 0.0963993472434
2.2531703535 0.0962332806019
2.2522711151 0.0962065281902
2.2513725942 0.0965210519628
2.2504747901 0.0968419346195
2.2495777021 0.0969503259786
2.2486813293 0.0970897702087
2.2477856711 0.0979009186063
2.2468907267 0.0979562760564
2.2459964952 0.0978508525968
2.2451029761 0.098416264818
2.2442101685 0.0980653936361
2.2433180717 0.0981825517054
2.2424266849 0.0984877352221
2.2415360074 0.0986717452607
2.2406460385 0.098948413618
2.2397567774 0.0989206912766
2.2388682233 0.0993770304161
2.2379803755 0.0994753721809
2.2370932334 0.0992239243045
2.2362067961 0.0993307824677
2.2353210628 0.10001758514
2.234436033 0.100022391167
2.2335517058 0.100025999967
2.2326680805 0.100254442272
2.2317851563 0.100643130657
2.2309029326 0.100665470764
2.2300214085 0.100218220738
2.2291405835 0.100034543369
2.2282604567 0.100237943985
2.2273810273 0.100439894355
2.2265022948 0.100570040825
2.2256242583 0.1004146635
2.2247469171 0.10010169488
2.2238702706 0.10077812322
2.2229943179 0.100918356895
2.2221190583 0.100612449798
2.2212444912 0.100604747924
2.2203706158 0.100875314403
2.2194974314 0.101133915523
2.2186249373 0.100707019131
2.2177531327 0.100663080878
2.216882017 0.101233561164
2.2160115893 0.101298096194
2.2151418491 0.100951963575
2.2142727956 0.101028601421
2.213404428 0.101456258106
2.2125367457 0.101116844848
2.211669748 0.100997457862
2.2108034341 0.100701459711
2.2099378033 0.100722026742
2.209072855 0.100697077378
2.2082085883 0.10086321949
2.2073450027 0.100645644904
2.2064820974 0.100449089193
2.2056198717 0.100650360948
2.2047583249 0.100563461351
2.2038974562 0.100624909805
2.2030372651 0.100390691896
2.2021777507 0.100727795398
2.2013189125 0.101108392957
2.2004607496 0.1007109062
2.1996032614 0.100558411937
2.1987464473 0.101009753414
2.1978903064 0.10109574652
2.1970348381 0.100498550694
2.1961800418 0.100177300196
2.1953259166 0.100481910979
2.194472462 0.100605895378
2.1936196772 0.10052227483
2.1927675616 0.100418309555
2.1919161144 0.0999987613105
2.191065335 0.0999221751146
2.1902152226 0.0999907120941
2.1893657766 0.0999760201887
2.1885169964 0.0994985336653
2.1876688812 0.0995864699517
2.1868214303 0.0999038370897
2.185974643 0.0999393813994
2.1851285188 0.0993767989443
2.1842830568 0.0991325452431
2.1834382564 0.0994295851357
2.1825941169 0.100228499681
2.1817506378 0.0995161848077
2.1809078181 0.0994340325652
2.1800656574 0.09965785344
2.1792241549 0.0997873093342
2.1783833099 0.0993240285428
2.1775431219 0.0992785895379
2.17670359 0.0990105095757
2.1758647136 0.0993899300643
2.1750264921 0.0995053519202
2.1741889248 0.0991561604671
2.173352011 0.099282353147
2.17251575 0.0991410773619
2.1716801413 0.0997373330911
2.170845184 0.0996015889181
2.1700108776 0.0990279564131
2.1691772214 0.0992255834957
2.1683442147 0.0996902628265
2.1675118568 0.0995676297977
2.1666801471 0.098805804858
2.165849085 0.0987563380231
2.1650186698 0.0994429145677
2.1641889007 0.0993789322417
2.1633597772 0.0987447956785
2.1625312986 0.0983981492626
2.1617034642 0.0989790242637
2.1608762735 0.0994469722495
2.1600497256 0.0991408523896
2.15922382 0.0989270155118
2.1583985561 0.0984332323337
2.1575739331 0.0985949544282
2.1567499504 0.0982612736189
2.1559266074 0.0978955787761
2.1551039034 0.0971929242461
2.1542818377 0.0971208485844
2.1534604098 0.0979407778793
2.1526396189 0.0979621952499
2.1518194645 0.0972519469954
2.1509999458 0.0970225736617
2.1501810623 0.0973097805066
2.1493628133 0.0974334649197
2.1485451981 0.0965674206768
2.1477282161 0.0969688996772
2.1469118667 0.0960394833059
2.1460961491 0.096664362282
2.1452810629 0.0965205532017
2.1444666073 0.095856875807
2.1436527817 0.095632903893
2.1428395855 0.0964871365055
2.142027018 0.0969395198137
2.1412150787 0.0967237971293
2.1404037667 0.0951611615832
2.1395930816 0.09507669302
2.1387830227 0.0960519537833
2.1379735894 0.0960005766349
2.1371647809 0.0957179546162
2.1363565968 0.0941366194027
2.1355490364 0.0932734263377
2.134742099 0.0932995520672
2.133935784 0.0935226320426
2.1331300908 0.0931300693589
2.1323250187 0.0907400679765
2.1315205672 0.0906278856799
2.1307167356 0.0928409363325
2.1299135233 0.0914252271986
2.1291109297 0.0902263093943
2.1283089541 0.09059125919
2.1275075959 0.0927773205317
2.1267068545 0.0946743289863
2.1259067293 0.0963576091918
2.1251072196 0.096196332692
2.1243083249 0.0936967577907
2.1235100446 0.0916299611606
2.1227123779 0.0936498592808
2.1219153243 0.0957045192099
2.1211188832 0.0948692839275
2.120323054 0.0934216906092
2.119527836 0.0956711276233
2.1187332287 0.0948375537759
2.1179392314 0.0961896720449
2.1171458435 0.0979035121192
2.1163530644 0.099691403786
2.1155608935 0.0956656664175
2.1147693302 0.0919075282868
2.1139783739 0.0926864619363
2.113188024 0.0930410573227
2.1123982798 0.0927996666495
2.1116091408 0.0920155270937
2.1108206064 0.0947872050696
2.1100326759 0.0966355041864
2.1092453488 0.0968209766141
2.1084586244 0.0971138969824
2.1076725022 0.0956813456807
2.1068869815 0.093859663387
2.1061020618 0.0945539232227
2.1053177424 0.0961896725993
2.1045340228 0.0984660254008
2.1037509023 0.0981189414223
2.1029683804 0.0985132259757
2.1021864565 0.0980314259905
2.1014051299 0.0974107158619
2.1006244001 0.0980402897568
2.0998442665 0.098569738539
2.0990647285 0.0984159930959
2.0982857854 0.097876017146
2.0975074368 0.0967824601275
2.096729682 0.0969653098369
2.0959525204 0.0969069257237
2.0951759515 0.0958284459713
2.0943999746 0.0943017210798
2.0936245892 0.0933669461543
2.0928497947 0.0936237875899
2.0920755904 0.0947254835614
2.0913019759 0.0958648445314
2.0905289504 0.096024376855
2.0897565135 0.0966187692593
2.0889846646 0.0977850573701
2.0882134031 0.098033387821
2.0874427283 0.0980098793478
2.0866726397 0.0977908404414
2.0859031368 0.0964672308209
2.085134219 0.0961395250235
2.0843658856 0.0968100813006
2.0835981361 0.0969555831315
2.0828309699 0.096459025852
2.0820643865 0.0954226470451
2.0812983852 0.0948850394782
2.0805329656 0.0952935463842
2.079768127 0.0958025139885
2.0790038688 0.096086894219
2.0782401905 0.095751254663
2.0774770915 0.0949400862628
2.0767145712 0.0943107974321
2.0759526292 0.0928113582414
2.0751912647 0.0910287752826
2.0744304772 0.0915669426238
2.0736702662 0.0936260801689
2.0729106311 0.0947187410219
2.0721515713 0.0957233548945
2.0713930863 0.0947633890014
2.0706351755 0.093646472143
2.0698778383 0.09175936029
2.0691210742 0.0921716395134
2.0683648826 0.0925375573746
2.0676092629 0.0929990576362
2.0668542147 0.0932420708134
2.0660997372 0.0927640043456
2.06534583 0.0928341373131
2.0645924926 0.0948088410726
2.0638397242 0.0960068936736
2.0630875245 0.0954404562945
2.0623358928 0.0935630448878
2.0615848286 0.0931225188879
2.0608343313 0.0930667400067
2.0600844003 0.0935169369263
2.0593350352 0.0942465996815
2.0585862354 0.0946096169004
2.0578380002 0.0937138108408
2.0570903292 0.0933236281994
2.0563432218 0.0930740711844
2.0555966775 0.0935142615211
2.0548506957 0.093409141323
2.0541052758 0.092917817368
2.0533604174 0.0933655711937
2.0526161198 0.0938026371254
2.0518723825 0.0936417666553
2.051129205 0.0932225165226
2.0503865867 0.092990965957
2.0496445271 0.0935184296841
2.0489030256 0.0933247122149
2.0481620817 0.0930049729284
2.0474216949 0.0925931361157
2.0466818645 0.0916906919984
2.0459425902 0.0921032625423
2.0452038712 0.0931549283148
2.0444657072 0.093546774991
2.0437280974 0.0927621501512
2.0429910415 0.0927033067129
2.0422545389 0.0933461186549
2.041518589 0.0938323876313
2.0407831913 0.0931872151567
2.0400483452 0.0926174815689
2.0393140503 0.0925789138924
2.038580306 0.0923798170226
2.0378471117 0.0925886103676
2.0371144669 0.0920236861506
2.0363823712 0.0914564680584
2.0356508239 0.09098039295
2.0349198245 0.0911081130767
2.0341893725 0.0913842678964
2.0334594674 0.0913708315642
2.0327301087 0.0912910936752
2.0320012957 0.0920047460027
2.0312730281 0.0919798324147
2.0305453052 0.0916486174949
2.0298181265 0.0908258313985
2.0290914915 0.0902942955853
2.0283653998 0.0908312560735
2.0276398506 0.0915892898617
2.0269148436 0.0913762731575
2.0261903783 0.0908407310903
2.025466454 0.0909249736843
2.0247430702 0.0913532941498
2.0240202266 0.0909888757789
2.0232979224 0.09010765547
2.0225761573 0.0897384160859
2.0218549306 0.0901653965891
2.0211342419 0.0905004997189
2.0204140907 0.0904311110924
2.0196944764 0.089874880461
2.0189753985 0.0898484208795
2.0182568565 0.0902025506922
2.0175388499 0.0897260767969
2.0168213782 0.0887651274636
2.0161044408 0.088815693732
2.0153880373 0.0889074483929
2.0146721671 0.0889655989295
2.0139568298 0.0888952000202
2.0132420248 0.088571365853
2.0125277515 0.0887759748185
2.0118140096 0.0891998267597
2.0111007984 0.0883033397593
2.0103881175 0.0881901279504
2.0096759664 0.0882746161846
2.0089643445 0.089153796693
2.0082532514 0.088386102672
2.0075426866 0.08765087552
2.0068326494 0.0869188960088
2.0061231396 0.087481915275
2.0054141564 0.0875887824808
2.0047056995 0.0866024359632
2.0039977683 0.0860452992121
2.0032903623 0.0872091338633
2.0025834811 0.0867320351769
2.0018771241 0.0864461768062
2.0011712908 0.0855987592462
2.0004659807 0.0847680429526
1.9997611934 0.0847704480896
1.9990569282 0.0852040355029
1.9983531848 0.0854408862619
1.9976499627 0.0850098103748
1.9969472612 0.0852571643244
1.9962450801 0.0855398270356
1.9955434186 0.0838458765312
1.9948422764 0.0827745990942
1.994141653 0.0832571458841
1.9934415478 0.0834839792281
1.9927419604 0.0828756182392
1.9920428903 0.0822231248586
1.9913443369 0.0827318435639
1.9906462999 0.0828952083429
1.9899487786 0.082076328582
1.9892517727 0.0808970471745
1.9885552816 0.0812920720916
1.9878593049 0.0819109392211
1.9871638419 0.0819494486617
1.9864688924 0.0811349728068
1.9857744557 0.0803668149471
1.9850805314 0.0803506738871
1.9843871191 0.0797332574158
1.9836942181 0.0790597228757
1.9830018281 0.0790415839567
1.9823099485 0.0785631417954
1.981618579 0.0790164401996
1.9809277188 0.079247718523
1.9802373678 0.0786538807932
1.9795475252 0.0792160149853
1.9788581907 0.0802591597341
1.9781693637 0.0801443117848
1.9774810438 0.0788873871227
1.9767932306 0.0781492231915
1.9761059234 0.0784252087159
1.9754191219 0.0785096027746
1.9747328256 0.0778405187702
1.974047034 0.0777641773261
1.9733617466 0.078483140036
1.972676963 0.078767604304
1.9719926826 0.0784668539444
1.9713089051 0.0779849745346
1.9706256298 0.0783811520567
1.9699428564 0.0778274662585
1.9692605844 0.0782510697091
1.9685788133 0.0775970981076
1.9678975427 0.0776269692607
1.967216772 0.0778162344724
1.9665365008 0.0780385101032
1.9658567286 0.0772356949742
1.965177455 0.0767780707305
1.9644986795 0.0771846703022
1.9638204016 0.0775839498125
1.9631426209 0.0775259924103
1.9624653369 0.0769928126945
1.9617885491 0.0769352685562
1.961112257 0.0770504934521
1.9604364603 0.075903148716
1.9597611584 0.075291866092
1.9590863508 0.0755070566277
1.9584120372 0.0759685154492
1.957738217 0.0746436985554
1.9570648898 0.0740099265376
1.9563920551 0.0743459793857
1.9557197125 0.0744483505635
1.9550478615 0.0738868169225
1.9543765016 0.0731512178123
1.9537056324 0.0729596285849
1.9530352534 0.0737834232952
1.9523653642 0.0745656490859
1.9516959643 0.0729972018479
1.9510270532 0.0724893566509
1.9503586306 0.0726217507167
1.9496906959 0.0735139605483
1.9490232487 0.0728456174659
1.9483562885 0.0718951141079
1.9476898149 0.072182635982
1.9470238274 0.0733942605573
1.9463583256 0.0726781511295
1.945693309 0.0713615680114
1.9450287772 0.071426116829
1.9443647297 0.0723245590152
1.943701166 0.072791756516
1.9430380858 0.0721402674654
1.9423754886 0.0719757052527
1.9417133738 0.0720846413571
1.9410517412 0.0722922138903
1.9403905902 0.0725473594282
1.9397299203 0.0718102916539
1.9390697312 0.0710682828399
1.9384100223 0.0717531296166
1.9377507933 0.0725775462845
1.9370920437 0.0714155087595
1.9364337731 0.0717166187616
1.9357759809 0.072559489989
1.9351186669 0.0728612754473
1.9344618304 0.0721534490263
1.9338054711 0.0716692500251
1.9331495886 0.0724472289876
1.9324941823 0.0727866037217
1.9318392519 0.0726852916899
1.9311847969 0.0725610553388
1.9305308169 0.0733591822094
1.9298773115 0.0727825514957
1.9292242801 0.073036440589
1.9285717224 0.0728916838118
1.9279196379 0.0728932381441
1.9272680262 0.0738734695809
1.9266168868 0.0741496062583
1.9259662194 0.0740568734257
1.9253160235 0.0742344639987
1.9246662985 0.0745572295058
1.9240170442 0.0751944477927
1.9233682601 0.0749745831251
1.9227199457 0.075669930123
1.9220721007 0.0753977677195
1.9214247245 0.0762946353896
1.9207778168 0.0758169476411
1.920131377 0.0757131586697
1.9194854049 0.075811223508
1.9188398999 0.0764700923731
1.9181948617 0.0764923232735
1.9175502897 0.0762795319013
1.9169061836 0.0769156779226
1.916262543 0.0776009124616
1.9156193674 0.0776417266238
1.9149766564 0.0777301158784
1.9143344095 0.0786485491535
1.9136926264 0.0796081661533
1.9130513065 0.0798954812717
1.9124104496 0.0799564015222
1.9117700551 0.0806928451773
1.9111301227 0.080840231998
1.9104906519 0.0808003475338
1.9098516423 0.0808714712498
1.9092130934 0.0813838404569
1.9085750049 0.0819383128815
1.9079373764 0.0835493081076
1.9073002073 0.08432540375
1.9066634973 0.084137157224
1.906027246 0.0850038742659
1.905391453 0.0859460326293
1.9047561178 0.0864560944766
1.90412124 0.0857709990824
1.9034868192 0.0860464569857
1.9028528549 0.0881477195223
1.9022193469 0.0885583401964
1.9015862945 0.0883566936445
1.9009536976 0.0892414136353
1.9003215555 0.0906112432875
1.8996898679 0.0911812932504
1.8990586344 0.0914098113915
1.8984278546 0.0921081412805
1.8977975281 0.0931465770091
1.8971676544 0.0937612966811
1.8965382331 0.094926682924
1.8959092639 0.0949387190641
1.8952807463 0.0954591666991
1.8946526799 0.0966750981696
1.8940250643 0.0973899531339
1.893397899 0.0974806305046
1.8927711838 0.097653892824
1.8921449181 0.0993001684749
1.8915191016 0.0997797610713
1.8908937338 0.100222334954
1.8902688144 0.100620426045
1.8896443429 0.101487456035
1.8890203189 0.102242466236
1.8883967421 0.10287998303
1.887773612 0.103641233482
1.8871509282 0.104410979251
1.8865286903 0.105296612007
1.885906898 0.105818444682
1.8852855507 0.107207149325
1.8846646482 0.107777908332
1.8840441899 0.108466749945
1.8834241756 0.10905779471
1.8828046047 0.109465828928
1.882185477 0.109529739181
1.8815667919 0.109913016501
1.8809485492 0.110790862825
1.8803307483 0.111235642091
1.879713389 0.111597474688
1.8790964707 0.112235871231
1.8784799932 0.113003378425
1.877863956 0.112889886348
1.8772483587 0.112199025787
1.8766332009 0.113563018417
1.8760184822 0.115063368121
1.8754042022 0.113998281784
1.8747903606 0.113371066844
1.8741769569 0.113505954291
1.8735639907 0.115270164896
1.8729514617 0.115546540639
1.8723393695 0.115461446336
1.8717277136 0.116079481384
1.8711164936 0.11689926939
1.8705057093 0.116195288046
1.8698953601 0.116610504795
1.8692854458 0.117547867333
1.8686759658 0.118368267459
1.8680669199 0.118693132075
1.8674583076 0.118222117632
1.8668501285 0.117198296916
1.8662423823 0.117294980748
1.8656350685 0.118375986998
1.8650281868 0.118772008282
1.8644217368 0.118950153716
1.8638157181 0.118204589986
1.8632101303 0.119462227353
1.8626049731 0.119419111515
1.862000246 0.119190640879
1.8613959486 0.119516874544
1.8607920806 0.119764369793
1.8601886417 0.119852972767
1.8595856313 0.119672646203
1.8589830491 0.119665036918
1.8583808948 0.120310724862
1.857779168 0.120174324248
1.8571778682 0.119943551239
1.8565769952 0.120597958035
1.8559765484 0.120088574681
1.8553765276 0.120017275116
1.8547769324 0.120701237723
1.8541777623 0.120204679895
1.8535790171 0.121094103027
1.8529806962 0.122305883195
1.8523827994 0.123225470351
1.8517853263 0.122119152054
1.8511882765 0.121149379505
1.8505916495 0.121757809685
1.8499954452 0.122677751653
1.8493996629 0.121712033166
1.8488043025 0.121590875342
1.8482093635 0.122594743904
1.8476148455 0.121911043446
1.8470207482 0.121449020538
1.8464270712 0.12221495625
1.8458338141 0.122683089843
1.8452409765 0.121850379388
1.8446485582 0.122231167175
1.8440565586 0.121836503207
1.8434649774 0.122738817631
1.8428738143 0.123503777831
1.842283069 0.122864523297
1.8416927409 0.122054399376
1.8411028298 0.122546232906
1.8405133352 0.123527279053
1.8399242569 0.122949370376
1.8393355944 0.122653203674
1.8387473474 0.122800285696
1.8381595155 0.123485631415
1.8375720984 0.124045076627
1.8369850956 0.124125806583
1.8363985069 0.123396149906
1.8358123318 0.123250756929
1.8352265699 0.124361281486
1.834641221 0.1238540223
1.8340562847 0.12318736967
1.8334717605 0.123018205408
1.8328876482 0.1230089445
1.8323039473 0.123151697048
1.8317206575 0.124081953212
1.8311377785 0.124196281841
1.8305553099 0.125199923978
1.8299732512 0.124722750348
1.8293916022 0.123734519904
1.8288103625 0.123044996227
1.8282295318 0.122421401351
1.8276491096 0.124141506962
1.8270690956 0.124617825626
1.8264894895 0.124003747029
1.8259102909 0.123693989031
1.8253314995 0.123112667484
1.8247531148 0.123152449484
1.8241751365 0.122507253515
1.8235975644 0.123473155491
1.8230203979 0.123134760816
1.8224436368 0.123110377956
1.8218672807 0.123461118554
1.8212913292 0.123447031579
1.8207157821 0.121925237257
1.8201406389 0.122074645136
1.8195658992 0.122218678653
1.8189915629 0.122315167071
1.8184176293 0.120764538869
1.8178440984 0.120547759128
1.8172709695 0.121448546747
1.8166982426 0.121836720321
1.8161259171 0.121825777007
1.8155539927 0.121636431956
1.8149824691 0.120812724431
1.8144113459 0.120389452887
1.8138406228 0.120425395843
1.8132702994 0.121750379529
1.8127003754 0.122387633866
1.8121308504 0.12163578074
1.8115617241 0.121792269127
1.8109929961 0.121396706776
1.8104246661 0.119832512195
1.8098567338 0.120065755204
1.8092891988 0.121928183308
1.8087220606 0.122547554855
1.8081553191 0.121013174358
1.8075889739 0.120308003984
1.8070230246 0.120267570595
1.8064574708 0.120171737511
1.8058923123 0.12013640849
1.8053275486 0.120950527301
1.8047631795 0.1207976859
1.8041992046 0.119562380558
1.8036356235 0.120373647058
1.8030724359 0.120886905742
1.8025096415 0.120928222763
1.80194724 0.120454490171
1.8013852309 0.122015103129
1.800823614 0.121220640163
1.8002623889 0.120209056336
1.7997015552 0.118814907196
1.7991411127 0.120349086523
1.798581061 0.119543312331
1.7980213997 0.119415108183
1.7974621285 0.118675043459
1.7969032472 0.12006099797
1.7963447552 0.118807715748
1.7957866524 0.119583821323
1.7952289383 0.12043262712
1.7946716127 0.120003909827
1.7941146751 0.118810667263
1.7935581254 0.118462068591
1.793001963 0.119985213579
1.7924461878 0.119112046497
1.7918907993 0.120209780874
1.7913357972 0.121367530184
1.7907811812 0.120706037351
1.790226951 0.118522633951
1.7896731062 0.119017526944
1.7891196465 0.119376064098
1.7885665715 0.120565665998
1.788013881 0.120829049077
1.7874615746 0.120909486846
1.786909652 0.120144260133
1.7863581128 0.11949261477
1.7858069567 0.119152925077
1.7852561834 0.120748352506
1.7847057926 0.121568002693
1.7841557838 0.120133909821
1.7836061569 0.119943448746
1.7830569115 0.118654586675
1.7825080471 0.117436859058
1.7819595636 0.118467677589
1.7814114606 0.120521068271
1.7808637378 0.122634621037
1.7803163947 0.120083743001
1.7797694312 0.117850431943
1.7792228469 0.118323336153
1.7786766414 0.118358668651
1.7781308145 0.119316394265
1.7775853658 0.119546759337
1.7770402949 0.121016163664
1.7764956017 0.118754693003
1.7759512856 0.120353510984
1.7754073465 0.119883945543
1.774863784 0.120528672598
1.7743205978 0.119499773795
1.7737777875 0.120730611286
1.7732353528 0.120992085101
1.7726932935 0.118436280369
1.7721516091 0.118155338382
1.7716102995 0.118291502203
1.7710693641 0.121025956257
1.7705288028 0.122057681329
1.7699886153 0.123474584764
1.7694488011 0.120637367271
1.76890936 0.119699724941
1.7683702916 0.118540252053
1.7678315957 0.120133792564
1.7672932719 0.120860606593
1.76675532 0.122370901961
1.7662177395 0.120218906146
1.7656805302 0.118827976928
1.7651436917 0.118072729622
1.7646072239 0.119064232851
1.7640711262 0.120659990117
1.7635353984 0.120309199406
1.7630000403 0.120242037876
1.7624650514 0.119663500537
1.7619304316 0.120198489007
1.7613961803 0.119693403229
1.7608622975 0.120664921933
1.7603287826 0.122306046703
1.7597956355 0.121799510548
1.7592628558 0.121411004728
1.7587304433 0.119946554984
1.7581983975 0.120281781785
1.7576667181 0.120786975625
1.757135405 0.120277292005
1.7566044577 0.119777318127
1.756073876 0.121680509815
1.7555436595 0.121126552423
1.7550138079 0.1214779239
1.754484321 0.120529063896
1.7539551984 0.120201317099
1.7534264398 0.121820474428
1.7528980449 0.12124619616
1.7523700134 0.121100067193
1.751842345 0.119724708391
1.7513150393 0.120522990063
1.7507880962 0.120331602765
1.7502615152 0.121242208215
1.7497352961 0.121102876846
1.7492094385 0.119658379678
1.7486839422 0.120064433621
1.7481588069 0.119594335857
1.7476340322 0.11863697477
1.7471096178 0.118299992707
1.7465855635 0.119445201988
1.7460618689 0.120289833859
1.7455385338 0.120596879145
1.7450155578 0.121803959194
1.7444929406 0.119718453329
1.743970682 0.12012847604
1.7434487816 0.11939867615
1.7429272391 0.119997613075
1.7424060542 0.120741302762
1.7418852267 0.120530664998
1.7413647562 0.121400471286
1.7408446425 0.120154347517
1.7403248851 0.118536340466
1.7398054839 0.117337977588
1.7392864386 0.118398015029
1.7387677487 0.120144241966
1.7382494141 0.121576606004
1.7377314345 0.121679263228
1.7372138095 0.121101145263
1.7366965388 0.120686798299
1.7361796222 0.11951914344
1.7356630593 0.119760415667
1.7351468499 0.119548450499
1.7346309937 0.121032086077
1.7341154903 0.120556654097
1.7336003396 0.119443182116
1.733085541 0.119539915183
1.7325710945 0.118979994143
1.7320569997 0.119942726146
1.7315432562 0.120356670652
1.7310298639 0.121038480833
1.7305168224 0.11954564424
1.7300041314 0.120096994933
1.7294917906 0.120432954348
1.7289797998 0.120580808372
1.7284681586 0.121279254982
1.7279568668 0.122402076699
1.727445924 0.122569516857
1.72693533 0.120208132847
1.7264250845 0.119617348426
1.7259151872 0.119734963312
1.7254056378 0.12181130109
1.724896436 0.120730052003
1.7243875815 0.122109317789
1.7238790741 0.120037943141
1.7233709134 0.118685771404
1.7228630992 0.117862441388
1.7223556312 0.119941857003
1.721848509 0.120488568385
1.7213417325 0.121929453996
1.7208353012 0.121557506276
1.720329215 0.121759033871
1.7198234736 0.120956679359
1.7193180766 0.120644547928
1.7188130237 0.121866294685
1.7183083148 0.121599597428
1.7178039494 0.122156609984
1.7172999274 0.120568110533
1.7167962484 0.121912188397
1.7162929122 0.121066997781
1.7157899184 0.121528252971
1.7152872668 0.121118341371
1.7147849571 0.122086183603
1.7142829891 0.121974687205
1.7137813624 0.120351455273
1.7132800767 0.121361528997
1.7127791318 0.11974010376
1.7122785274 0.122152568906
1.7117782632 0.121967749537
1.711278339 0.122641163683
1.7107787544 0.121909641729
1.7102795092 0.120382642846
1.709780603 0.120747577522
1.7092820357 0.119941707266
1.7087838069 0.121302561992
1.7082859164 0.122870456171
1.7077883639 0.121966660886
1.707291149 0.122979150644
1.7067942716 0.122081274829
1.7062977314 0.120548117654
1.705801528 0.120207651199
1.7053056612 0.12016508986
1.7048101307 0.121500344202
1.7043149362 0.123976898182
1.7038200775 0.12346694694
1.7033255544 0.123605827475
1.7028313664 0.123283313698
1.7023375133 0.122253064833
1.701843995 0.121645363901
1.701350811 0.122625979618
1.7008579611 0.121553639331
1.7003654451 0.122829818856
1.6998732627 0.123130084438
1.6993814135 0.123785850962
1.6988898974 0.122623563251
1.698398714 0.123551667873
1.6979078631 0.123876307952
1.6974173444 0.12314758534
1.6969271577 0.122365407849
1.6964373026 0.122339020163
1.6959477789 0.122878304763
1.6954585864 0.122713278066
1.6949697247 0.122642722602
1.6944811936 0.122744064361
1.6939929927 0.123263097904
1.693505122 0.122786591585
1.693017581 0.123662185247
1.6925303695 0.12495954483
1.6920434873 0.125251337265
1.6915569341 0.12515257893
1.6910707095 0.123429126188
1.6905848134 0.122219980861
1.6900992454 0.122250483557
1.6896140054 0.121648481729
1.689129093 0.120183631513
1.6886445079 0.122102477804
1.68816025 0.123683429045
1.6876763189 0.123048566905
1.6871927144 0.122584433137
1.6867094361 0.123290652269
1.686226484 0.122816940141
1.6857438575 0.123788908582
1.6852615567 0.123873890125
1.684779581 0.123684206707
1.6842979304 0.12471840632
1.6838166044 0.124976282593
1.683335603 0.12553212871
1.6828549257 0.125793180502
1.6823745723 0.127129221989
1.6818945427 0.126936376291
1.6814148364 0.127800708237
1.6809354533 0.127722492224
1.6804563931 0.124916251208
1.6799776555 0.123629081875
1.6794992402 0.123360894953
1.6790211471 0.124836326752
1.6785433758 0.125742594946
1.6780659261 0.126413114673
1.6775887978 0.128283762427
1.6771119904 0.126493349218
1.6766355039 0.127782766176
1.676159338 0.12575604864
1.6756834923 0.125564456482
1.6752079667 0.125165046167
1.6747327608 0.1249303697
1.6742578745 0.126255306587
1.6737833074 0.125311100876
1.6733090593 0.124540652977
1.6728351299 0.124308807076
1.6723615191 0.125979229159
1.6718882265 0.125067270798
1.6714152518 0.126142836489
1.6709425949 0.125951077809
1.6704702554 0.124199413297
1.6699982332 0.126490201078
1.6695265279 0.125970518242
1.6690551393 0.12525673866
1.6685840671 0.12466567412
1.6681133112 0.124817812462
1.6676428712 0.125979025223
1.6671727468 0.125399381679
1.6667029379 0.126515333909
1.6662334442 0.126213317974
1.6657642654 0.125695545677
1.6652954013 0.122674645351
1.6648268516 0.124538092085
1.6643586161 0.125329676493
1.6638906944 0.126731388697
1.6634230865 0.126641413303
1.662955792 0.126690226407
1.6624888106 0.124851579602
1.6620221422 0.12377337525
1.6615557864 0.125083433579
1.6610897431 0.123732159868
1.6606240119 0.12379677387
1.6601585926 0.122773953332
1.659693485 0.123678063343
1.6592286888 0.123070595593
1.6587642038 0.123364101191
1.6583000297 0.124471541301
1.6578361663 0.126807876725
1.6573726133 0.126136351337
1.6569093705 0.126187944704
1.6564464377 0.124810371186
1.6559838145 0.126439099064
1.6555215008 0.125049683714
1.6550594962 0.124175724763
1.6545978006 0.12429070705
1.6541364137 0.12372144625
1.6536753353 0.124384414666
1.6532145651 0.125063144524
1.6527541028 0.1245646424
1.6522939483 0.123474311224
1.6518341012 0.121967482613
1.6513745614 0.123402916265
1.6509153286 0.121970489285
1.6504564025 0.123993801867
1.6499977829 0.123414614924
1.6495394696 0.122945914337
1.6490814623 0.121934315101
1.6486237608 0.119891785575
1.6481663648 0.120348706025
1.6477092741 0.12079580105
1.6472524885 0.120198530827
1.6467960076 0.117906784915
1.6463398314 0.120770879385
1.6458839594 0.121503768682
1.6454283915 0.119995949712
1.6449731275 0.122204827392
1.6445181671 0.123702856359
1.6440635101 0.121820624213
1.6436091561 0.120113245474
1.6431551051 0.120305067133
1.6427013567 0.120564912015
1.6422479107 0.118966404457
1.6417947669 0.121766321453
1.641341925 0.122991404365
1.6408893849 0.122350377246
1.6404371461 0.122310138895
1.6399852086 0.12145558364
1.6395335721 0.120675869095
1.6390822363 0.117621346825
1.638631201 0.118560891354
1.638180466 0.121085657016
1.637730031 0.119583444524
1.6372798959 0.120920759694
1.6368300602 0.122399855414
1.636380524 0.122482981326
1.6359312868 0.119185878429
1.6354823484 0.119862754359
1.6350337087 0.120328767428
1.6345853674 0.11954700669
1.6341373242 0.120354625224
1.633689579 0.122888870704
1.6332421314 0.121526891193
1.6327949813 0.120913061185
1.6323481284 0.120693329699
1.6319015725 0.122391880478
1.6314553133 0.120410484945
1.6310093507 0.120687153464
1.6305636844 0.119742213317
1.6301183141 0.120047088547
1.6296732396 0.120273740601
1.6292284608 0.121280957597
1.6287839773 0.120858438928
1.6283397889 0.120056912805
1.6278958954 0.120605798002
1.6274522967 0.120971136585
1.6270089923 0.120197470347
1.6265659822 0.120543781286
1.626123266 0.121676706679
1.6256808436 0.12125205267
1.6252387147 0.120162481303
1.6247968791 0.118850622727
1.6243553366 0.120733451329
1.6239140869 0.119974455234
1.6234731299 0.11978783594
1.6230324652 0.11895161189
1.6225920927 0.118482435746
1.622152012 0.117669931132
1.6217122231 0.119866463832
1.6212727257 0.119886692218
