3.64964 0.038585
3.6483 0.038667
3.64697 0.039089
3.64564 0.039313
3.64431 0.039544
3.64299 0.039489
3.64166 0.03915
3.64033 0.038878
3.63901 0.038595
3.63769 0.038332
3.63636 0.038134
3.63504 0.037885
3.63372 0.037815
3.6324 0.037907
3.63108 0.037886
3.62976 0.037941
3.62845 0.037968
3.62713 0.038159
3.62582 0.038554
3.6245 0.038585
3.62319 0.038619
3.62188 0.038449
3.62056 0.038346
3.61925 0.038324
3.61794 0.038244
3.61664 0.038158
3.61533 0.038105
3.61402 0.038065
3.61272 0.038029
3.61141 0.03791
3.61011 0.037799
3.60881 0.037611
3.6075 0.037427
3.6062 0.03731
3.6049 0.036893
3.6036 0.036655
3.60231 0.036464
3.60101 0.03637
3.59971 0.036441
3.59842 0.036585
3.59712 0.036786
3.59583 0.037155
3.59454 0.03718
3.59324 0.037007
3.59195 0.036629
3.59066 0.035935
3.58938 0.035795
3.58809 0.035893
3.5868 0.036609
3.58551 0.036753
3.58423 0.03672
3.58295 0.036668
3.58166 0.036613
3.58038 0.036621
3.5791 0.036601
3.57782 0.03662
3.57654 0.036824
3.57526 0.036907
3.57398 0.036959
3.5727 0.036823
3.57143 0.036605
3.57015 0.036227
3.56888 0.035806
3.56761 0.035269
3.56633 0.034875
3.56506 0.03471
3.56379 0.034922
3.56252 0.034979
3.56125 0.035091
3.55999 0.034993
3.55872 0.035035
3.55745 0.035173
3.55619 0.035285
3.55492 0.035484
3.55366 0.035565
3.5524 0.035415
3.55114 0.035164
3.54988 0.034555
3.54862 0.033587
3.54736 0.033047
3.5461 0.032875
3.54484 0.03331
3.54359 0.033491
3.54233 0.03366
3.54108 0.033888
3.53982 0.033906
3.53857 0.033775
3.53732 0.033801
3.53607 0.033791
3.53482 0.033877
3.53357 0.034023
3.53232 0.034107
3.53107 0.034415
3.52983 0.034551
3.52858 0.034535
3.52734 0.034363
3.52609 0.034376
3.52485 0.034576
3.52361 0.034556
3.52237 0.034606
3.52113 0.034138
3.51989 0.033874
3.51865 0.033686
3.51741 0.033576
3.51617 0.033602
3.51494 0.033576
3.5137 0.033504
3.51247 0.0334
3.51124 0.033167
3.51 0.033157
3.50877 0.033301
3.50754 0.033514
3.50631 0.034003
3.50508 0.033819
3.50385 0.033722
3.50263 0.033349
3.5014 0.033267
3.50017 0.033413
3.49895 0.033701
3.49773 0.033579
3.4965 0.033274
3.49528 0.032753
3.49406 0.032529
3.49284 0.032658
3.49162 0.032776
3.4904 0.032991
3.48918 0.033369
3.48797 0.033476
3.48675 0.033478
3.48554 0.033192
3.48432 0.03308
3.48311 0.033133
3.48189 0.033096
3.48068 0.03312
3.47947 0.032808
3.47826 0.032805
3.47705 0.032949
3.47584 0.033274
3.47464 0.033459
3.47343 0.033458
3.47222 0.033514
3.47102 0.033544
3.46981 0.033661
3.46861 0.033601
3.46741 0.03331
3.4662 0.033643
3.465 0.033688
3.4638 0.033869
3.4626 0.033838
3.46141 0.033392
3.46021 0.033319
3.45901 0.033272
3.45781 0.033235
3.45662 0.033269
3.45543 0.033163
3.45423 0.032793
3.45304 0.032738
3.45185 0.032751
3.45066 0.033046
3.44947 0.033201
3.44828 0.033293
3.44709 0.033237
3.4459 0.033162
3.44471 0.032906
3.44353 0.032909
3.44234 0.033054
3.44116 0.032988
3.43997 0.032987
3.43879 0.032892
3.43761 0.032701
3.43643 0.032678
3.43525 0.032517
3.43407 0.032699
3.43289 0.033235
3.43171 0.033214
3.43053 0.033248
3.42936 0.033087
3.42818 0.033122
3.427 0.033108
3.42583 0.033047
3.42466 0.032632
3.42349 0.032477
3.42231 0.032278
3.42114 0.032327
3.41997 0.032766
3.4188 0.032831
3.41763 0.032822
3.41647 0.032636
3.4153 0.032606
3.41413 0.032717
3.41297 0.033103
3.4118 0.033221
3.41064 0.033308
3.40948 0.03293
3.40832 0.032902
3.40716 0.032984
3.40599 0.033212
3.40483 0.033418
3.40368 0.033566
3.40252 0.033611
3.40136 0.033844
3.4002 0.034228
3.39905 0.034371
3.39789 0.034618
3.39674 0.034035
3.39559 0.033589
3.39443 0.032937
3.39328 0.032901
3.39213 0.032817
3.39098 0.032955
3.38983 0.03287
3.38868 0.032682
3.38753 0.032311
3.38639 0.032205
3.38524 0.032105
3.38409 0.032674
3.38295 0.032852
3.38181 0.032976
3.38066 0.03257
3.37952 0.032283
3.37838 0.03191
3.37724 0.031882
3.3761 0.032061
3.37496 0.032239
3.37382 0.032322
3.37268 0.032278
3.37154 0.032314
3.37041 0.03206
3.36927 0.031413
3.36814 0.031244
3.367 0.031203
3.36587 0.031651
3.36474 0.03177
3.36361 0.03174
3.36247 0.03155
3.36134 0.031495
3.36021 0.03143
3.35909 0.031457
3.35796 0.031645
3.35683 0.03197
3.3557 0.03239
3.35458 0.032436
3.35345 0.031981
3.35233 0.031882
3.35121 0.031735
3.35008 0.032023
3.34896 0.031852
3.34784 0.031343
3.34672 0.030971
3.3456 0.030814
3.34448 0.030941
3.34336 0.031137
3.34225 0.031269
3.34113 0.031514
3.34001 0.03146
3.3389 0.031202
3.33778 0.0313
3.33667 0.03136
3.33556 0.031644
3.33444 0.031585
3.33333 0.031525
3.33222 0.031526
3.33111 0.031115
3.33 0.030887
3.32889 0.030645
3.32779 0.030602
3.32668 0.030591
3.32557 0.03057
3.32447 0.03058
3.32336 0.030668
3.32226 0.030365
3.32116 0.030504
3.32005 0.030848
3.31895 0.031122
3.31785 0.031311
3.31675 0.031185
3.31565 0.031181
3.31455 0.031135
3.31345 0.030852
3.31236 0.030774
3.31126 0.030834
3.31016 0.030596
3.30907 0.030509
3.30797 0.030345
3.30688 0.030697
3.30579 0.030818
3.30469 0.030886
3.3036 0.030897
3.30251 0.030799
3.30142 0.030675
3.30033 0.030427
3.29924 0.030207
3.29815 0.030081
3.29707 0.029871
3.29598 0.029618
3.29489 0.029302
3.29381 0.029124
3.29272 0.029003
3.29164 0.029079
3.29056 0.029104
3.28947 0.029128
3.28839 0.029222
3.28731 0.029301
3.28623 0.029466
3.28515 0.029422
3.28407 0.029423
3.28299 0.029388
3.28192 0.02946
3.28084 0.029634
3.27976 0.029756
3.27869 0.029868
3.27761 0.029963
3.27654 0.029945
3.27547 0.029945
3.27439 0.029929
3.27332 0.029647
3.27225 0.02951
3.27118 0.029337
3.27011 0.029149
3.26904 0.029097
3.26797 0.029036
3.26691 0.028973
3.26584 0.029072
3.26477 0.02898
3.26371 0.029002
3.26264 0.029227
3.26158 0.029039
3.26052 0.028869
3.25945 0.028518
3.25839 0.028416
3.25733 0.028265
3.25627 0.028053
3.25521 0.027974
3.25415 0.027928
3.25309 0.027951
3.25203 0.027991
3.25098 0.02802
3.24992 0.028035
3.24886 0.028136
3.24781 0.028208
3.24675 0.028702
3.2457 0.028944
3.24465 0.029173
3.24359 0.028909
3.24254 0.028801
3.24149 0.02877
3.24044 0.028551
3.23939 0.028477
3.23834 0.028349
3.23729 0.028327
3.23625 0.028508
3.2352 0.028606
3.23415 0.028702
3.23311 0.028899
3.23206 0.028814
3.23102 0.028721
3.22997 0.028514
3.22893 0.028353
3.22789 0.028438
3.22685 0.028877
3.22581 0.028671
3.22477 0.0287
3.22373 0.028503
3.22269 0.028566
3.22165 0.029037
3.22061 0.029119
3.21957 0.029243
3.21854 0.02944
3.2175 0.029348
3.21647 0.02914
3.21543 0.028702
3.2144 0.028361
3.21337 0.028097
3.21234 0.027881
3.2113 0.027785
3.21027 0.027844
3.20924 0.028135
3.20821 0.028318
3.20718 0.028565
3.20616 0.028258
3.20513 0.02806
3.2041 0.027703
3.20307 0.027486
3.20205 0.027282
3.20102 0.026993
3.2 0.026835
3.19898 0.026795
3.19795 0.026839
3.19693 0.026863
3.19591 0.026947
3.19489 0.027012
3.19387 0.027124
3.19285 0.027203
3.19183 0.027106
3.19081 0.027269
3.18979 0.027556
3.18878 0.02805
3.18776 0.028349
3.18674 0.028564
3.18573 0.028826
3.18471 0.028824
3.1837 0.028678
3.18269 0.028419
3.18167 0.028186
3.18066 0.02803
3.17965 0.027906
3.17864 0.027834
3.17763 0.027892
3.17662 0.027969
3.17561 0.028128
3.1746 0.028473
3.1736 0.028704
3.17259 0.028968
3.17158 0.028495
3.17058 0.028066
3.16957 0.027216
3.16857 0.02728
3.16756 0.027317
3.16656 0.027594
3.16556 0.027828
3.16456 0.027837
3.16356 0.027746
3.16256 0.027343
3.16156 0.027255
3.16056 0.027508
3.15956 0.027607
3.15856 0.027751
3.15756 0.027778
3.15657 0.027834
3.15557 0.027976
3.15457 0.028262
3.15358 0.028287
3.15259 0.028276
3.15159 0.028206
3.1506 0.028216
3.14961 0.028506
3.14861 0.028537
3.14762 0.028321
3.14663 0.027812
3.14564 0.027549
3.14465 0.027533
3.14367 0.028059
3.14268 0.028347
3.14169 0.028518
3.1407 0.028653
3.13972 0.028428
3.13873 0.027973
3.13775 0.027003
3.13676 0.026676
3.13578 0.026614
3.1348 0.027133
3.13381 0.027363
3.13283 0.027488
3.13185 0.027219
3.13087 0.027322
3.12989 0.027572
3.12891 0.028261
3.12793 0.0286
3.12695 0.028703
3.12598 0.028244
3.125 0.028176
3.12402 0.028384
3.12305 0.028485
3.12207 0.028844
3.1211 0.028762
3.12012 0.02865
3.11915 0.028542
3.11818 0.028315
3.11721 0.028074
3.11624 0.027889
3.11526 0.027328
3.11429 0.026992
3.11333 0.026659
3.11236 0.026833
3.11139 0.026732
3.11042 0.026515
3.10945 0.025869
3.10849 0.025645
3.10752 0.025745
3.10655 0.025961
3.10559 0.026526
3.10463 0.026659
3.10366 0.026914
3.1027 0.027187
3.10174 0.02716
3.10078 0.027345
3.09981 0.027436
3.09885 0.028083
3.09789 0.028234
3.09693 0.02804
3.09598 0.027538
3.09502 0.027358
3.09406 0.027379
3.0931 0.027928
3.09215 0.028048
3.09119 0.027825
3.09023 0.027899
3.08928 0.027825
3.08833 0.027515
3.08737 0.027208
3.08642 0.026359
3.08547 0.026917
3.08452 0.027114
3.08356 0.02741
3.08261 0.027186
3.08166 0.027055
3.08071 0.026855
3.07977 0.026879
3.07882 0.027232
3.07787 0.02819
3.07692 0.028003
3.07598 0.027967
3.07503 0.027275
3.07409 0.027711
3.07314 0.028046
3.0722 0.028453
3.07125 0.028625
3.07031 0.028644
3.06937 0.028345
3.06843 0.028192
3.06748 0.027971
3.06654 0.028102
3.0656 0.028222
3.06466 0.028414
3.06373 0.028729
3.06279 0.028767
3.06185 0.028557
3.06091 0.028865
3.05998 0.029065
3.05904 0.029705
3.0581 0.02939
3.05717 0.029175
3.05623 0.028953
3.0553 0.028547
3.05437 0.028118
3.05344 0.027751
3.0525 0.027621
3.05157 0.027841
3.05064 0.027771
3.04971 0.027908
3.04878 0.028175
3.04785 0.028512
3.04692 0.028688
3.04599 0.028706
3.04507 0.028819
3.04414 0.028872
3.04321 0.028979
3.04229 0.028703
3.04136 0.028561
3.04044 0.028385
3.03951 0.02838
3.03859 0.02842
3.03767 0.028588
3.03674 0.02841
3.03582 0.028126
3.0349 0.027624
3.03398 0.027394
3.03306 0.027375
3.03214 0.027615
3.03122 0.027731
3.0303 0.027937
3.02939 0.027979
3.02847 0.028099
3.02755 0.028375
3.02663 0.0282
3.02572 0.028458
3.0248 0.028849
3.02389 0.030127
3.02297 0.030705
3.02206 0.03091
3.02115 0.030564
3.02024 0.030137
3.01932 0.029673
3.01841 0.029156
3.0175 0.028497
3.01659 0.028098
3.01568 0.027861
3.01477 0.027798
3.01386 0.027772
3.01296 0.027977
3.01205 0.028442
3.01114 0.028533
3.01023 0.028389
3.00933 0.027689
3.00842 0.027636
3.00752 0.027684
3.00661 0.028002
3.00571 0.028453
3.00481 0.028694
3.00391 0.029069
3.003 0.028256
3.0021 0.027907
3.0012 0.027495
3.0003 0.027545
2.9994 0.028224
2.9985 0.028461
2.9976 0.028688
2.9967 0.028866
2.99581 0.029322
2.99491 0.029307
2.99401 0.029052
2.99312 0.028791
2.99222 0.028534
2.99133 0.028553
2.99043 0.027774
2.98954 0.027583
2.98864 0.027691
2.98775 0.02826
2.98686 0.028594
2.98597 0.028639
2.98507 0.028916
2.98418 0.028994
2.98329 0.028876
2.9824 0.029087
2.98151 0.029294
2.98063 0.029645
2.97974 0.029816
2.97885 0.029714
2.97796 0.029334
2.97708 0.029264
2.97619 0.029082
2.97531 0.029563
2.97442 0.029642
2.97354 0.029382
2.97265 0.029234
2.97177 0.029227
2.97089 0.029586
2.97 0.028979
2.96912 0.028875
2.96824 0.028763
2.96736 0.029342
2.96648 0.029634
2.9656 0.029503
2.96472 0.029498
2.96384 0.029435
2.96296 0.029402
2.96209 0.029264
2.96121 0.028983
2.96033 0.028967
2.95946 0.029028
2.95858 0.029285
2.9577 0.029326
2.95683 0.029487
2.95596 0.029629
2.95508 0.030389
2.95421 0.030734
2.95334 0.031077
2.95247 0.030525
2.95159 0.030288
2.95072 0.030166
2.94985 0.030202
2.94898 0.030144
2.94811 0.029876
2.94724 0.029707
2.94638 0.029559
2.94551 0.029424
2.94464 0.029441
2.94377 0.029557
2.94291 0.029742
2.94204 0.030046
2.94118 0.030473
2.94031 0.030681
2.93945 0.030833
2.93858 0.030802
2.93772 0.030608
2.93686 0.030545
2.936 0.03037
2.93513 0.030601
2.93427 0.030561
2.93341 0.030154
2.93255 0.030207
2.93169 0.030443
2.93083 0.031354
2.92997 0.031584
2.92912 0.031552
2.92826 0.030781
2.9274 0.030545
2.92654 0.030409
2.92569 0.030428
2.92483 0.030572
2.92398 0.030672
2.92312 0.031101
2.92227 0.031211
2.92141 0.031017
2.92056 0.031009
2.91971 0.030795
2.91886 0.030399
2.918 0.030475
2.91715 0.030435
2.9163 0.030701
2.91545 0.030505
2.9146 0.030464
2.91375 0.030604
2.9129 0.030853
2.91206 0.031197
2.91121 0.031657
2.91036 0.031948
2.90951 0.032148
2.90867 0.032312
2.90782 0.032247
2.90698 0.031985
2.90613 0.03191
2.90529 0.031835
2.90444 0.031996
2.9036 0.031514
2.90276 0.031218
2.90192 0.03082
2.90107 0.030986
2.90023 0.030997
2.89939 0.030959
2.89855 0.031263
2.89771 0.031273
2.89687 0.031249
2.89603 0.031043
2.89519 0.030993
2.89436 0.031362
2.89352 0.031523
2.89268 0.031636
2.89184 0.031513
2.89101 0.031161
2.89017 0.030439
2.88934 0.030386
2.8885 0.030681
2.88767 0.031681
2.88684 0.031911
2.886 0.032157
2.88517 0.032159
2.88434 0.032247
2.88351 0.032494
2.88268 0.032856
2.88184 0.032985
2.88101 0.032954
2.88018 0.032247
2.87935 0.032753
2.87853 0.033239
2.8777 0.034379
2.87687 0.034783
2.87604 0.034719
2.87522 0.034474
2.87439 0.034164
2.87356 0.033733
2.87274 0.033087
2.87191 0.032738
2.87109 0.032452
2.87026 0.032942
2.86944 0.032972
2.86862 0.032863
2.86779 0.032887
2.86697 0.032832
2.86615 0.033052
2.86533 0.032838
2.86451 0.032849
2.86369 0.033177
2.86287 0.033361
2.86205 0.033535
2.86123 0.033749
2.86041 0.033632
2.85959 0.033372
2.85878 0.032992
2.85796 0.032917
2.85714 0.033153
2.85633 0.03306
2.85551 0.033003
2.8547 0.032789
2.85388 0.033237
2.85307 0.033495
2.85225 0.033846
2.85144 0.034089
2.85063 0.034363
2.84981 0.034872
2.849 0.03477
2.84819 0.034849
2.84738 0.034848
2.84657 0.035374
2.84576 0.035548
2.84495 0.035531
2.84414 0.035308
2.84333 0.034768
2.84252 0.034298
2.84172 0.034096
2.84091 0.033991
2.8401 0.034488
2.8393 0.034572
2.83849 0.034626
2.83768 0.034078
2.83688 0.033672
2.83607 0.03313
2.83527 0.033496
2.83447 0.033818
2.83366 0.034589
2.83286 0.034817
2.83206 0.035095
2.83126 0.035413
2.83046 0.035595
2.82965 0.035988
2.82885 0.036588
2.82805 0.037152
2.82725 0.037536
2.82646 0.037609
2.82566 0.037743
2.82486 0.03783
2.82406 0.037927
2.82326 0.038102
2.82247 0.038335
2.82167 0.038491
2.82087 0.038474
2.82008 0.038205
2.81928 0.038246
2.81849 0.038455
2.8177 0.038937
2.8169 0.039502
2.81611 0.039916
2.81532 0.04023
2.81452 0.040906
2.81373 0.041333
2.81294 0.041823
2.81215 0.041845
2.81136 0.042247
2.81057 0.043282
2.80978 0.04362
2.80899 0.043867
2.8082 0.043271
2.80741 0.043029
2.80662 0.042938
2.80584 0.042233
2.80505 0.042228
2.80426 0.042353
2.80348 0.043315
2.80269 0.04381
2.80191 0.044112
2.80112 0.043233
2.80034 0.04287
2.79955 0.042114
2.79877 0.043026
2.79799 0.043691
2.7972 0.044483
2.79642 0.044975
2.79564 0.045633
2.79486 0.046515
2.79408 0.047287
2.7933 0.048087
2.79252 0.048672
2.79174 0.049381
2.79096 0.050155
2.79018 0.050427
2.7894 0.050713
2.78862 0.050695
2.78784 0.050839
2.78707 0.051106
2.78629 0.051296
2.78552 0.051803
2.78474 0.052406
2.78396 0.05304
2.78319 0.054172
2.78242 0.054867
2.78164 0.055324
2.78087 0.05559
2.78009 0.056097
2.77932 0.057052
2.77855 0.057434
2.77778 0.058088
2.77701 0.058826
2.77624 0.059459
2.77546 0.060304
2.77469 0.060586
2.77393 0.061036
2.77316 0.061566
2.77239 0.062023
2.77162 0.062466
2.77085 0.062874
2.77008 0.063223
2.76932 0.063762
2.76855 0.064453
2.76778 0.064863
2.76702 0.065501
2.76625 0.066086
2.76549 0.066978
2.76472 0.067909
2.76396 0.06878
2.76319 0.069956
2.76243 0.070901
2.76167 0.071695
2.76091 0.072371
2.76014 0.072842
2.75938 0.073455
2.75862 0.074024
2.75786 0.07454
2.7571 0.075533
2.75634 0.07658
2.75558 0.077944
2.75482 0.0791
2.75406 0.080395
2.7533 0.081921
2.75255 0.083239
2.75179 0.084148
2.75103 0.08457
2.75028 0.085183
2.74952 0.08593
2.74876 0.087014
2.74801 0.087769
2.74725 0.088571
2.7465 0.089272
2.74574 0.090245
2.74499 0.091384
2.74424 0.092308
2.74348 0.093085
2.74273 0.0936
2.74198 0.094221
2.74123 0.095007
2.74048 0.095835
2.73973 0.096878
2.73898 0.098086
2.73823 0.099495
2.73748 0.10054
2.73673 0.10179
2.73598 0.10303
2.73523 0.10418
2.73448 0.10528
2.73373 0.10597
2.73299 0.10718
2.73224 0.1083
2.73149 0.10938
2.73075 0.11047
2.73 0.11148
2.72926 0.11248
2.72851 0.11333
2.72777 0.11403
2.72702 0.11498
2.72628 0.11582
2.72554 0.11669
2.7248 0.11797
2.72405 0.11882
2.72331 0.11973
2.72257 0.11999
2.72183 0.12092
2.72109 0.12245
2.72035 0.12391
2.71961 0.12527
2.71887 0.12647
2.71813 0.12781
2.71739 0.12895
2.71665 0.12999
2.71592 0.13041
2.71518 0.13107
2.71444 0.13173
2.7137 0.13247
2.71297 0.1335
2.71223 0.1337
2.7115 0.13428
2.71076 0.13483
2.71003 0.13588
2.70929 0.13693
2.70856 0.13807
2.70783 0.13893
2.70709 0.1398
2.70636 0.14043
2.70563 0.14156
2.7049 0.1427
2.70416 0.14403
2.70343 0.14507
2.7027 0.14589
2.70197 0.14631
2.70124 0.14716
2.70051 0.14804
2.69978 0.14918
2.69906 0.15027
2.69833 0.1513
2.6976 0.15205
2.69687 0.15279
2.69614 0.15321
2.69542 0.1543
2.69469 0.15533
2.69397 0.15649
2.69324 0.1574
2.69251 0.15832
2.69179 0.15911
2.69107 0.16034
2.69034 0.16146
2.68962 0.16274
2.68889 0.16372
2.68817 0.16459
2.68745 0.16542
2.68673 0.16596
2.68601 0.16643
2.68528 0.16677
2.68456 0.16674
2.68384 0.16715
2.68312 0.16784
2.6824 0.16854
2.68168 0.16958
2.68097 0.17044
2.68025 0.17133
2.67953 0.17247
2.67881 0.17286
2.67809 0.17328
2.67738 0.17343
2.67666 0.17425
2.67594 0.17477
2.67523 0.17531
2.67451 0.17535
2.6738 0.17555
2.67308 0.17579
2.67237 0.17627
2.67165 0.17679
2.67094 0.17751
2.67023 0.17783
2.66951 0.17831
2.6688 0.17872
2.66809 0.17937
2.66738 0.18029
2.66667 0.18108
2.66596 0.18182
2.66525 0.18253
2.66454 0.18306
2.66383 0.18349
2.66312 0.18375
2.66241 0.18415
2.6617 0.18443
2.66099 0.18468
2.66028 0.1847
2.65957 0.18484
2.65887 0.185
2.65816 0.18536
2.65745 0.18576
2.65675 0.18628
2.65604 0.18656
2.65534 0.18706
2.65463 0.18762
2.65393 0.18843
2.65322 0.18955
2.65252 0.19019
2.65182 0.19074
2.65111 0.19099
2.65041 0.19153
2.64971 0.19211
2.64901 0.19281
2.64831 0.19313
2.6476 0.19332
2.6469 0.19316
2.6462 0.19296
2.6455 0.19334
2.6448 0.19413
2.6441 0.19524
2.6434 0.19595
2.64271 0.19612
2.64201 0.19653
2.64131 0.19698
2.64061 0.1977
2.63992 0.19803
2.63922 0.19816
2.63852 0.1984
2.63783 0.19836
2.63713 0.19824
2.63644 0.19836
2.63574 0.19853
2.63505 0.1991
2.63435 0.19917
2.63366 0.19923
2.63296 0.19929
2.63227 0.19929
2.63158 0.19945
2.63089 0.19982
2.63019 0.20013
2.6295 0.20029
2.62881 0.20022
2.62812 0.20029
2.62743 0.2005
2.62674 0.20095
2.62605 0.20133
2.62536 0.20175
2.62467 0.20119
2.62398 0.20101
2.62329 0.20052
2.62261 0.20121
2.62192 0.20167
2.62123 0.20214
2.62055 0.20277
2.61986 0.20322
2.61917 0.20365
2.61849 0.204
2.6178 0.2045
2.61712 0.20526
2.61643 0.20596
2.61575 0.20634
2.61506 0.2065
2.61438 0.20625
2.6137 0.20622
2.61301 0.2064
2.61233 0.20636
2.61165 0.20637
2.61097 0.20612
2.61028 0.20605
2.6096 0.20614
2.60892 0.20618
2.60824 0.20662
2.60756 0.20743
2.60688 0.20784
2.6062 0.20824
2.60552 0.20825
2.60485 0.20914
2.60417 0.20988
2.60349 0.21083
2.60281 0.21109
2.60213 0.21114
2.60146 0.21071
2.60078 0.21078
2.6001 0.21068
2.59943 0.21076
2.59875 0.20998
2.59808 0.20949
2.5974 0.20893
2.59673 0.20886
2.59605 0.20925
2.59538 0.20983
2.59471 0.21024
2.59403 0.21065
2.59336 0.21113
2.59269 0.21145
2.59202 0.21179
2.59134 0.21196
2.59067 0.21216
2.59 0.21247
2.58933 0.2126
2.58866 0.21262
2.58799 0.21249
2.58732 0.21251
2.58665 0.21257
2.58598 0.21284
2.58532 0.21285
2.58465 0.21286
2.58398 0.21271
2.58331 0.21287
2.58264 0.2132
2.58198 0.21382
2.58131 0.21388
2.58065 0.21362
2.57998 0.21334
2.57931 0.21331
2.57865 0.21363
2.57798 0.21358
2.57732 0.21369
2.57666 0.21385
2.57599 0.21412
2.57533 0.21443
2.57467 0.21478
2.574 0.21489
2.57334 0.21539
2.57268 0.21627
2.57202 0.21672
2.57136 0.21701
2.57069 0.21655
2.57003 0.21649
2.56937 0.21668
2.56871 0.21676
2.56805 0.21649
2.56739 0.21596
2.56674 0.21533
2.56608 0.21511
2.56542 0.21522
2.56476 0.21552
2.5641 0.21556
2.56345 0.21539
2.56279 0.21515
2.56213 0.21528
2.56148 0.21583
2.56082 0.21636
2.56016 0.2166
2.55951 0.21649
2.55885 0.2163
2.5582 0.21611
2.55754 0.2158
2.55689 0.21584
2.55624 0.21604
2.55558 0.21666
2.55493 0.21678
2.55428 0.21665
2.55363 0.21613
2.55297 0.21603
2.55232 0.21619
2.55167 0.21644
2.55102 0.21669
2.55037 0.21691
2.54972 0.21714
2.54907 0.21718
2.54842 0.21689
2.54777 0.21714
2.54712 0.21712
2.54647 0.21709
2.54582 0.21705
2.54518 0.21675
2.54453 0.21714
2.54388 0.21732
2.54324 0.21754
2.54259 0.21705
2.54194 0.21678
2.5413 0.21633
2.54065 0.21641
2.54 0.21636
2.53936 0.21625
2.53872 0.21613
2.53807 0.21614
2.53743 0.21622
2.53678 0.21651
2.53614 0.21673
2.5355 0.21702
2.53485 0.21694
2.53421 0.21696
2.53357 0.21703
2.53293 0.21687
2.53229 0.21668
2.53165 0.21632
2.531 0.21622
2.53036 0.21638
2.52972 0.21637
2.52908 0.21629
2.52845 0.21609
2.52781 0.21608
2.52717 0.21596
2.52653 0.21587
2.52589 0.21555
2.52525 0.21538
2.52462 0.21531
2.52398 0.21539
2.52334 0.21543
2.5227 0.21543
2.52207 0.21558
2.52143 0.21582
2.5208 0.21639
2.52016 0.21649
2.51953 0.2164
2.51889 0.216
2.51826 0.21618
2.51762 0.21676
2.51699 0.21714
2.51636 0.21709
2.51572 0.21652
2.51509 0.21634
2.51446 0.21605
2.51383 0.2158
2.51319 0.21536
2.51256 0.2151
2.51193 0.21501
2.5113 0.21483
2.51067 0.21473
2.51004 0.21464
2.50941 0.21471
2.50878 0.2148
2.50815 0.21489
2.50752 0.2151
2.50689 0.2154
2.50627 0.21558
2.50564 0.21573
2.50501 0.21575
2.50438 0.21597
2.50376 0.21608
2.50313 0.21616
2.5025 0.21615
2.50188 0.21608
2.50125 0.21593
2.50063 0.21585
2.5 0.21576
2.49938 0.21568
2.49875 0.21566
2.49813 0.21572
2.4975 0.21593
2.49688 0.21635
2.49626 0.21649
2.49563 0.21645
2.49501 0.21638
2.49439 0.21605
2.49377 0.21633
2.49314 0.21615
2.49252 0.21582
2.4919 0.2152
2.49128 0.21492
2.49066 0.21493
2.49004 0.21492
2.48942 0.21508
2.4888 0.21544
2.48818 0.21576
2.48756 0.21599
2.48694 0.21604
2.48633 0.21635
2.48571 0.21645
2.48509 0.21648
2.48447 0.21626
2.48386 0.21604
2.48324 0.21577
2.48262 0.2157
2.48201 0.21572
2.48139 0.21578
2.48077 0.21598
2.48016 0.21622
2.47954 0.21653
2.47893 0.21674
2.47831 0.2168
2.4777 0.21701
2.47709 0.21687
2.47647 0.21641
2.47586 0.21608
2.47525 0.21583
2.47463 0.21584
2.47402 0.21577
2.47341 0.21571
2.4728 0.21563
2.47219 0.21587
2.47158 0.21623
2.47097 0.21656
2.47036 0.21681
2.46975 0.21685
2.46914 0.21711
2.46853 0.21714
2.46792 0.21686
2.46731 0.2172
2.4667 0.21741
2.46609 0.2179
2.46548 0.21766
2.46488 0.21749
2.46427 0.21725
2.46366 0.21687
2.46305 0.21678
2.46245 0.21689
2.46184 0.21705
2.46124 0.21714
2.46063 0.21694
2.46002 0.21694
2.45942 0.21704
2.45881 0.21717
2.45821 0.2173
2.45761 0.21745
2.457 0.21762
2.4564 0.21766
2.4558 0.21757
2.45519 0.21757
2.45459 0.21784
2.45399 0.21854
2.45339 0.2187
2.45278 0.21852
2.45218 0.21765
2.45158 0.21708
2.45098 0.21681
2.45038 0.21701
2.44978 0.21679
2.44918 0.21669
2.44858 0.21646
2.44798 0.21626
2.44738 0.21624
2.44678 0.21604
2.44618 0.21607
2.44559 0.21639
2.44499 0.21627
2.44439 0.2164
2.44379 0.21655
2.4432 0.21678
2.4426 0.21703
2.442 0.21719
2.44141 0.21745
2.44081 0.21745
2.44021 0.21707
2.43962 0.21677
2.43902 0.21667
2.43843 0.21675
2.43784 0.21697
2.43724 0.21738
2.43665 0.21758
2.43605 0.21782
2.43546 0.21797
2.43487 0.21853
2.43427 0.2187
2.43368 0.21869
2.43309 0.21856
2.4325 0.2185
2.43191 0.21858
2.43132 0.21844
2.43072 0.21835
2.43013 0.21835
2.42954 0.21798
2.42895 0.21779
2.42836 0.21754
2.42777 0.21762
2.42718 0.21776
2.4266 0.21801
2.42601 0.21807
2.42542 0.21811
2.42483 0.21805
2.42424 0.21825
2.42365 0.21871
2.42307 0.21899
2.42248 0.21913
2.42189 0.21912
2.42131 0.21894
2.42072 0.21895
2.42014 0.21892
2.41955 0.21964
2.41896 0.21999
2.41838 0.22028
2.41779 0.22033
2.41721 0.22049
2.41663 0.22099
2.41604 0.2211
2.41546 0.22105
2.41488 0.22061
2.41429 0.22041
2.41371 0.2202
2.41313 0.22038
2.41255 0.22049
2.41196 0.22067
2.41138 0.22081
2.4108 0.22087
2.41022 0.22093
2.40964 0.22075
2.40906 0.22076
2.40848 0.22092
2.4079 0.22078
2.40732 0.22091
2.40674 0.22115
2.40616 0.22139
2.40558 0.2215
2.405 0.22108
2.40442 0.22125
2.40385 0.22174
2.40327 0.22184
2.40269 0.22188
2.40211 0.22147
2.40154 0.22195
2.40096 0.22242
2.40038 0.22314
2.39981 0.22362
2.39923 0.22369
2.39866 0.2233
2.39808 0.22289
2.39751 0.22296
2.39693 0.2236
2.39636 0.22429
2.39578 0.22472
2.39521 0.22493
2.39464 0.22489
2.39406 0.2246
2.39349 0.22418
2.39292 0.22402
2.39234 0.22395
2.39177 0.22447
2.3912 0.22483
2.39063 0.22532
2.39006 0.22584
2.38949 0.22625
2.38892 0.22683
2.38834 0.22686
2.38777 0.22719
2.3872 0.22778
2.38663 0.22815
2.38607 0.22843
2.3855 0.22835
2.38493 0.22872
2.38436 0.22897
2.38379 0.22926
2.38322 0.22937
2.38265 0.22929
2.38209 0.22931
2.38152 0.22947
2.38095 0.2298
2.38039 0.22997
2.37982 0.22995
2.37925 0.22965
2.37869 0.2296
2.37812 0.22971
2.37756 0.23012
2.37699 0.23021
2.37643 0.23063
2.37586 0.23114
2.3753 0.23235
2.37473 0.23312
2.37417 0.23358
2.37361 0.23403
2.37304 0.23417
2.37248 0.23466
2.37192 0.23485
2.37135 0.23481
2.37079 0.23449
2.37023 0.23444
2.36967 0.23443
2.36911 0.23473
2.36855 0.23499
2.36798 0.23519
2.36742 0.23579
2.36686 0.23626
2.3663 0.23689
2.36574 0.23702
2.36518 0.23711
2.36463 0.23701
2.36407 0.23713
2.36351 0.23734
2.36295 0.23762
2.36239 0.23778
2.36183 0.23781
2.36128 0.23819
2.36072 0.23849
2.36016 0.23893
2.3596 0.23898
2.35905 0.23903
2.35849 0.23894
2.35793 0.23916
2.35738 0.23944
2.35682 0.23995
2.35627 0.2403
2.35571 0.24069
2.35516 0.24125
2.3546 0.24132
2.35405 0.24119
2.35349 0.2409
2.35294 0.24107
2.35239 0.24163
2.35183 0.24237
2.35128 0.24291
2.35073 0.24351
2.35018 0.24355
2.34962 0.2438
2.34907 0.2441
2.34852 0.24417
2.34797 0.24429
2.34742 0.24423
2.34687 0.24444
2.34632 0.24449
2.34577 0.24428
2.34522 0.24435
2.34467 0.24447
2.34412 0.24476
2.34357 0.24505
2.34302 0.24533
2.34247 0.24567
2.34192 0.24587
2.34137 0.24597
2.34082 0.24593
2.34028 0.2459
2.33973 0.24579
2.33918 0.24582
2.33863 0.24593
2.33809 0.24615
2.33754 0.24657
2.33699 0.24677
2.33645 0.24684
2.3359 0.2469
2.33536 0.24712
2.33481 0.24765
2.33427 0.24812
2.33372 0.24864
2.33318 0.24877
2.33263 0.24906
2.33209 0.24928
2.33155 0.24943
2.331 0.24962
2.33046 0.24962
2.32992 0.24981
2.32937 0.25014
2.32883 0.25048
2.32829 0.25118
2.32775 0.2516
2.3272 0.25186
2.32666 0.25183
2.32612 0.25177
2.32558 0.25147
2.32504 0.25165
2.3245 0.25201
2.32396 0.2526
2.32342 0.25324
2.32288 0.25396
2.32234 0.25414
2.3218 0.25422
2.32126 0.25371
2.32072 0.25417
2.32019 0.25448
2.31965 0.25489
2.31911 0.2552
2.31857 0.25553
2.31803 0.25605
2.3175 0.25593
2.31696 0.25596
2.31642 0.25584
2.31589 0.25591
2.31535 0.25621
2.31481 0.25664
2.31428 0.25686
2.31374 0.2571
2.31321 0.25726
2.31267 0.25747
2.31214 0.25792
2.3116 0.25777
2.31107 0.25772
2.31054 0.25751
2.31 0.25785
2.30947 0.25817
2.30894 0.25872
2.3084 0.25871
2.30787 0.25902
2.30734 0.25949
2.30681 0.25986
2.30627 0.26042
2.30574 0.26078
2.30521 0.26108
2.30468 0.26145
2.30415 0.26169
2.30362 0.26179
2.30309 0.26189
2.30256 0.26177
2.30203 0.26191
2.3015 0.26238
2.30097 0.26225
2.30044 0.26234
2.29991 0.26228
2.29938 0.26273
2.29885 0.26297
2.29832 0.263
2.29779 0.26304
2.29727 0.26301
2.29674 0.26319
2.29621 0.2631
2.29568 0.26287
2.29516 0.26267
2.29463 0.26282
2.2941 0.26336
2.29358 0.26398
2.29305 0.26452
2.29253 0.26518
2.292 0.26531
2.29148 0.26546
2.29095 0.26537
2.29043 0.26555
2.2899 0.26575
2.28938 0.26602
2.28885 0.26617
2.28833 0.2663
2.28781 0.26613
2.28728 0.2662
2.28676 0.26628
2.28624 0.26693
2.28571 0.2672
2.28519 0.26743
2.28467 0.26711
2.28415 0.267
2.28363 0.26688
2.28311 0.26731
2.28258 0.26768
2.28206 0.26828
2.28154 0.26864
2.28102 0.26879
2.2805 0.26871
2.27998 0.26875
2.27946 0.26868
2.27894 0.26889
2.27842 0.26912
2.2779 0.26941
2.27739 0.26959
2.27687 0.26983
2.27635 0.27001
2.27583 0.27042
2.27531 0.27068
2.2748 0.27088
2.27428 0.27077
2.27376 0.27086
2.27324 0.27096
2.27273 0.27143
2.27221 0.27174
2.27169 0.27201
2.27118 0.27207
2.27066 0.27192
2.27015 0.27193
2.26963 0.27203
2.26912 0.27231
2.2686 0.2721
2.26809 0.27198
2.26757 0.27167
2.26706 0.27201
2.26655 0.27232
2.26603 0.27281
2.26552 0.27345
2.26501 0.27367
2.26449 0.27371
2.26398 0.27332
2.26347 0.27329
2.26296 0.27369
2.26244 0.27393
2.26193 0.27428
2.26142 0.27439
2.26091 0.27434
2.2604 0.27414
2.25989 0.27423
2.25938 0.27441
2.25887 0.27497
2.25836 0.27478
2.25785 0.27488
2.25734 0.27496
2.25683 0.27542
2.25632 0.27574
2.25581 0.27594
2.2553 0.27605
2.25479 0.27612
2.25428 0.27604
2.25378 0.27619
2.25327 0.27643
2.25276 0.2766
2.25225 0.27675
2.25174 0.27676
2.25124 0.27705
2.25073 0.27715
2.25023 0.27714
2.24972 0.2771
2.24921 0.27712
2.24871 0.27723
2.2482 0.27739
2.2477 0.27739
2.24719 0.27731
2.24669 0.27694
2.24618 0.27685
2.24568 0.27688
2.24517 0.27722
2.24467 0.27791
2.24417 0.27816
2.24366 0.27831
2.24316 0.2781
2.24266 0.27866
2.24215 0.27903
2.24165 0.27954
2.24115 0.27943
2.24065 0.27944
2.24014 0.27937
2.23964 0.27946
2.23914 0.27961
2.23864 0.27978
2.23814 0.2802
2.23764 0.2805
2.23714 0.28078
2.23664 0.28096
2.23614 0.28095
2.23564 0.28132
2.23514 0.28153
2.23464 0.28183
2.23414 0.28163
2.23364 0.28162
2.23314 0.28164
2.23264 0.28175
2.23214 0.28188
2.23164 0.282
2.23115 0.28209
2.23065 0.2823
2.23015 0.28256
2.22965 0.28289
2.22916 0.2832
2.22866 0.28348
2.22816 0.28363
2.22767 0.28376
2.22717 0.28363
2.22668 0.28356
2.22618 0.28341
2.22568 0.28394
2.22519 0.28426
2.22469 0.28478
2.2242 0.28494
2.2237 0.28495
2.22321 0.28488
2.22272 0.28457
2.22222 0.28455
2.22173 0.28487
2.22124 0.28499
2.22074 0.28519
2.22025 0.28526
2.21976 0.28538
2.21926 0.2856
2.21877 0.28569
2.21828 0.28579
2.21779 0.2859
2.21729 0.28584
2.2168 0.28609
2.21631 0.28653
2.21582 0.28698
2.21533 0.28734
2.21484 0.28759
2.21435 0.28755
2.21386 0.28762
2.21337 0.28752
2.21288 0.28763
2.21239 0.28798
2.2119 0.28806
2.21141 0.28817
2.21092 0.28823
2.21043 0.28844
2.20994 0.28867
2.20946 0.28905
2.20897 0.28898
2.20848 0.2889
2.20799 0.28854
2.20751 0.28878
2.20702 0.28899
2.20653 0.28943
2.20604 0.28952
2.20556 0.2896
2.20507 0.28963
2.20459 0.28957
2.2041 0.28943
2.20361 0.28951
2.20313 0.2896
2.20264 0.2899
2.20216 0.28961
2.20167 0.2896
2.20119 0.28961
2.2007 0.29004
2.20022 0.29015
2.19974 0.29002
2.19925 0.28973
2.19877 0.28967
2.19829 0.28984
2.1978 0.29012
2.19732 0.2903
2.19684 0.29036
2.19635 0.29045
2.19587 0.29051
2.19539 0.29042
2.19491 0.2906
2.19443 0.29087
2.19394 0.29131
2.19346 0.29148
2.19298 0.29136
2.1925 0.29117
2.19202 0.29122
2.19154 0.29141
2.19106 0.29205
2.19058 0.29225
2.1901 0.29227
2.18962 0.29191
2.18914 0.29105
2.18866 0.29063
2.18818 0.29064
2.18771 0.2911
2.18723 0.29149
2.18675 0.29175
2.18627 0.29193
2.18579 0.29202
2.18531 0.29212
2.18484 0.29221
2.18436 0.29215
2.18388 0.29215
2.18341 0.29209
2.18293 0.29201
2.18245 0.29211
2.18198 0.29228
2.1815 0.29252
2.18103 0.29295
2.18055 0.29294
2.18007 0.29305
2.1796 0.29311
2.17912 0.29332
2.17865 0.29332
2.17817 0.2931
2.1777 0.29284
2.17723 0.2929
2.17675 0.2932
2.17628 0.29389
2.17581 0.29421
2.17533 0.2944
2.17486 0.29408
2.17439 0.29371
2.17391 0.29306
2.17344 0.29287
2.17297 0.29287
2.1725 0.2932
2.17202 0.29339
2.17155 0.29349
2.17108 0.29373
2.17061 0.29385
2.17014 0.29389
2.16967 0.29405
2.1692 0.29413
2.16873 0.29432
2.16826 0.29405
2.16779 0.29385
2.16732 0.29352
2.16685 0.29346
2.16638 0.29356
2.16591 0.29375
2.16544 0.29402
2.16497 0.29439
2.1645 0.29476
2.16403 0.2949
2.16357 0.29478
2.1631 0.29484
2.16263 0.29493
2.16216 0.29521
2.16169 0.29513
2.16123 0.29514
2.16076 0.29515
2.16029 0.29508
2.15983 0.2951
2.15936 0.29506
2.15889 0.29514
2.15843 0.2954
2.15796 0.29526
2.1575 0.29514
2.15703 0.29486
2.15657 0.29484
2.1561 0.29478
2.15564 0.29474
2.15517 0.29448
2.15471 0.29442
2.15424 0.29442
2.15378 0.29467
2.15332 0.29492
2.15285 0.29523
2.15239 0.29538
2.15193 0.2955
2.15146 0.29544
2.151 0.29539
2.15054 0.29532
2.15008 0.29529
2.14961 0.29523
2.14915 0.29516
2.14869 0.29509
2.14823 0.29515
2.14777 0.29536
2.14731 0.29558
2.14684 0.29575
2.14638 0.29592
2.14592 0.29579
2.14546 0.29581
2.145 0.29589
2.14454 0.2959
2.14408 0.29601
2.14362 0.29592
2.14316 0.29585
2.1427 0.29582
2.14225 0.29568
2.14179 0.29574
2.14133 0.29602
2.14087 0.296
2.14041 0.29599
2.13995 0.29579
2.1395 0.29574
2.13904 0.29572
2.13858 0.29571
2.13812 0.29569
2.13767 0.29573
2.13721 0.2958
2.13675 0.29596
2.1363 0.29628
2.13584 0.2963
2.13538 0.2963
2.13493 0.29614
2.13447 0.29605
2.13402 0.296
2.13356 0.29595
2.13311 0.29596
2.13265 0.29594
2.1322 0.29589
2.13174 0.29577
2.13129 0.29568
2.13083 0.29534
2.13038 0.29569
2.12993 0.29642
2.12947 0.29735
2.12902 0.29757
2.12857 0.29714
2.12811 0.29685
2.12766 0.2964
2.12721 0.29585
2.12675 0.29539
2.1263 0.29513
2.12585 0.29529
2.1254 0.29517
2.12495 0.29518
2.1245 0.29526
2.12404 0.29535
2.12359 0.29555
2.12314 0.29562
2.12269 0.29552
2.12224 0.2953
2.12179 0.29486
2.12134 0.29469
2.12089 0.29465
2.12044 0.29476
2.11999 0.29486
2.11954 0.29497
2.11909 0.29496
2.11864 0.29507
2.1182 0.29524
2.11775 0.29533
2.1173 0.29549
2.11685 0.29531
2.1164 0.29534
2.11595 0.29545
2.11551 0.29568
2.11506 0.29577
2.11461 0.29577
2.11416 0.29573
2.11372 0.29549
2.11327 0.29501
2.11282 0.29458
2.11238 0.29436
2.11193 0.29445
2.11149 0.29442
2.11104 0.29441
2.1106 0.29438
2.11015 0.29431
2.1097 0.29423
2.10926 0.29417
2.10881 0.29424
2.10837 0.29448
2.10793 0.29475
2.10748 0.29489
2.10704 0.29501
2.10659 0.29485
2.10615 0.29466
2.10571 0.29426
2.10526 0.2942
2.10482 0.2942
2.10438 0.29444
2.10393 0.29455
2.10349 0.29462
2.10305 0.29436
2.10261 0.29435
2.10217 0.2944
2.10172 0.29417
2.10128 0.29391
2.10084 0.29323
2.1004 0.29317
2.09996 0.29311
2.09952 0.29313
2.09908 0.29325
2.09864 0.29333
2.0982 0.29348
2.09776 0.29344
2.09732 0.29329
2.09688 0.29314
2.09644 0.29305
2.096 0.29303
2.09556 0.29275
2.09512 0.29262
2.09468 0.29249
2.09424 0.29264
2.0938 0.29259
2.09336 0.29237
2.09293 0.29223
2.09249 0.2921
2.09205 0.29207
2.09161 0.29197
2.09118 0.29193
2.09074 0.29206
2.0903 0.29193
2.08986 0.29167
2.08943 0.29142
2.08899 0.2915
2.08855 0.29195
2.08812 0.29235
2.08768 0.29248
2.08725 0.2924
2.08681 0.29217
2.08638 0.29206
2.08594 0.29201
2.08551 0.29209
2.08507 0.29213
2.08464 0.29219
2.0842 0.29222
2.08377 0.29221
2.08333 0.29222
2.0829 0.29233
2.08247 0.29254
2.08203 0.29264
2.0816 0.29254
2.08117 0.29219
2.08073 0.29164
2.0803 0.29135
2.07987 0.29115
2.07943 0.2914
2.079 0.29147
2.07857 0.29148
2.07814 0.29143
2.07771 0.29125
2.07727 0.29136
2.07684 0.29131
2.07641 0.29123
2.07598 0.29127
2.07555 0.29134
2.07512 0.29164
2.07469 0.29154
2.07426 0.29146
2.07383 0.29132
2.0734 0.29127
2.07297 0.29109
2.07254 0.29076
2.07211 0.29047
2.07168 0.29026
2.07125 0.29023
2.07082 0.29014
2.07039 0.29008
2.06996 0.28973
2.06954 0.28957
2.06911 0.2894
2.06868 0.28952
2.06825 0.28963
2.06782 0.28976
2.0674 0.2898
2.06697 0.28989
2.06654 0.29002
2.06612 0.29014
2.06569 0.29002
2.06526 0.2895
2.06484 0.28925
2.06441 0.28898
2.06398 0.28908
2.06356 0.28904
2.06313 0.28894
2.06271 0.2888
2.06228 0.2887
2.06186 0.28858
2.06143 0.28871
2.06101 0.28871
2.06058 0.28871
2.06016 0.28858
2.05973 0.28853
2.05931 0.28864
2.05888 0.28867
2.05846 0.28871
2.05804 0.28853
2.05761 0.28841
2.05719 0.28826
2.05677 0.28812
2.05634 0.28799
2.05592 0.28783
2.0555 0.28775
2.05508 0.28764
2.05465 0.28751
2.05423 0.28719
2.05381 0.28707
2.05339 0.28709
2.05297 0.28702
2.05255 0.28707
2.05212 0.28698
2.0517 0.2867
2.05128 0.28633
2.05086 0.28591
2.05044 0.28573
2.05002 0.28585
2.0496 0.28591
2.04918 0.28588
2.04876 0.28582
2.04834 0.28548
2.04792 0.28528
2.0475 0.2851
2.04708 0.28499
2.04666 0.28499
2.04625 0.28504
2.04583 0.28503
2.04541 0.28508
2.04499 0.28513
2.04457 0.28514
2.04415 0.28523
2.04374 0.28504
2.04332 0.28493
2.0429 0.28484
2.04248 0.28469
2.04207 0.28457
2.04165 0.28443
2.04123 0.28426
2.04082 0.28414
2.0404 0.28379
2.03998 0.28367
2.03957 0.28366
2.03915 0.28375
2.03874 0.28377
2.03832 0.28373
2.0379 0.28371
2.03749 0.28364
2.03707 0.28352
2.03666 0.2834
2.03625 0.28326
2.03583 0.28311
2.03542 0.28296
2.035 0.28281
2.03459 0.2827
2.03417 0.28252
2.03376 0.28229
2.03335 0.28221
2.03293 0.28208
2.03252 0.28203
2.03211 0.28172
2.03169 0.28153
2.03128 0.28142
2.03087 0.28125
2.03046 0.28114
2.03004 0.28105
2.02963 0.28092
2.02922 0.28084
2.02881 0.28072
2.0284 0.28073
2.02799 0.2809
2.02758 0.28078
2.02716 0.28078
2.02675 0.28077
2.02634 0.28073
2.02593 0.28062
2.02552 0.28033
2.02511 0.28018
2.0247 0.28011
2.02429 0.28013
2.02388 0.28015
2.02347 0.28024
2.02306 0.28026
2.02265 0.28019
2.02224 0.28003
2.02184 0.27996
2.02143 0.27993
2.02102 0.28006
2.02061 0.27978
2.0202 0.27961
2.01979 0.27933
2.01939 0.2794
2.01898 0.27935
2.01857 0.2792
2.01816 0.27917
2.01776 0.27911
2.01735 0.27932
2.01694 0.27924
2.01654 0.27902
2.01613 0.27889
2.01572 0.27877
2.01532 0.2788
2.01491 0.27865
2.0145 0.27857
2.0141 0.27849
2.01369 0.27885
2.01329 0.27895
2.01288 0.27909
2.01248 0.27881
2.01207 0.2786
2.01167 0.27852
2.01126 0.27837
2.01086 0.27823
2.01045 0.27809
2.01005 0.27793
2.00965 0.27773
2.00924 0.27768
2.00884 0.27773
2.00844 0.27801
2.00803 0.27804
2.00763 0.27802
2.00723 0.27787
2.00682 0.27778
2.00642 0.27771
2.00602 0.2776
2.00562 0.27756
2.00521 0.27756
2.00481 0.27745
2.00441 0.27729
2.00401 0.27694
2.00361 0.27696
2.00321 0.27702
2.0028 0.27731
2.0024 0.27728
2.002 0.27719
2.0016 0.27689
2.0012 0.27683
2.0008 0.27686
2.0004 0.27689
2.0 0.27673
1.9996 0.27633
1.9992 0.27632
1.9988 0.27632
1.9984 0.27654
1.998 0.27657
1.9976 0.27653
1.9972 0.27643
1.99681 0.2763
1.99641 0.27617
1.99601 0.27606
1.99561 0.27605
1.99521 0.27608
1.99481 0.27601
1.99442 0.27602
1.99402 0.27594
1.99362 0.27602
1.99322 0.27615
1.99283 0.27627
1.99243 0.27646
1.99203 0.27643
1.99164 0.2761
1.99124 0.276
1.99084 0.27593
1.99045 0.2761
1.99005 0.27596
1.98965 0.27566
1.98926 0.2756
1.98886 0.27563
1.98847 0.27592
1.98807 0.27586
1.98768 0.27587
1.98728 0.27586
1.98689 0.2758
1.98649 0.27586
1.9861 0.27596
1.9857 0.27627
1.98531 0.27643
1.98491 0.27653
1.98452 0.27649
1.98413 0.27632
1.98373 0.27602
1.98334 0.27584
1.98295 0.27564
1.98255 0.27565
1.98216 0.2756
1.98177 0.27553
1.98138 0.27556
1.98098 0.2756
1.98059 0.27575
1.9802 0.27568
1.97981 0.27558
1.97941 0.27535
1.97902 0.27518
1.97863 0.27502
1.97824 0.27491
1.97785 0.27497
1.97746 0.27516
1.97707 0.27545
1.97668 0.27556
1.97628 0.27558
1.97589 0.27537
1.9755 0.27522
1.97511 0.27501
1.97472 0.27502
1.97433 0.27496
1.97394 0.27484
1.97355 0.27488
1.97316 0.27494
1.97278 0.27511
1.97239 0.27517
1.972 0.27509
1.97161 0.27511
1.97122 0.2752
1.97083 0.27539
1.97044 0.27552
1.97006 0.27553
1.96967 0.27533
1.96928 0.27518
1.96889 0.27511
1.9685 0.27518
1.96812 0.27515
1.96773 0.2751
1.96734 0.27506
1.96696 0.27514
1.96657 0.2754
1.96618 0.27529
1.9658 0.27526
1.96541 0.27511
1.96502 0.2752
1.96464 0.2753
1.96425 0.27544
1.96386 0.27553
1.96348 0.27555
1.96309 0.27546
1.96271 0.2753
1.96232 0.27507
1.96194 0.27475
1.96155 0.2746
1.96117 0.27455
1.96078 0.27456
1.9604 0.27461
1.96002 0.27471
1.95963 0.27482
1.95925 0.27485
1.95886 0.2747
1.95848 0.27491
1.9581 0.27488
1.95771 0.27476
1.95733 0.27468
1.95695 0.27439
1.95656 0.27454
1.95618 0.27461
1.9558 0.2747
1.95542 0.27465
1.95503 0.27477
1.95465 0.27496
1.95427 0.27531
1.95389 0.2754
1.95351 0.27521
1.95312 0.27513
1.95274 0.27496
1.95236 0.27511
1.95198 0.27515
1.9516 0.27518
1.95122 0.27508
1.95084 0.27493
1.95046 0.27469
1.95008 0.27452
1.9497 0.27445
1.94932 0.27452
1.94894 0.27454
1.94856 0.27456
1.94818 0.27453
1.9478 0.27461
1.94742 0.27475
1.94704 0.27498
1.94666 0.27508
1.94628 0.27514
1.9459 0.27494
1.94553 0.27486
1.94515 0.27473
1.94477 0.275
1.94439 0.27509
1.94401 0.27515
1.94363 0.27505
1.94326 0.27503
1.94288 0.2751
1.9425 0.27518
1.94212 0.27529
1.94175 0.27551
1.94137 0.27563
1.94099 0.27576
1.94062 0.27568
1.94024 0.27564
1.93986 0.27554
1.93949 0.27571
1.93911 0.27582
1.93874 0.27611
1.93836 0.27577
1.93798 0.27559
1.93761 0.27521
1.93723 0.2753
1.93686 0.27581
1.93648 0.27604
1.93611 0.2761
1.93573 0.27586
1.93536 0.27582
1.93498 0.27585
1.93461 0.27594
1.93424 0.27608
1.93386 0.27625
1.93349 0.27651
1.93311 0.27668
1.93274 0.27671
1.93237 0.27643
1.93199 0.27643
1.93162 0.27648
1.93125 0.27671
1.93087 0.2769
1.9305 0.27705
1.93013 0.27725
1.92976 0.27737
1.92938 0.27738
1.92901 0.27737
1.92864 0.2774
1.92827 0.27745
1.9279 0.27754
1.92753 0.27768
1.92715 0.27779
1.92678 0.27796
1.92641 0.27816
1.92604 0.27837
1.92567 0.2785
1.9253 0.27854
1.92493 0.2785
1.92456 0.27849
1.92419 0.27841
1.92382 0.27843
1.92345 0.27862
1.92308 0.27902
1.92271 0.27931
1.92234 0.27966
1.92197 0.27985
1.9216 0.28005
1.92123 0.2803
1.92086 0.28038
1.92049 0.28034
1.92012 0.2801
1.91975 0.28
1.91939 0.2799
1.91902 0.27984
1.91865 0.27986
1.91828 0.28005
1.91791 0.28051
1.91755 0.28096
1.91718 0.28157
1.91681 0.28154
1.91644 0.28141
1.91608 0.28082
1.91571 0.28075
1.91534 0.28076
1.91498 0.28089
1.91461 0.28116
1.91424 0.28139
1.91388 0.28168
1.91351 0.28185
1.91314 0.28192
1.91278 0.28202
1.91241 0.28225
1.91205 0.2826
1.91168 0.28265
1.91131 0.28272
1.91095 0.2826
1.91058 0.28275
1.91022 0.28299
1.90985 0.28334
1.90949 0.28365
1.90913 0.28384
1.90876 0.28379
1.9084 0.28398
1.90803 0.28423
1.90767 0.28443
1.90731 0.28464
1.90694 0.28474
1.90658 0.28485
1.90621 0.28505
1.90585 0.28524
1.90549 0.28535
1.90512 0.28544
1.90476 0.28532
1.9044 0.28537
1.90404 0.28562
1.90367 0.28609
1.90331 0.2865
1.90295 0.28708
1.90259 0.28713
1.90223 0.28722
1.90186 0.28712
1.9015 0.28756
1.90114 0.28775
1.90078 0.28791
1.90042 0.28806
1.90006 0.28817
1.8997 0.28847
1.89934 0.28852
1.89897 0.28835
1.89861 0.28831
1.89825 0.28834
1.89789 0.28846
1.89753 0.28841
1.89717 0.28826
1.89681 0.28788
1.89645 0.28781
1.89609 0.28796
1.89573 0.2885
1.89538 0.28895
1.89502 0.28919
1.89466 0.28925
1.8943 0.28919
1.89394 0.28892
1.89358 0.28907
1.89322 0.28925
1.89286 0.28971
1.89251 0.28993
1.89215 0.28988
1.89179 0.28955
1.89143 0.28936
1.89107 0.28937
1.89072 0.28983
1.89036 0.29003
1.89 0.29015
1.88964 0.29009
1.88929 0.29015
1.88893 0.2902
1.88857 0.2904
1.88822 0.29052
1.88786 0.29064
1.8875 0.29047
1.88715 0.29051
1.88679 0.29057
1.88644 0.29097
1.88608 0.2912
1.88573 0.29129
1.88537 0.29134
1.88501 0.29127
1.88466 0.29129
1.8843 0.29114
1.88395 0.29085
1.88359 0.29058
1.88324 0.29056
1.88288 0.29084
1.88253 0.29097
1.88218 0.29098
1.88182 0.2907
1.88147 0.29076
1.88111 0.29089
1.88076 0.29131
1.88041 0.29143
1.88005 0.29144
1.8797 0.29117
1.87935 0.29104
1.87899 0.29097
1.87864 0.29066
1.87829 0.29049
1.87793 0.2902
1.87758 0.29039
1.87723 0.29063
1.87688 0.29107
1.87652 0.29133
1.87617 0.29158
1.87582 0.29144
1.87547 0.29137
1.87512 0.2912
1.87477 0.29108
1.87441 0.29097
1.87406 0.29078
1.87371 0.29089
1.87336 0.29101
1.87301 0.29129
1.87266 0.29141
1.87231 0.29149
1.87196 0.2915
1.87161 0.29151
1.87126 0.2915
1.87091 0.29162
1.87056 0.29155
1.87021 0.29139
1.86986 0.29122
1.86951 0.29118
1.86916 0.29133
1.86881 0.29145
1.86846 0.29158
1.86811 0.29171
1.86776 0.29193
1.86741 0.2922
1.86706 0.29235
1.86672 0.29236
1.86637 0.29217
1.86602 0.29198
1.86567 0.2919
1.86532 0.29175
1.86498 0.2926
1.86463 0.29304
1.86428 0.29372
1.86393 0.29336
1.86359 0.29313
1.86324 0.29292
1.86289 0.29273
1.86254 0.29263
1.8622 0.29237
1.86185 0.2922
1.8615 0.29206
1.86116 0.29219
1.86081 0.29227
1.86047 0.29249
1.86012 0.29223
1.85977 0.29206
1.85943 0.29176
1.85908 0.29164
1.85874 0.29168
1.85839 0.29169
1.85805 0.29167
1.8577 0.29166
1.85736 0.29152
1.85701 0.29143
1.85667 0.2913
1.85632 0.29148
1.85598 0.29157
1.85563 0.29174
1.85529 0.29173
1.85494 0.29182
1.8546 0.29207
1.85426 0.29213
1.85391 0.29218
1.85357 0.29181
1.85322 0.2917
1.85288 0.29166
1.85254 0.29159
1.85219 0.29162
1.85185 0.2916
1.85151 0.29185
1.85117 0.29198
1.85082 0.29202
1.85048 0.29193
1.85014 0.29173
1.8498 0.29182
1.84945 0.29186
1.84911 0.29209
1.84877 0.29206
1.84843 0.2919
1.84809 0.29165
1.84775 0.29143
1.8474 0.29136
1.84706 0.29163
1.84672 0.29157
1.84638 0.2915
1.84604 0.29131
1.8457 0.2912
1.84536 0.29114
1.84502 0.29113
1.84468 0.29109
1.84434 0.29102
1.844 0.29135
1.84366 0.29163
1.84332 0.29218
1.84298 0.29237
1.84264 0.29236
1.8423 0.29214
1.84196 0.29175
1.84162 0.29156
1.84128 0.29159
1.84094 0.2916
1.8406 0.29175
1.84027 0.29175
1.83993 0.29176
1.83959 0.2918
1.83925 0.29174
1.83891 0.29165
1.83857 0.29146
1.83824 0.29152
1.8379 0.29148
1.83756 0.29148
1.83722 0.29142
1.83688 0.29124
1.83655 0.29109
1.83621 0.29104
1.83587 0.29101
1.83554 0.29116
1.8352 0.29108
1.83486 0.29077
1.83453 0.29059
1.83419 0.29064
1.83385 0.29112
1.83352 0.29127
1.83318 0.29138
1.83284 0.29121
1.83251 0.29112
1.83217 0.291
1.83184 0.29121
1.8315 0.29135
1.83117 0.29165
1.83083 0.29159
1.8305 0.29157
1.83016 0.29156
1.82983 0.29149
1.82949 0.29154
1.82916 0.29172
1.82882 0.29177
1.82849 0.29187
1.82815 0.29145
1.82782 0.29128
1.82749 0.29109
1.82715 0.29132
1.82682 0.29137
1.82648 0.29141
1.82615 0.29118
1.82582 0.29097
1.82548 0.29073
1.82515 0.29043
1.82482 0.29009
1.82448 0.28999
1.82415 0.28999
1.82382 0.29027
1.82349 0.29038
1.82315 0.29047
1.82282 0.29058
1.82249 0.29048
1.82216 0.29054
1.82183 0.2907
1.82149 0.29091
1.82116 0.29093
1.82083 0.29066
1.8205 0.29049
1.82017 0.29027
1.81984 0.29012
1.81951 0.29
1.81917 0.28983
1.81884 0.28994
1.81851 0.29005
1.81818 0.29029
1.81785 0.29028
1.81752 0.29037
1.81719 0.29051
1.81686 0.29059
1.81653 0.2907
1.8162 0.29059
1.81587 0.2904
1.81554 0.29004
1.81521 0.29003
1.81488 0.29009
1.81455 0.29046
1.81422 0.2905
1.81389 0.29052
1.81357 0.29049
1.81324 0.29038
1.81291 0.2902
1.81258 0.29022
1.81225 0.29012
1.81192 0.29008
1.81159 0.28977
1.81127 0.28968
1.81094 0.28976
1.81061 0.28987
1.81028 0.29003
1.80995 0.29028
1.80963 0.29043
1.8093 0.29041
1.80897 0.2901
1.80865 0.28987
1.80832 0.28956
1.80799 0.2896
1.80766 0.28964
1.80734 0.28986
1.80701 0.2898
1.80668 0.28985
1.80636 0.28998
1.80603 0.28999
1.80571 0.28993
1.80538 0.28964
1.80505 0.28958
1.80473 0.28962
1.8044 0.28948
1.80408 0.28935
1.80375 0.28908
1.80343 0.28896
1.8031 0.28895
1.80278 0.28901
1.80245 0.28895
1.80213 0.28888
1.8018 0.28856
1.80148 0.28856
1.80115 0.28874
1.80083 0.28902
1.8005 0.28907
1.80018 0.28898
1.79986 0.28874
1.79953 0.28878
1.79921 0.28905
1.79888 0.28915
1.79856 0.28919
1.79824 0.28901
1.79791 0.28903
1.79759 0.289
1.79727 0.2889
1.79695 0.28881
1.79662 0.28867
1.7963 0.28878
1.79598 0.28893
1.79565 0.28924
1.79533 0.28945
1.79501 0.28959
1.79469 0.28974
1.79437 0.28957
1.79404 0.2895
1.79372 0.28947
1.7934 0.28926
1.79308 0.28906
1.79276 0.28867
1.79244 0.2886
1.79211 0.28885
1.79179 0.28891
1.79147 0.28882
1.79115 0.28844
1.79083 0.28843
1.79051 0.28848
1.79019 0.28882
1.78987 0.28894
1.78955 0.28895
1.78923 0.2889
1.78891 0.28895
1.78859 0.28905
1.78827 0.2892
1.78795 0.28927
1.78763 0.28932
1.78731 0.28921
1.78699 0.28916
1.78667 0.28908
1.78635 0.28914
1.78603 0.28911
1.78571 0.28904
1.7854 0.28882
1.78508 0.28849
1.78476 0.28789
1.78444 0.28774
1.78412 0.28784
1.7838 0.28811
1.78348 0.28832
1.78317 0.28846
1.78285 0.28823
1.78253 0.28827
1.78221 0.28831
1.7819 0.28834
1.78158 0.28863
1.78126 0.28832
1.78094 0.2883
1.78063 0.28843
1.78031 0.2886
1.77999 0.28886
1.77968 0.28924
1.77936 0.28936
1.77904 0.28941
1.77873 0.28916
1.77841 0.28904
1.77809 0.28898
1.77778 0.28899
1.77746 0.28906
1.77715 0.28929
1.77683 0.28917
1.77651 0.28914
1.7762 0.28902
1.77588 0.28924
1.77557 0.28923
1.77525 0.28904
1.77494 0.28895
1.77462 0.28882
1.77431 0.2888
1.77399 0.28881
1.77368 0.28878
1.77336 0.28895
1.77305 0.28894
1.77274 0.28878
1.77242 0.28854
1.77211 0.2884
1.77179 0.28826
1.77148 0.28855
1.77117 0.28864
1.77085 0.28875
1.77054 0.28868
1.77022 0.28835
1.76991 0.28822
1.7696 0.2882
1.76929 0.28824
1.76897 0.28859
1.76866 0.28873
1.76835 0.28884
1.76803 0.28869
1.76772 0.28868
1.76741 0.28883
1.7671 0.28886
1.76678 0.28887
1.76647 0.28894
1.76616 0.28886
1.76585 0.28874
1.76554 0.28859
1.76523 0.28857
1.76491 0.2888
1.7646 0.28878
1.76429 0.28881
1.76398 0.28883
1.76367 0.28891
1.76336 0.28904
1.76305 0.2893
1.76274 0.28939
1.76243 0.28949
1.76211 0.28907
1.7618 0.28877
1.76149 0.28829
1.76118 0.2884
1.76087 0.28846
1.76056 0.28871
1.76025 0.28876
1.75994 0.28867
1.75963 0.28876
1.75932 0.28882
1.75901 0.2889
1.75871 0.28909
1.7584 0.2892
1.75809 0.2894
1.75778 0.28933
1.75747 0.28915
1.75716 0.28878
1.75685 0.28854
1.75654 0.28847
1.75623 0.28866
1.75593 0.28884
1.75562 0.28912
1.75531 0.28906
1.755 0.28901
1.75469 0.28875
1.75439 0.28902
1.75408 0.28904
1.75377 0.28896
1.75346 0.28885
1.75316 0.28888
1.75285 0.28912
1.75254 0.28945
1.75223 0.28989
1.75193 0.28993
1.75162 0.28994
1.75131 0.28961
1.75101 0.28964
1.7507 0.28966
1.75039 0.28966
1.75009 0.28975
1.74978 0.28979
1.74948 0.28975
1.74917 0.28975
1.74886 0.28976
1.74856 0.28928
1.74825 0.28908
1.74795 0.28873
1.74764 0.28901
1.74734 0.2892
1.74703 0.28939
1.74672 0.28951
1.74642 0.28973
1.74611 0.29005
1.74581 0.29031
1.74551 0.29037
1.7452 0.29004
1.7449 0.28993
1.74459 0.28984
1.74429 0.28968
1.74398 0.2895
1.74368 0.28904
1.74338 0.28919
1.74307 0.28948
1.74277 0.29017
1.74246 0.29061
1.74216 0.2909
1.74186 0.29096
1.74155 0.29105
1.74125 0.2911
1.74095 0.29096
1.74064 0.29086
1.74034 0.29063
1.74004 0.29063
1.73974 0.29059
1.73943 0.29052
1.73913 0.29061
1.73883 0.29068
1.73853 0.29085
1.73822 0.29098
1.73792 0.29106
1.73762 0.2911
1.73732 0.29119
1.73702 0.29127
1.73671 0.29154
1.73641 0.29159
1.73611 0.29149
1.73581 0.29121
1.73551 0.29111
1.73521 0.29119
1.73491 0.29124
1.73461 0.29139
1.7343 0.29151
1.734 0.29163
1.7337 0.29183
1.7334 0.29172
1.7331 0.29164
1.7328 0.29147
1.7325 0.29141
1.7322 0.2914
1.7319 0.29145
1.7316 0.29141
1.7313 0.29138
1.731 0.29105
1.7307 0.29094
1.7304 0.29085
1.7301 0.29111
1.7298 0.29131
1.72951 0.29162
1.72921 0.29166
1.72891 0.29173
1.72861 0.2917
1.72831 0.2918
1.72801 0.29201
1.72771 0.29198
1.72741 0.292
1.72712 0.29193
1.72682 0.29196
1.72652 0.29192
1.72622 0.29179
1.72592 0.29153
1.72563 0.29136
1.72533 0.2911
1.72503 0.2911
1.72473 0.2913
1.72444 0.29136
1.72414 0.29149
1.72384 0.29157
1.72354 0.29182
1.72325 0.29199
1.72295 0.29212
1.72265 0.29208
1.72236 0.29206
1.72206 0.29198
1.72176 0.29172
1.72147 0.29181
1.72117 0.29211
1.72087 0.29241
1.72058 0.29298
1.72028 0.29338
1.71999 0.29351
1.71969 0.29357
1.71939 0.29322
1.7191 0.29292
1.7188 0.29267
1.71851 0.29214
1.71821 0.29184
1.71792 0.29156
1.71762 0.29153
1.71733 0.29183
1.71703 0.29184
1.71674 0.29177
1.71644 0.29152
1.71615 0.29135
1.71585 0.29122
1.71556 0.29107
1.71527 0.29111
1.71497 0.29123
1.71468 0.29157
1.71438 0.29176
1.71409 0.29194
1.7138 0.29183
1.7135 0.29187
1.71321 0.29193
1.71292 0.29221
1.71262 0.29231
1.71233 0.29229
1.71204 0.29219
1.71174 0.29215
1.71145 0.29212
1.71116 0.29234
1.71086 0.29274
1.71057 0.293
1.71028 0.29309
1.70999 0.29284
1.70969 0.2931
1.7094 0.29319
1.70911 0.29334
1.70882 0.29324
1.70853 0.29307
1.70823 0.29278
1.70794 0.29267
1.70765 0.29253
1.70736 0.29297
1.70707 0.29335
1.70678 0.29393
1.70648 0.29406
1.70619 0.29414
1.7059 0.29398
1.70561 0.29405
1.70532 0.29416
1.70503 0.29439
1.70474 0.29457
1.70445 0.29478
1.70416 0.29453
1.70387 0.29415
1.70358 0.29337
1.70329 0.29314
1.703 0.29301
1.70271 0.29314
1.70242 0.29333
1.70213 0.29348
1.70184 0.29368
1.70155 0.29385
1.70126 0.2939
1.70097 0.29454
1.70068 0.29501
1.70039 0.29573
1.7001 0.29531
1.69981 0.29534
1.69952 0.29536
1.69924 0.29571
1.69895 0.29573
1.69866 0.29515
1.69837 0.29503
1.69808 0.29498
1.69779 0.29508
1.6975 0.29508
1.69722 0.29493
1.69693 0.29507
1.69664 0.29493
1.69635 0.29453
1.69607 0.29452
1.69578 0.29462
1.69549 0.29528
1.6952 0.29537
1.69492 0.29519
1.69463 0.29482
1.69434 0.29463
1.69405 0.29453
1.69377 0.29467
1.69348 0.2947
1.69319 0.29483
1.69291 0.29452
1.69262 0.29442
1.69233 0.29438
1.69205 0.29445
1.69176 0.29472
1.69147 0.29503
1.69119 0.29498
1.6909 0.29474
1.69062 0.29455
1.69033 0.29462
1.69005 0.29519
1.68976 0.29525
1.68947 0.29526
1.68919 0.29501
1.6889 0.29511
1.68862 0.29536
1.68833 0.2959
1.68805 0.29621
1.68776 0.29649
1.68748 0.2963
1.68719 0.29616
1.68691 0.29587
1.68663 0.2955
1.68634 0.29546
1.68606 0.29547
1.68577 0.29585
1.68549 0.29667
1.6852 0.29688
1.68492 0.29704
1.68464 0.29688
1.68435 0.29688
1.68407 0.2968
1.68379 0.29656
1.6835 0.29633
1.68322 0.29626
1.68293 0.29618
1.68265 0.29639
1.68237 0.29684
1.68209 0.29713
1.6818 0.29711
1.68152 0.29674
1.68124 0.2966
1.68095 0.29655
1.68067 0.29666
1.68039 0.29705
1.68011 0.29728
1.67983 0.29768
1.67954 0.29763
1.67926 0.29723
1.67898 0.29686
1.6787 0.29681
1.67842 0.29701
1.67813 0.29724
1.67785 0.29744
1.67757 0.29766
1.67729 0.29761
1.67701 0.29746
1.67673 0.29691
1.67645 0.29687
1.67616 0.29706
1.67588 0.29785
1.6756 0.29808
1.67532 0.29816
1.67504 0.29787
1.67476 0.2976
1.67448 0.29733
1.6742 0.29709
1.67392 0.297
1.67364 0.29709
1.67336 0.29729
1.67308 0.29757
1.6728 0.29776
1.67252 0.29801
1.67224 0.29819
1.67196 0.29837
1.67168 0.29852
1.6714 0.29852
1.67112 0.29865
1.67084 0.29855
1.67056 0.29815
1.67029 0.29796
1.67001 0.29768
1.66973 0.2974
1.66945 0.29725
1.66917 0.29701
1.66889 0.29765
1.66861 0.29782
1.66833 0.29791
1.66806 0.29774
1.66778 0.29778
1.6675 0.29812
1.66722 0.29832
1.66694 0.29863
1.66667 0.29921
1.66639 0.29942
1.66611 0.29951
1.66583 0.29976
1.66556 0.2998
1.66528 0.3
1.665 0.29945
1.66472 0.29917
1.66445 0.29892
1.66417 0.2991
1.66389 0.29959
1.66362 0.30061
1.66334 0.30102
1.66306 0.30125
1.66279 0.30095
1.66251 0.30074
1.66223 0.30057
1.66196 0.30022
1.66168 0.29999
1.66141 0.29976
1.66113 0.29975
1.66085 0.29991
1.66058 0.30042
1.6603 0.30062
1.66003 0.30075
1.65975 0.30078
1.65948 0.30084
1.6592 0.30107
1.65893 0.30094
1.65865 0.3009
1.65837 0.30084
1.6581 0.30098
1.65782 0.30104
1.65755 0.30107
1.65728 0.30099
1.657 0.30076
1.65673 0.30086
1.65645 0.30103
1.65618 0.30153
1.6559 0.3015
1.65563 0.30152
1.65536 0.30138
1.65508 0.30135
1.65481 0.30144
1.65453 0.30147
1.65426 0.30141
1.65399 0.30129
1.65371 0.3012
1.65344 0.30128
1.65317 0.30161
1.65289 0.30176
1.65262 0.3017
1.65235 0.30133
1.65207 0.30117
1.6518 0.301
1.65153 0.30076
1.65126 0.30083
1.65098 0.30095
1.65071 0.30139
1.65044 0.30183
1.65016 0.30228
1.64989 0.30248
1.64962 0.30264
1.64935 0.30249
1.64908 0.30254
1.6488 0.30275
1.64853 0.30243
1.64826 0.30216
1.64799 0.30165
1.64772 0.30159
1.64745 0.30158
1.64718 0.30169
1.6469 0.30193
1.64663 0.30193
1.64636 0.3018
1.64609 0.30152
1.64582 0.30098
1.64555 0.3009
1.64528 0.30077
1.64501 0.30083
1.64474 0.30053
1.64447 0.30024
1.6442 0.29976
1.64393 0.30018
1.64366 0.30045
1.64339 0.30114
1.64312 0.30144
1.64285 0.30139
1.64258 0.30159
1.64231 0.30155
1.64204 0.30125
1.64177 0.30155
1.6415 0.30174
1.64123 0.30226
1.64096 0.3021
1.64069 0.30196
1.64042 0.30169
1.64015 0.30167
1.63988 0.30174
1.63961 0.30197
1.63934 0.30212
1.63908 0.30219
1.63881 0.30228
1.63854 0.3025
1.63827 0.30284
1.638 0.30336
1.63773 0.3035
1.63747 0.30326
1.6372 0.30313
1.63693 0.30282
1.63666 0.30268
1.63639 0.3026
1.63613 0.30243
1.63586 0.30257
1.63559 0.30271
1.63532 0.30302
1.63506 0.30282
1.63479 0.30272
1.63452 0.30238
1.63425 0.3023
1.63399 0.30246
1.63372 0.30245
1.63345 0.30257
1.63319 0.30276
1.63292 0.30318
1.63265 0.30334
1.63239 0.30331
1.63212 0.30346
1.63185 0.30364
1.63159 0.30404
1.63132 0.30442
1.63106 0.30476
1.63079 0.30516
1.63052 0.30518
1.63026 0.30485
1.62999 0.30429
1.62973 0.30411
1.62946 0.30421
1.6292 0.30433
1.62893 0.30444
1.62866 0.30437
1.6284 0.30439
1.62813 0.30452
1.62787 0.30463
1.6276 0.30453
1.62734 0.30428
1.62707 0.3041
1.62681 0.30412
1.62655 0.30452
1.62628 0.30463
1.62602 0.30465
1.62575 0.30445
1.62549 0.30439
1.62522 0.30426
1.62496 0.30527
1.6247 0.30591
1.62443 0.307
1.62417 0.30666
1.6239 0.30649
1.62364 0.30612
1.62338 0.30602
1.62311 0.30613
1.62285 0.30659
1.62259 0.30664
1.62232 0.30665
1.62206 0.30599
1.6218 0.30569
1.62153 0.30544
1.62127 0.3057
1.62101 0.30602
1.62075 0.30667
1.62048 0.30691
1.62022 0.30719
1.61996 0.30736
1.6197 0.30757
1.61943 0.30786
1.61917 0.30818
1.61891 0.30836
1.61865 0.30855
1.61838 0.30849
1.61812 0.30835
1.61786 0.30799
1.6176 0.30811
1.61734 0.30819
1.61708 0.30851
1.61681 0.30878
1.61655 0.30895
1.61629 0.30887
1.61603 0.30881
1.61577 0.30841
1.61551 0.30857
1.61525 0.30885
1.61499 0.3094
1.61473 0.30968
1.61447 0.30995
1.61421 0.3096
1.61394 0.30954
1.61368 0.30942
1.61342 0.30977
1.61316 0.30997
1.6129 0.31022
1.61264 0.30989
1.61238 0.30974
1.61212 0.30949
1.61186 0.30937
1.6116 0.30947
1.61134 0.30958
1.61108 0.30973
1.61082 0.31
1.61057 0.31053
1.61031 0.31093
1.61005 0.31161
1.60979 0.31152
1.60953 0.31142
1.60927 0.31108
1.60901 0.31089
1.60875 0.31075
1.60849 0.31107
1.60823 0.31117
1.60798 0.31144
1.60772 0.31086
1.60746 0.31057
1.6072 0.31013
1.60694 0.31054
1.60668 0.31107
1.60643 0.31225
1.60617 0.3126
1.60591 0.31259
1.60565 0.31217
1.60539 0.31203
1.60514 0.31214
1.60488 0.31203
1.60462 0.31198
1.60436 0.31197
1.60411 0.31191
1.60385 0.31183
1.60359 0.31165
1.60333 0.31155
1.60308 0.31153
1.60282 0.31114
1.60256 0.31089
1.60231 0.31047
1.60205 0.31083
1.60179 0.31126
1.60154 0.31213
1.60128 0.31226
1.60102 0.31242
1.60077 0.31231
1.60051 0.31236
1.60026 0.3126
1.6 0.3127
1.59974 0.3125
1.59949 0.31201
1.59923 0.31179
1.59898 0.31161
1.59872 0.31164
1.59847 0.312
1.59821 0.31209
1.59795 0.31231
1.5977 0.31229
1.59744 0.31186
1.59719 0.31173
1.59693 0.31178
1.59668 0.31198
1.59642 0.31211
1.59617 0.3122
1.59591 0.31216
1.59566 0.31203
1.59541 0.3119
1.59515 0.31148
1.5949 0.31153
1.59464 0.31192
1.59439 0.31238
1.59413 0.31229
1.59388 0.31163
1.59363 0.31111
1.59337 0.31061
1.59312 0.31028
1.59286 0.30993
1.59261 0.30952
1.59236 0.30892
1.5921 0.30866
1.59185 0.30847
1.5916 0.30837
1.59134 0.30844
1.59109 0.30856
1.59084 0.30845
1.59058 0.30827
1.59033 0.30752
1.59008 0.30733
1.58983 0.30753
1.58957 0.30713
1.58932 0.30702
1.58907 0.30683
1.58881 0.30676
1.58856 0.30662
1.58831 0.30604
1.58806 0.30637
1.58781 0.30635
1.58755 0.30645
1.5873 0.30584
1.58705 0.30456
1.5868 0.30342
1.58655 0.30329
1.58629 0.3041
1.58604 0.30495
1.58579 0.30553
1.58554 0.30586
1.58529 0.30583
1.58504 0.30586
1.58479 0.30568
1.58453 0.3056
1.58428 0.30573
1.58403 0.30497
1.58378 0.30477
1.58353 0.30451
1.58328 0.30564
1.58303 0.30633
1.58278 0.30696
1.58253 0.30748
1.58228 0.30763
1.58203 0.3075
1.58178 0.30758
1.58153 0.30742
1.58128 0.3079
1.58103 0.30822
1.58078 0.30846
1.58053 0.3085
1.58028 0.30861
1.58003 0.30855
1.57978 0.30878
1.57953 0.3092
1.57928 0.30976
1.57903 0.31058
1.57878 0.31176
1.57853 0.31237
1.57828 0.31285
1.57803 0.31274
1.57778 0.31346
1.57754 0.31399
1.57729 0.31468
1.57704 0.31497
1.57679 0.31488
1.57654 0.31529
1.57629 0.31589
1.57604 0.31687
1.5758 0.31809
1.57555 0.31874
1.5753 0.31937
1.57505 0.31845
1.5748 0.3182
1.57456 0.3181
1.57431 0.3183
1.57406 0.3192
1.57381 0.31932
1.57356 0.31938
1.57332 0.31918
1.57307 0.31932
1.57282 0.31986
1.57257 0.32117
1.57233 0.32151
1.57208 0.32173
1.57183 0.3211
1.57159 0.32118
1.57134 0.32168
1.57109 0.32221
1.57085 0.32243
1.5706 0.32231
1.57035 0.32239
1.57011 0.32269
1.56986 0.32336
1.56961 0.32381
1.56937 0.32427
1.56912 0.32413
1.56887 0.32409
1.56863 0.3238
1.56838 0.32436
1.56814 0.32451
1.56789 0.32468
1.56764 0.32423
1.5674 0.32373
1.56715 0.32289
1.56691 0.3228
1.56666 0.32296
1.56642 0.3237
1.56617 0.32409
1.56593 0.32431
1.56568 0.32396
1.56544 0.32365
1.56519 0.32284
1.56495 0.323
1.5647 0.32328
1.56446 0.32404
1.56421 0.32444
1.56397 0.32471
1.56372 0.32491
1.56348 0.32483
1.56323 0.32459
1.56299 0.3241
1.56274 0.32347
1.5625 0.32268
1.56226 0.32156
1.56201 0.32117
1.56177 0.32157
1.56152 0.32168
1.56128 0.32216
1.56104 0.32206
1.56079 0.3224
1.56055 0.32336
1.56031 0.323
1.56006 0.32305
1.55982 0.32264
1.55958 0.32364
1.55933 0.3243
1.55909 0.32482
1.55885 0.32512
1.5586 0.32503
1.55836 0.32558
1.55812 0.32567
1.55788 0.32566
1.55763 0.32477
1.55739 0.3249
1.55715 0.32591
1.5569 0.32671
1.55666 0.32814
1.55642 0.32716
1.55618 0.32666
1.55594 0.32557
1.55569 0.3254
1.55545 0.32528
1.55521 0.32522
1.55497 0.32495
1.55473 0.32458
1.55448 0.32379
1.55424 0.32308
1.554 0.32239
1.55376 0.32229
1.55352 0.32225
1.55328 0.32289
1.55304 0.32218
1.5528 0.32133
1.55255 0.31966
1.55231 0.31972
1.55207 0.31923
1.55183 0.3189
1.55159 0.31853
1.55135 0.31751
1.55111 0.31787
1.55087 0.31826
1.55063 0.31877
1.55039 0.32018
