3.80833415847 0.352118250501
3.80207897678 0.351373010417
3.79584430965 0.3524777764
3.78963005631 0.353091483592
3.78343611668 0.351013396348
3.77726239131 0.355276351692
3.7711087814 0.351931779853
3.76497518881 0.353421287302
3.75886151602 0.347453404501
3.75276766615 0.356108054858
3.74669354295 0.34740851245
3.74063905078 0.35485777043
3.73460409462 0.349246677193
3.72858858008 0.35417104498
3.72259241336 0.346501683881
3.71661550126 0.356626183605
3.71065775119 0.351455784665
3.70471907115 0.355995951718
3.69879936972 0.350912067296
3.69289855608 0.351496121206
3.68701653996 0.349304663548
3.68115323168 0.356164216041
3.67530854215 0.352139928409
3.66948238282 0.351692609729
3.66367466569 0.355254102655
3.65788530335 0.349744515101
3.65211420892 0.353332844065
3.64636129606 0.354046208647
3.640626479 0.3531260588
3.63490967249 0.352385519203
3.62921079182 0.350440453899
3.6235297528 0.351312851561
3.61786647178 0.353851191506
3.61222086563 0.349436292157
3.60659285173 0.353828411335
3.60098234798 0.351641387594
3.5953892728 0.352604073644
3.58981354508 0.348350862266
3.58425508427 0.347975484216
3.57871381026 0.344623872564
3.57318964347 0.343634440476
3.5676825048 0.341075207847
3.56219231564 0.342112438707
3.55671899786 0.33342585564
3.55126247381 0.331104716474
3.54582266632 0.324006222379
3.54039949868 0.324659142469
3.53499289466 0.317784812754
3.5296027785 0.316132916148
3.52422907489 0.311294718406
3.51887170898 0.304735983242
3.51353060637 0.30248875804
3.50820569312 0.294584994819
3.50289689573 0.289396543475
3.49760414116 0.286725887837
3.4923273568 0.283905426348
3.48706647046 0.277461563683
3.48182141042 0.277426053843
3.47659210535 0.275159719842
3.4713784844 0.277037516933
3.46618047709 0.269216287839
3.46099801339 0.272676344732
3.45583102369 0.266458261283
3.45067943878 0.265889086324
3.44554318988 0.261975904299
3.44042220861 0.263685977631
3.435316427 0.261928347913
3.43022577746 0.259542587137
3.42515019284 0.253411812268
3.42008960635 0.249431913027
3.41504395162 0.252573647697
3.41001316265 0.246239441372
3.40499717385 0.247127983489
3.39999592 0.246922039924
3.39500933628 0.249096241835
3.39003735821 0.244628379155
3.38507992174 0.248233698423
3.38013696315 0.241159672884
3.37520841912 0.24591127279
3.37029422669 0.238752275519
3.36539432325 0.243965505147
3.36050864659 0.237665821192
3.35563713482 0.242465952371
3.35077972644 0.235340650535
3.34593636029 0.239450595137
3.34110697556 0.234757637593
3.33629151181 0.231011218807
3.33148990892 0.232831969718
3.32670210713 0.230375346127
3.32192804704 0.22834759945
3.31716766956 0.223339853658
3.31242091595 0.225665718599
3.30768772782 0.220106894842
3.30296804709 0.218217467478
3.29826181602 0.219005894887
3.29356897722 0.215944437079
3.28888947358 0.213518031509
3.28422324836 0.214308039342
3.27957024512 0.208946099463
3.27493040773 0.207793226667
3.2703036804 0.204594707546
3.26569000764 0.204665586194
3.26108933428 0.200564433819
3.25650160546 0.19942073604
3.25192676661 0.194162580609
3.24736476349 0.192604026466
3.24281554217 0.190862914053
3.23827904898 0.189579902309
3.2337552306 0.186131573337
3.22924403397 0.184640464892
3.22474540635 0.182159298481
3.22025929528 0.179621165514
3.21578564859 0.178940103621
3.21132441441 0.17542181795
3.20687554116 0.174272329135
3.20243897753 0.171703551832
3.19801467249 0.170038147974
3.19360257532 0.167796927921
3.18920263556 0.163790013643
3.18481480302 0.162947946743
3.1804390278 0.162413261686
3.17607526028 0.157398463268
3.17172345109 0.159283571342
3.16738355114 0.155766171054
3.16305551162 0.155487123253
3.15873928398 0.150165529021
3.15443481991 0.152199033151
3.15014207141 0.148458330494
3.14586099069 0.147036004998
3.14159153027 0.14608390188
3.13733364288 0.14403758273
3.13308728155 0.142880281302
3.12885239952 0.141869791253
3.12462895031 0.140760342211
3.1204168877 0.138216101299
3.11621616568 0.138922935358
3.11202673853 0.1350853185
3.10784856076 0.136732892818
3.1036815871 0.132125593125
3.09952577256 0.131633019721
3.09538107236 0.130650419608
3.09124744199 0.130867647555
3.08712483715 0.128193875994
3.08301321379 0.129023560063
3.0789125281 0.127051954939
3.07482273647 0.12930589667
3.07074379556 0.12680204401
3.06667566225 0.128442920849
3.06261829363 0.127778355071
3.05857164704 0.126791131414
3.05453568003 0.126701524517
3.05051035038 0.126379639521
3.04649561609 0.126820386563
3.04249143539 0.124950776322
3.0384977667 0.126730121662
3.0345145687 0.124278375679
3.03054180026 0.125293630795
3.02657942047 0.123647814629
3.02262738863 0.125024655582
3.01868566426 0.122117212052
3.01475420709 0.124256720832
3.01083297705 0.121889132841
3.00692193429 0.12310740781
3.00302103917 0.122338369057
2.99913025223 0.122416889384
2.99524953424 0.120960780869
2.99137884617 0.120723480912
2.98751814917 0.120254460401
2.98366740463 0.121649936902
2.97982657409 0.119305976628
2.97599561933 0.120483348171
2.97217450231 0.118170894143
2.96836318517 0.119849343263
2.96456163027 0.116868478053
2.96076980015 0.116841313017
2.95698765753 0.116677526458
2.95321516535 0.115426910156
2.94945228671 0.116296836119
2.94569898491 0.113145408845
2.94195522344 0.112385398684
2.93822096597 0.110461036219
2.93449617635 0.111974384941
2.93078081863 0.108025111596
2.92707485701 0.110810641807
2.92337825591 0.109121671723
2.91969097991 0.109060729814
2.91601299375 0.107907717924
2.91234426239 0.110039971336
2.90868475093 0.107773551789
2.90503442466 0.107683373659
2.90139324904 0.108140568107
2.8977611897 0.110276314805
2.89413821246 0.108955300058
2.89052428329 0.112189894892
2.88691936834 0.110504867968
2.88332343392 0.107324466324
2.87973644652 0.108733275899
2.87615837278 0.110531937474
2.87258917953 0.109797726345
2.86902883374 0.106196445184
2.86547730255 0.10718230424
2.86193455328 0.10512688246
2.85840055339 0.106195162698
2.8548752705 0.103957554259
2.85135867241 0.105725254407
2.84785072706 0.104968070825
2.84435140255 0.105245234344
2.84086066715 0.102143269934
2.83737848927 0.104037023177
2.83390483748 0.100165044939
2.8304396805 0.101690292179
2.82698298722 0.099031123925
2.82353472665 0.100961304628
2.82009486799 0.099015217285
2.81666338056 0.0993694002136
2.81324023384 0.101060185357
2.80982539745 0.100034024296
2.80641884117 0.101964645996
2.80302053493 0.0999840123796
2.79963044878 0.103674543309
2.79624855294 0.102399592587
2.79287481776 0.10680625289
2.78950921375 0.104061541754
2.78615171153 0.110939226173
2.7828022819 0.108294338327
2.77946089576 0.112738913638
2.77612752419 0.111578010803
2.77280213839 0.116810525178
2.76948470967 0.116098168577
2.76617520954 0.121386986333
2.76287360958 0.121112448449
2.75957988156 0.125530882558
2.75629399734 0.126827829026
2.75301592895 0.133307586261
2.74974564853 0.138527492516
2.74648312835 0.14132206381
2.74322834084 0.146207541722
2.73998125853 0.151362418711
2.73674185409 0.15727939289
2.73351010032 0.161113705277
2.73028597015 0.166756997168
2.72706943664 0.170257547812
2.72386047297 0.178531118445
2.72065905245 0.180943261129
2.71746514851 0.191613747595
2.71427873471 0.195260379422
2.71109978474 0.206426605494
2.7079282724 0.210648491216
2.70476417161 0.222553882396
2.70160745644 0.225011572885
2.69845810104 0.234423815668
2.69531607972 0.24018420797
2.69218136687 0.24701364577
2.68905393704 0.251517994886
2.68593376487 0.257473407115
2.68282082513 0.262681167237
2.67971509269 0.267648983843
2.67661654256 0.273007627912
2.67352514985 0.280571023067
2.67044088979 0.284593804747
2.66736373772 0.285842048297
2.66429366911 0.296178389376
2.66123065951 0.2998136305
2.65817468461 0.303825208055
2.6551257202 0.304830942859
2.6520837422 0.309989246903
2.6490487266 0.311515532625
2.64602064955 0.312978771387
2.64299948726 0.315008398574
2.63998521608 0.32184432142
2.63697781247 0.319723056001
2.63397725297 0.323385972438
2.63098351426 0.327175589225
2.62799657309 0.326743909209
2.62501640635 0.323558683118
2.62204299102 0.331334449081
2.61907630417 0.328988757957
2.616116323 0.333502539633
2.61316302479 0.333530407807
2.61021638694 0.336021817113
2.60727638694 0.334282134519
2.60434300239 0.337456730746
2.60141621099 0.335139501086
2.59849599052 0.337445738271
2.59558231889 0.338584190886
2.5926751741 0.336633307535
2.58977453423 0.341569312896
2.58688037748 0.337716872395
2.58399268213 0.340577607517
2.58111142658 0.33853455405
2.5782365893 0.341394077538
2.57536814888 0.336798336297
2.57250608398 0.339905177607
2.56965037337 0.337074894646
2.56680099592 0.344332902529
2.56395793058 0.340130982356
2.5611211564 0.346878480238
2.55829065252 0.342046970455
2.55546639817 0.349841578492
2.55264837269 0.346288465997
2.54983655548 0.348649173928
2.54703092605 0.349067681259
2.544231464 0.350490450821
2.54143814902 0.346388448748
2.53865096088 0.347577908247
2.53586987944 0.351911229548
2.53309488467 0.344937560476
2.53032595659 0.35186100032
2.52756307534 0.345144558221
2.52480622112 0.349403110008
2.52205537425 0.345926087829
2.5193105151 0.34694752412
2.51657162414 0.343611022854
2.51383868194 0.347987910164
2.51111166914 0.344607783632
2.50839056644 0.345878148901
2.50567535468 0.342200461074
2.50296601473 0.34416522705
2.50026252757 0.343180791366
2.49756487425 0.344713348057
2.49487303591 0.341482878358
2.49218699377 0.341588770072
2.48950672914 0.342542791826
2.48683222338 0.342425045946
2.48416345796 0.342581678843
2.48150041441 0.345951113671
2.47884307436 0.343971878483
2.4761914195 0.348568549183
2.47354543161 0.350072246864
2.47090509254 0.34694564778
2.46827038421 0.354912736873
2.46564128864 0.353545158233
2.46301778791 0.357464759621
2.46039986419 0.35895707776
2.45778749969 0.357607248102
2.45518067675 0.357706356428
2.45257937773 0.360994357873
2.44998358511 0.362138791147
2.44739328142 0.36302792492
2.44480844926 0.36460176455
2.44222907132 0.365394930646
2.43965513035 0.364818898628
2.43708660918 0.366748762229
2.43452349072 0.368171274061
2.43196575792 0.37315526782
2.42941339384 0.372176914074
2.42686638159 0.380531394582
2.42432470435 0.379653208503
2.42178834539 0.384382775454
2.41925728801 0.386902896721
2.41673151563 0.390155970405
2.4142110117 0.39667315659
2.41169575976 0.397287609599
2.4091857434 0.407853914665
2.40668094631 0.411398841068
2.40418135221 0.417529870812
2.40168694491 0.421741391432
2.39919770829 0.429597932835
2.39671362628 0.434582135573
2.39423468288 0.438467879163
2.39176086218 0.443414549738
2.38929214831 0.44818403754
2.38682852547 0.451516617926
2.38436997792 0.457439440066
2.38191649001 0.459678211668
2.37946804612 0.466323850813
2.37702463073 0.466968069939
2.37458622835 0.4717336774
2.37215282357 0.473047948948
2.36972440105 0.479014526816
2.3673009455 0.481071043516
2.36488244169 0.478886650539
2.36246887447 0.486846314991
2.36006022874 0.484455764852
2.35765648945 0.49033864961
2.35525764163 0.489465593399
2.35286367037 0.493559508844
2.35047456081 0.493189702178
2.34809029816 0.495770522372
2.34571086768 0.497478420292
2.34333625469 0.495506835338
2.34096644459 0.497557293609
2.33860142281 0.499908119158
2.33624117485 0.501299452688
2.33388568628 0.501061544619
2.33153494271 0.501902636173
2.32918892983 0.505015077179
2.32684763336 0.502382792927
2.3245110391 0.504391805973
2.3221791329 0.50626541365
2.31985190065 0.505990149753
2.31752932833 0.506055236366
2.31521140195 0.503722341204
2.31289810759 0.505741966671
2.31058943136 0.505397324406
2.30828535947 0.506660782577
2.30598587814 0.505159291636
2.30369097368 0.506186647207
2.30140063242 0.506068267272
2.29911484079 0.504152974544
2.29683358522 0.504479017199
2.29455685224 0.504915456667
2.2922846284 0.503370019665
2.29001690032 0.503306472831
2.28775365469 0.501114867364
2.28549487821 0.499076306892
2.28324055766 0.499182900264
2.28099067987 0.499069581167
2.27874523173 0.497524788923
2.27650420015 0.497368522762
2.27426757213 0.495108156148
2.27203533469 0.498630200105
2.26980747493 0.497656615643
2.26758397997 0.496974070798
2.26536483701 0.499964826106
2.26315003327 0.499163212945
2.26093955604 0.49826333854
2.25873339266 0.499615985144
2.25653153052 0.500129929769
2.25433395703 0.502424319589
2.2521406597 0.499979492434
2.24995162604 0.500803809487
2.24776684364 0.500549051418
2.24558630013 0.500913337896
2.24340998317 0.498152777005
2.24123788051 0.497681328291
2.23906997989 0.497785623063
2.23690626915 0.495445310414
2.23474673615 0.494600164422
2.2325913688 0.494406568951
2.23044015506 0.493308431751
2.22829308293 0.491151613845
2.22615014047 0.492215496034
2.22401131577 0.492211407089
2.22187659697 0.490830645242
2.21974597227 0.491192500925
2.21761942989 0.492951976091
2.21549695812 0.494128940943
2.21337854528 0.495283252289
2.21126417973 0.495585385997
2.20915384989 0.498570908665
2.20704754422 0.498753885588
2.20494525121 0.499605921836
2.20284695941 0.50012608427
2.20075265741 0.50257454963
2.19866233384 0.502264621634
2.19657597737 0.503892830126
2.19449357672 0.504836717086
2.19241512065 0.502628558528
2.19034059796 0.504874847432
2.18826999751 0.507481199799
2.18620330816 0.504612735977
2.18414051886 0.506726863512
2.18208161858 0.508794971088
2.18002659632 0.507902180269
2.17797544115 0.508390457084
2.17592814215 0.510963236335
2.17388468846 0.510924422523
2.17184506926 0.511464632391
2.16980927376 0.511215268539
2.16777729123 0.512283134592
2.16574911096 0.512454642936
2.16372472229 0.514491319702
2.16170411459 0.516516290863
2.15968727728 0.517364875097
2.15767419983 0.517378629746
2.15566487172 0.519899084078
2.15365928249 0.519381893689
2.15165742171 0.520464876303
2.149659279 0.520624334505
2.14766484402 0.520909877105
2.14567410643 0.521687826154
2.14368705599 0.522860441719
2.14170368245 0.522584943507
2.13972397561 0.522035923494
2.13774792532 0.526673888218
2.13577552145 0.524962893967
2.13380675393 0.525822823351
2.1318416127 0.528176829916
2.12988008775 0.529312911677
2.12792216912 0.530023635169
2.12596784686 0.529170586233
2.12401711108 0.531550902994
2.12206995191 0.533493622368
2.12012635953 0.532020707971
2.11818632414 0.532912903113
2.11624983599 0.537052314906
2.11431688536 0.53704859357
2.11238746256 0.537849235611
2.11046155794 0.537020716581
2.1085391619 0.542099067968
2.10662026484 0.540507422775
2.10470485724 0.540106707488
2.10279292957 0.540823021001
2.10088447236 0.541997683633
2.09897947618 0.54229138694
2.09707793161 0.543145935259
2.09517982928 0.544737225618
2.09328515986 0.542205798151
2.09139391404 0.54426945604
2.08950608255 0.543824901841
2.08762165615 0.546411832709
2.08574062564 0.543679958507
2.08386298184 0.546534538432
2.08198871562 0.543693672311
2.08011781787 0.546949183591
2.07825027952 0.546171613777
2.07638609154 0.545342848638
2.0745252449 0.549289315089
2.07266773064 0.547542307846
2.07081353981 0.546600109599
2.0689626635 0.548667478453
2.06711509283 0.547045896045
2.06527081896 0.544514176995
2.06342983307 0.549239629864
2.06159212637 0.546748598964
2.05975769011 0.549903049233
2.05792651556 0.546813307764
2.05609859404 0.548520280676
2.05427391688 0.545958171158
2.05245247546 0.547353564324
2.05063426118 0.544514871233
2.04881926546 0.548769202628
2.04700747977 0.544553146099
2.04519889559 0.545678864553
2.04339350446 0.547044611854
2.04159129792 0.54548350687
2.03979226756 0.542237672588
2.03799640497 0.54352916129
2.03620370182 0.542665346046
2.03441414976 0.541462620422
2.03262774049 0.541366805661
2.03084446575 0.539561981301
2.02906431728 0.539407731933
2.02728728688 0.532359469013
2.02551336636 0.539307882663
2.02374254757 0.532650087346
2.02197482237 0.530533884542
2.02021018267 0.529457709811
2.01844862039 0.52355092172
2.0166901275 0.522137644218
2.01493469597 0.517171869809
2.01318231782 0.517135300679
2.01143298509 0.511846690623
2.00968668985 0.504053259723
2.00794342419 0.499494035054
2.00620318023 0.493672675934
2.00446595014 0.490171729628
2.00273172607 0.47863059192
2.00100050025 0.478345676842
1.9992722649 0.468761610337
1.99754701227 0.467062370085
1.99582473466 0.457923793239
1.99410542437 0.458909000257
1.99238907374 0.454828325681
1.99067567514 0.450149431175
1.98896522095 0.450215600267
1.9872577036 0.445647893126
1.98555311553 0.445908400777
1.9838514492 0.439529912903
1.98215269712 0.439272888587
1.98045685179 0.438877342517
1.97876390576 0.434949063536
1.97707385162 0.434166391496
1.97538668194 0.434558432031
1.97370238936 0.429477616651
1.97202096653 0.425674172255
1.9703424061 0.425835200978
1.96866670079 0.424193704828
1.96699384331 0.414994907243
1.96532382641 0.413529084316
1.96365664285 0.402421553391
1.96199228545 0.405959451134
1.960330747 0.39409917691
1.95867202037 0.396822535878
1.95701609841 0.391839676914
1.95536297403 0.388436751747
1.95371264013 0.387310884557
1.95206508966 0.386217666002
1.95042031558 0.391546972133
1.94877831088 0.387575970988
1.94713906857 0.391381500004
1.94550258168 0.389204218956
1.94386884328 0.396360403883
1.94223784645 0.394657795127
1.94060958428 0.404513380572
1.93898404992 0.408911870687
1.9373612365 0.419242160665
1.93574113721 0.419981251338
1.93412374524 0.431617840816
1.9325090538 0.434526877168
1.93089705615 0.439919714667
1.92928774555 0.447936614559
1.92768111528 0.456403297727
1.92607715865 0.455249197991
1.924475869 0.464958499865
1.92287723967 0.471892627198
1.92128126405 0.474332208151
1.91968793553 0.482114026691
1.91809724753 0.482865341848
1.91650919349 0.495062102714
1.91492376688 0.489859681279
1.91334096119 0.502081994607
1.9117607699 0.502601257919
1.91018318657 0.509470372896
1.90860820472 0.515616450372
1.90703581795 0.521716289438
1.90546601982 0.52244526018
1.90389880397 0.528171927157
1.90233416402 0.531697469105
1.90077209362 0.532896524945
1.89921258646 0.539470476007
1.89765563623 0.545020723213
1.89610123664 0.545232817801
1.89454938143 0.554468196898
1.89300006436 0.55381767963
1.89145327921 0.563998065923
1.88990901978 0.563785728891
1.88836727988 0.565380214565
1.88682805336 0.56979870216
1.88529133407 0.569833336392
1.88375711589 0.575424851756
1.88222539273 0.574765168347
1.88069615849 0.584112464249
1.87916940712 0.579353881871
1.87764513258 0.58603030007
1.87612332884 0.585199372768
1.87460398991 0.583444489521
1.87308710979 0.584748592576
1.87157268253 0.590399998751
1.87006070217 0.588971116672
1.8685511628 0.592555696801
1.86704405851 0.591536389008
1.8655393834 0.593173136401
1.86403713162 0.59299035001
1.86253729731 0.595274453138
1.86103987464 0.593744838704
1.8595448578 0.598789146764
1.858052241 0.594342521129
1.85656201845 0.597525828059
1.85507418442 0.600523632515
1.85358873315 0.597236733104
1.85210565892 0.601372961983
1.85062495605 0.593943430966
1.84914661884 0.598209209625
1.84767064162 0.59806854209
1.84619701876 0.600820581716
1.84472574462 0.596223594217
1.8432568136 0.601230960746
1.84179022009 0.596509220867
1.84032595853 0.59999503922
1.83886402336 0.600431593926
1.83740440904 0.598113036065
1.83594711004 0.599228339253
1.83449212086 0.603896701433
1.83303943601 0.601058575803
1.83158905003 0.599188284534
1.83014095746 0.599331199864
1.82869515286 0.600746826541
1.82725163082 0.60236731013
1.82581038594 0.599613046096
1.82437141283 0.601323751766
1.82293470612 0.596229970799
1.82150026047 0.599676900106
1.82006807055 0.600246255527
1.81863813102 0.599840876645
1.8172104366 0.596934307673
1.81578498201 0.598389095037
1.81436176196 0.597537269521
1.81294077123 0.597670758927
1.81152200456 0.596736080586
1.81010545674 0.598194817335
1.80869112258 0.597970712346
1.80727899689 0.596193498134
1.80586907449 0.599436073381
1.80446135024 0.599370542083
1.803055819 0.598019431633
1.80165247565 0.596306426991
1.80025131508 0.598549628602
1.79885233221 0.592477144278
1.79745552196 0.598323319829
1.79606087928 0.594870585481
1.79466839912 0.594232359553
1.79327807646 0.595311890392
1.79188990628 0.593604858087
1.7905038836 0.593204655259
1.78912000344 0.594290021608
1.78773826082 0.592483724518
1.7863586508 0.592609417515
1.78498116845 0.591654213312
1.78360580885 0.591324928594
1.78223256709 0.589938771555
1.78086143829 0.593491318116
1.77949241758 0.590199525429
1.7781255001 0.59120524641
1.776760681 0.590314184237
1.77539795545 0.592308454357
1.77403731865 0.590886676685
1.77267876579 0.591164011042
1.77132229209 0.590735945687
1.76996789278 0.589810675701
1.76861556311 0.590035296353
1.76726529833 0.589618417762
1.76591709372 0.589428856958
1.76457094457 0.591049627655
1.76322684619 0.588991802448
1.76188479388 0.587534534717
1.76054478298 0.589173415841
1.75920680883 0.58777773494
1.75787086681 0.589464254644
1.75653695227 0.586766416954
1.75520506061 0.589091113836
1.75387518723 0.584830856574
1.75254732754 0.590132804273
1.75122147698 0.589836980549
1.74989763099 0.591294933877
1.74857578502 0.592084726005
1.74725593455 0.593252726227
1.74593807507 0.593264297832
1.74462220206 0.591558416087
1.74330831105 0.594634721852
1.74199639755 0.594256880315
1.74068645711 0.596840748266
1.73937848528 0.594601018433
1.73807247762 0.598743314135
1.73676842972 0.597171303002
1.73546633716 0.60044914461
1.73416619555 0.599940958323
1.73286800051 0.602116501782
1.73157174768 0.599003773145
1.73027743268 0.601926818482
1.7289850512 0.603814372369
1.72769459888 0.60461487577
1.72640607142 0.605795379585
1.72511946452 0.605478375326
1.72383477388 0.606480389522
1.72255199523 0.607137817485
1.7212711243 0.60802985345
1.71999215684 0.609769895606
1.7187150886 0.60883188028
1.71743991536 0.606706717531
1.71616663292 0.60986841062
1.71489523705 0.612685876694
1.71362572358 0.611170337871
1.71235808832 0.609911726479
1.71109232712 0.611398205351
1.70982843581 0.613329716559
1.70856641027 0.613416910862
1.70730624635 0.612580122838
1.70604793995 0.615338032376
1.70479148695 0.613144392436
1.70353688328 0.614561256179
1.70228412484 0.613203030433
1.70103320757 0.618609378664
1.69978412742 0.616189016157
1.69853688033 0.616337780219
1.69729146228 0.61978657697
1.69604786926 0.61607026116
1.69480609723 0.617037574375
1.69356614223 0.616831114918
1.69232800024 0.619692901922
1.69109166731 0.620129652239
1.68985713948 0.620237943257
1.68862441278 0.619693686424
1.68739348329 0.622007590963
1.68616434707 0.619722593811
1.68493700021 0.618868482128
1.6837114388 0.620420464468
1.68248765895 0.623649619606
1.68126565679 0.621056765144
1.68004542843 0.620104397447
1.67882697002 0.621460620939
1.67761027771 0.620762594825
1.67639534767 0.620190006414
1.67518217606 0.623298615214
1.67397075908 0.621049643148
1.67276109292 0.618824818509
1.67155317378 0.622108932903
1.67034699789 0.620217471195
1.66914256147 0.622822908327
1.66793986076 0.622502042368
1.66673889202 0.627652506027
1.6655396515 0.619940676769
1.66434213548 0.622730589867
1.66314634025 0.628176648586
1.66195226208 0.628617200437
1.6607598973 0.625326521587
1.65956924221 0.627198317933
1.65838029314 0.627980548442
1.65719304642 0.630656505786
1.6560074984 0.626795673154
1.65482364544 0.633039207484
1.65364148391 0.627478549755
1.65246101018 0.625784929031
1.65128222064 0.633936896944
1.6501051117 0.63191673491
1.64892967974 0.628164627267
1.64775592121 0.633928469271
1.64658383252 0.630792809971
1.64541341012 0.631106060334
1.64424465045 0.631375908795
1.64307754997 0.63256864093
1.64191210516 0.633054537279
1.64074831249 0.633069141208
1.63958616845 0.639771873462
1.63842566954 0.631046167735
1.63726681227 0.637682382134
1.63610959316 0.632594715025
1.63495400874 0.635876861464
1.63380005555 0.642942433879
1.63264773013 0.635243677499
1.63149702904 0.642267024756
1.63034794886 0.638616947715
1.62920048615 0.636556765334
1.62805463751 0.639101102303
1.62691039954 0.630713485602
1.62576776883 0.636314172757
1.62462674201 0.640426738585
1.62348731569 0.635855078383
1.62234948653 0.636079907401
1.62121325115 0.636036059495
1.62007860621 0.637719383216
1.61894554839 0.639679766811
1.61781407434 0.642403430922
1.61668418075 0.639386199594
1.61555586431 0.648996255968
1.61442912172 0.639354346372
1.61330394969 0.651265941818
1.61218034494 0.640963146212
1.6110583042 0.6475850723
1.6099378242 0.642461820032
1.60881890169 0.650909398588
1.60770153343 0.651378893374
1.60658571617 0.639663627878
1.60547144669 0.654206748518
1.60435872178 0.65895409568
1.60324753821 0.651321887371
1.6021378928 0.645788657013
1.60102978236 0.655132951866
1.59992320369 0.648570531778
1.59881815362 0.655092150562
1.59771462899 0.6577561125
1.59661262665 0.663717748699
1.59551214344 0.659544694373
1.59441317623 0.660487162198
1.59331572188 0.656326751773
1.59221977728 0.661088378022
1.59112533931 0.667810367016
1.59003240486 0.653591612543
1.58894097084 0.664136054851
1.58785103417 0.667261681266
1.58676259175 0.669801071654
1.58567564053 0.646797945002
1.58459017744 0.669201095334
1.58350619943 0.663171777328
1.58242370344 0.663073055543
1.58134268645 0.673798271465
1.58026314542 0.689154639569
1.57918507733 0.685633588343
1.57810847918 0.678887168464
1.57703334795 0.676063631018
1.57595968065 0.693739865647
1.57488747429 0.676955846229
1.57381672589 0.681576084585
1.57274743249 0.686347500535
1.57167959111 0.691268403465
1.57061319881 0.696477708481
1.56954825262 0.673388854803
1.56848474962 0.70809357594
1.56742268688 0.69510545301
1.56636206146 0.693713414072
1.56530287045 0.699402637661
1.56424511095 0.699880005322
1.56318878006 0.722902486242
1.56213387487 0.711036292078
1.56108039252 0.700039041633
1.56002833011 0.682274887704
1.55897768479 0.717141989835
1.55792845369 0.733419178007
1.55688063396 0.72129489388
1.55583422275 0.722485625647
1.55478921723 0.693155960574
1.55374561455 0.732101516953
1.55270341191 0.723946146399
1.55166260648 0.722721947677
1.55062319546 0.769245132731
1.54958517605 0.724185796832
1.54854854545 0.755639065996
1.54751330088 0.74166910882
1.54647943956 0.770210931002
1.54544695871 0.766778205375
1.54441585559 0.753969849217
1.54338612743 0.771304784891
1.54235777148 0.743818637658
1.541330785 0.807542697309
1.54030516526 0.756211482221
1.53928090953 0.831063395968
1.53825801509 0.756425986781
1.53723647924 0.76494012922
1.53621629925 0.79891523729
1.53519747245 0.807609927559
1.53417999613 0.833823071567
1.53316386762 0.804814121785
1.53214908423 0.864718105454
1.53113564331 0.766657324848
1.53012354217 0.801673686296
1.52911277818 0.855978627474
1.52810334869 0.820310815398
1.52709525104 0.886097060472
1.52608848261 0.8855323203
1.52508304077 0.942633688299
1.5240789229 0.665765827874
1.52307612639 0.357905428792
1.52207464863 0.357744565413
1.52107448702 0.354392947734
1.52007563896 0.353033387915
1.51907810188 0.353597245271
1.51808187319 0.352441772004
1.51708695032 0.353005670745
1.51609333071 0.352913704355
1.51510101178 0.355486887843
1.51410999101 0.352782605219
1.51312026582 0.351895074611
1.5121318337 0.34808800036
1.5111446921 0.353055432175
1.51015883851 0.350294986762
1.50917427039 0.349366786522
1.50819098524 0.350786335598
1.50720898055 0.346976665998
1.50622825383 0.350811966259
1.50524880257 0.353316643164
1.5042706243 0.351869458395
1.50329371653 0.35072993877
1.50231807679 0.349253165614
1.50134370261 0.348146765226
1.50037059154 0.354846741877
1.4993987411 0.349592322987
1.49842814887 0.349728471349
1.4974588124 0.35357696444
1.49649072924 0.351624024274
1.49552389698 0.348599968495
1.49455831318 0.349417929845
1.49359397544 0.347411399234
1.49263088134 0.349356538678
1.49166902848 0.349916638322
1.49070841445 0.351952183487
1.48974903688 0.350936932126
1.48879089336 0.346010831402
1.48783398153 0.351665421694
1.48687829901 0.350070887694
1.48592384343 0.350616668736
1.48497061243 0.347783027913
1.48401860366 0.352250843398
1.48306781476 0.34606575121
1.48211824339 0.352032610294
1.48116988722 0.345480751944
1.48022274392 0.351770278592
1.47927681115 0.349308027208
1.47833208661 0.350679056901
1.47738856797 0.349212299627
1.47644625293 0.349668163887
1.47550513918 0.353074879439
1.47456522444 0.349109593562
1.47362650641 0.352625563733
1.47268898281 0.352759195688
1.47175265136 0.345539895902
1.47081750979 0.350591414386
1.46988355582 0.351209603587
1.46895078721 0.35120310142
1.46801920169 0.351027456777
1.46708879702 0.35028877512
1.46615957094 0.349005721736
1.46523152123 0.349164593601
1.46430464565 0.352918367165
1.46337894198 0.349316784958
1.46245440798 0.350119205153
1.46153104146 0.346929215573
1.46060884019 0.353664120727
1.45968780197 0.347159378077
1.45876792461 0.353628281457
1.45784920591 0.34445214268
1.45693164368 0.350295834597
1.45601523574 0.351379217256
1.45509997992 0.346309431434
1.45418587404 0.35210403019
1.45327291593 0.353467635337
1.45236110345 0.350077332685
1.45145043442 0.351255494135
1.4505409067 0.351126074848
1.44963251816 0.347481200276
1.44872526664 0.346855019907
1.44781915001 0.351312919452
1.44691416616 0.354736991307
1.44601031295 0.347948981731
1.44510758826 0.352595318635
1.44420598999 0.351444940134
1.44330551603 0.358102501126
1.44240616427 0.347141621823
1.44150793262 0.354212930564
1.44061081899 0.348122411548
1.43971482129 0.352430968627
1.43881993744 0.348938959913
1.43792616537 0.35099358661
1.437033503 0.34608346119
1.43614194827 0.34939764784
1.43525149912 0.351562464105
1.43436215349 0.350355667575
1.43347390934 0.347689224734
1.43258676462 0.346327903092
1.43170071728 0.34797656423
1.4308157653 0.348865717571
1.42993190664 0.348471071448
1.42904913928 0.348860377746
1.4281674612 0.350488069212
1.42728687039 0.348893194309
1.42640736483 0.351648764101
1.42552894251 0.349759446285
1.42465160145 0.351619747214
1.42377533964 0.345927551278
1.4229001551 0.349728471349
1.42202604583 0.347697855704
1.42115300986 0.353343383803
1.42028104521 0.349872533946
1.41941014992 0.347426880045
