1.6101895089 0.563008650553
1.6101895089 0.561542411106
1.6101895089 0.560076171659
1.6101895089 0.558609932212
1.61290089963 0.563008650553
1.61290089963 0.561542411106
1.61290089963 0.560076171659
1.61290089963 0.558609932212
1.61561229036 0.561542411106
1.61561229036 0.560076171659
1.61561229036 0.558609932212
1.61561229036 0.557143692766
1.61561229036 0.555677453319
1.61561229036 0.554211213872
1.61561229036 0.552744974425
1.61561229036 0.551278734979
1.61561229036 0.549812495532
1.61832368108 0.558609932212
1.61832368108 0.557143692766
1.61832368108 0.555677453319
1.61832368108 0.554211213872
1.61832368108 0.552744974425
1.61832368108 0.551278734979
1.62103507181 0.557143692766
1.62103507181 0.555677453319
1.62103507181 0.554211213872
1.62103507181 0.552744974425
1.62374646253 0.555677453319
1.62374646253 0.554211213872
1.62374646253 0.552744974425
1.62374646253 0.551278734979
1.62374646253 0.549812495532
1.62645785326 0.551278734979
1.62645785326 0.549812495532
1.62645785326 0.548346256085
1.62645785326 0.546880016638
1.62916924398 0.552744974425
1.62916924398 0.551278734979
1.62916924398 0.549812495532
1.62916924398 0.548346256085
1.63188063471 0.549812495532
1.63188063471 0.548346256085
1.63188063471 0.546880016638
1.63459202543 0.548346256085
1.63459202543 0.546880016638
1.63730341616 0.546880016638
1.63730341616 0.545413777191
1.64001480689 0.545413777191
1.64001480689 0.543947537745
1.64272619761 0.545413777191
1.64272619761 0.543947537745
1.64272619761 0.542481298298
1.64543758834 0.543947537745
1.64543758834 0.542481298298
1.64543758834 0.541015058851
1.64814897906 0.542481298298
1.64814897906 0.541015058851
1.64814897906 0.539548819404
1.65086036979 0.541015058851
1.65086036979 0.539548819404
1.65086036979 0.538082579957
1.65357176051 0.541015058851
1.65357176051 0.539548819404
1.65357176051 0.538082579957
1.65628315124 0.538082579957
1.65628315124 0.536616340511
1.65899454196 0.539548819404
1.65899454196 0.538082579957
1.65899454196 0.536616340511
1.66170593269 0.538082579957
1.66170593269 0.536616340511
1.66170593269 0.535150101064
1.66441732342 0.536616340511
1.66441732342 0.535150101064
1.66441732342 0.533683861617
1.66712871414 0.535150101064
1.66712871414 0.533683861617
1.66712871414 0.53221762217
1.66984010487 0.535150101064
1.66984010487 0.533683861617
1.66984010487 0.53221762217
1.67255149559 0.535150101064
1.67255149559 0.533683861617
1.67255149559 0.53221762217
1.67526288632 0.533683861617
1.67526288632 0.53221762217
1.67526288632 0.530751382724
1.67526288632 0.529285143277
1.67797427704 0.533683861617
1.67797427704 0.53221762217
1.67797427704 0.530751382724
1.68068566777 0.53221762217
1.68068566777 0.530751382724
1.68339705849 0.53221762217
1.68339705849 0.530751382724
1.68610844922 0.53221762217
1.68610844922 0.530751382724
1.68881983994 0.530751382724
1.68881983994 0.529285143277
1.69153123067 0.530751382724
1.69153123067 0.529285143277
1.6942426214 0.530751382724
1.6942426214 0.529285143277
1.6942426214 0.52781890383
1.69695401212 0.53221762217
1.69695401212 0.530751382724
1.69695401212 0.529285143277
1.69695401212 0.52781890383
1.69966540285 0.530751382724
1.69966540285 0.529285143277
1.69966540285 0.52781890383
1.70237679357 0.530751382724
1.70237679357 0.529285143277
1.70237679357 0.52781890383
1.7050881843 0.530751382724
1.7050881843 0.529285143277
1.70779957502 0.530751382724
1.70779957502 0.529285143277
1.71051096575 0.530751382724
1.71051096575 0.529285143277
1.71322235647 0.530751382724
1.71322235647 0.529285143277
1.7159337472 0.529285143277
1.7159337472 0.52781890383
1.71864513793 0.52781890383
1.71864513793 0.526352664383
1.72135652865 0.52781890383
1.72135652865 0.526352664383
1.72135652865 0.524886424936
1.72406791938 0.529285143277
1.72406791938 0.52781890383
1.72406791938 0.526352664383
1.72406791938 0.524886424936
1.72406791938 0.52342018549
1.72406791938 0.521953946043
1.72406791938 0.520487706596
1.7267793101 0.526352664383
1.7267793101 0.524886424936
1.7267793101 0.52342018549
1.7267793101 0.521953946043
1.72949070083 0.526352664383
1.72949070083 0.524886424936
1.72949070083 0.52342018549
1.73220209155 0.526352664383
1.73220209155 0.524886424936
1.73220209155 0.52342018549
1.73220209155 0.521953946043
1.73220209155 0.520487706596
1.73491348228 0.526352664383
1.73491348228 0.524886424936
1.73491348228 0.52342018549
1.73491348228 0.521953946043
1.73491348228 0.520487706596
1.737624873 0.526352664383
1.737624873 0.524886424936
1.737624873 0.52342018549
1.737624873 0.521953946043
1.74033626373 0.526352664383
1.74033626373 0.524886424936
1.74033626373 0.52342018549
1.74033626373 0.521953946043
1.74304765445 0.524886424936
1.74304765445 0.52342018549
1.74304765445 0.521953946043
1.74304765445 0.520487706596
1.74575904518 0.52342018549
1.74575904518 0.521953946043
1.74575904518 0.520487706596
1.74575904518 0.519021467149
1.74847043591 0.524886424936
1.74847043591 0.52342018549
1.74847043591 0.521953946043
1.74847043591 0.520487706596
1.74847043591 0.519021467149
1.75118182663 0.524886424936
1.75118182663 0.52342018549
1.75118182663 0.521953946043
1.75118182663 0.520487706596
1.75389321736 0.524886424936
1.75389321736 0.52342018549
1.75389321736 0.521953946043
1.75660460808 0.524886424936
1.75660460808 0.52342018549
1.75660460808 0.521953946043
1.75931599881 0.52342018549
1.75931599881 0.521953946043
1.75931599881 0.520487706596
1.76202738953 0.52342018549
1.76202738953 0.521953946043
1.76202738953 0.520487706596
1.76473878026 0.52342018549
1.76473878026 0.521953946043
1.76473878026 0.520487706596
1.76745017098 0.52342018549
1.76745017098 0.521953946043
1.76745017098 0.520487706596
1.76745017098 0.519021467149
1.77016156171 0.521953946043
1.77016156171 0.520487706596
1.77016156171 0.519021467149
1.77287295244 0.520487706596
1.77287295244 0.519021467149
1.77558434316 0.521953946043
1.77558434316 0.520487706596
1.77558434316 0.519021467149
1.77829573389 0.520487706596
1.77829573389 0.519021467149
1.78100712461 0.520487706596
1.78100712461 0.519021467149
1.78371851534 0.520487706596
1.78371851534 0.519021467149
1.78642990606 0.521953946043
1.78642990606 0.520487706596
1.78642990606 0.519021467149
1.78914129679 0.52342018549
1.78914129679 0.521953946043
1.78914129679 0.520487706596
1.78914129679 0.519021467149
1.79185268751 0.520487706596
1.79185268751 0.519021467149
1.79456407824 0.521953946043
1.79456407824 0.520487706596
1.79456407824 0.519021467149
1.79727546896 0.52342018549
1.79727546896 0.521953946043
1.79727546896 0.520487706596
1.79727546896 0.519021467149
1.79998685969 0.520487706596
1.79998685969 0.519021467149
1.80269825042 0.520487706596
1.80269825042 0.519021467149
1.80540964114 0.520487706596
1.80540964114 0.519021467149
1.80812103187 0.520487706596
1.80812103187 0.519021467149
1.81083242259 0.519021467149
1.81083242259 0.517555227703
1.81354381332 0.519021467149
1.81354381332 0.517555227703
1.81625520404 0.520487706596
1.81625520404 0.519021467149
1.81625520404 0.517555227703
1.81896659477 0.520487706596
1.81896659477 0.519021467149
1.81896659477 0.517555227703
1.82167798549 0.520487706596
1.82167798549 0.519021467149
1.82167798549 0.517555227703
1.82167798549 0.516088988256
1.82438937622 0.520487706596
1.82438937622 0.519021467149
1.82438937622 0.517555227703
1.82438937622 0.516088988256
1.82710076695 0.520487706596
1.82710076695 0.519021467149
1.82710076695 0.517555227703
1.82981215767 0.520487706596
1.82981215767 0.519021467149
1.82981215767 0.517555227703
1.8325235484 0.520487706596
1.8325235484 0.519021467149
1.83523493912 0.520487706596
1.83523493912 0.519021467149
1.83794632985 0.520487706596
1.83794632985 0.519021467149
1.84065772057 0.519021467149
1.84065772057 0.517555227703
1.8433691113 0.519021467149
1.8433691113 0.517555227703
1.8433691113 0.516088988256
1.84608050202 0.519021467149
1.84608050202 0.517555227703
1.84608050202 0.516088988256
1.84879189275 0.517555227703
1.84879189275 0.516088988256
1.85150328347 0.517555227703
1.85150328347 0.516088988256
1.8542146742 0.517555227703
1.8542146742 0.516088988256
1.85692606493 0.517555227703
1.85692606493 0.516088988256
1.85963745565 0.519021467149
1.85963745565 0.517555227703
1.85963745565 0.516088988256
1.86234884638 0.519021467149
1.86234884638 0.517555227703
1.86234884638 0.516088988256
1.8650602371 0.519021467149
1.8650602371 0.517555227703
1.8650602371 0.516088988256
1.86777162783 0.519021467149
1.86777162783 0.517555227703
1.86777162783 0.516088988256
1.86777162783 0.514622748809
1.87048301855 0.516088988256
1.87048301855 0.514622748809
1.87319440928 0.516088988256
1.87319440928 0.514622748809
1.8759058 0.517555227703
1.8759058 0.516088988256
1.8759058 0.514622748809
1.87861719073 0.517555227703
1.87861719073 0.516088988256
1.87861719073 0.514622748809
1.88132858146 0.516088988256
1.88132858146 0.514622748809
1.88132858146 0.513156509362
1.88403997218 0.516088988256
1.88403997218 0.514622748809
1.88403997218 0.513156509362
1.88675136291 0.516088988256
1.88675136291 0.514622748809
1.88675136291 0.513156509362
1.88946275363 0.516088988256
1.88946275363 0.514622748809
1.88946275363 0.513156509362
1.89217414436 0.516088988256
1.89217414436 0.514622748809
1.89217414436 0.513156509362
1.89488553508 0.514622748809
1.89488553508 0.513156509362
1.89759692581 0.516088988256
1.89759692581 0.514622748809
1.89759692581 0.513156509362
1.90030831653 0.514622748809
1.90030831653 0.513156509362
1.90301970726 0.514622748809
1.90301970726 0.513156509362
1.90301970726 0.511690269915
1.90301970726 0.510224030469
1.90573109799 0.514622748809
1.90573109799 0.513156509362
1.90573109799 0.511690269915
1.90573109799 0.510224030469
1.90573109799 0.508757791022
1.90844248871 0.510224030469
1.90844248871 0.508757791022
1.91115387944 0.508757791022
1.91115387944 0.507291551575
1.91657666089 0.511690269915
1.91657666089 0.510224030469
1.91657666089 0.508757791022
1.91657666089 0.507291551575
1.91928805161 0.510224030469
1.91928805161 0.508757791022
1.91928805161 0.507291551575
1.92199944234 0.508757791022
1.92742222379 0.508757791022
1.92742222379 0.507291551575
1.93013361451 0.510224030469
1.93013361451 0.508757791022
1.93013361451 0.507291551575
1.93284500524 0.510224030469
1.93284500524 0.508757791022
1.93555639597 0.511690269915
1.93555639597 0.510224030469
1.93555639597 0.508757791022
1.93826778669 0.510224030469
1.93826778669 0.508757791022
1.94097917742 0.510224030469
1.94097917742 0.508757791022
1.94369056814 0.510224030469
1.94369056814 0.508757791022
1.94640195887 0.510224030469
1.94640195887 0.508757791022
1.94911334959 0.508757791022
1.94911334959 0.507291551575
1.95182474032 0.508757791022
1.95182474032 0.507291551575
1.95453613104 0.510224030469
1.95453613104 0.508757791022
1.95724752177 0.510224030469
1.95724752177 0.508757791022
1.9599589125 0.510224030469
1.9599589125 0.508757791022
1.96267030322 0.510224030469
1.96267030322 0.508757791022
1.96538169395 0.510224030469
1.96538169395 0.508757791022
1.96538169395 0.507291551575
1.96809308467 0.510224030469
1.96809308467 0.508757791022
1.96809308467 0.507291551575
1.9708044754 0.510224030469
1.9708044754 0.508757791022
1.97351586612 0.511690269915
1.97351586612 0.510224030469
1.97622725685 0.511690269915
1.97622725685 0.510224030469
1.97893864757 0.511690269915
1.97893864757 0.510224030469
1.9816500383 0.510224030469
1.9816500383 0.508757791022
1.98436142902 0.510224030469
1.98436142902 0.508757791022
1.98707281975 0.511690269915
1.98707281975 0.510224030469
1.98978421048 0.513156509362
1.98978421048 0.511690269915
1.98978421048 0.510224030469
1.9924956012 0.513156509362
1.9924956012 0.511690269915
1.99520699193 0.513156509362
1.99520699193 0.511690269915
1.99791838265 0.514622748809
1.99791838265 0.513156509362
1.99791838265 0.511690269915
2.00062977338 0.513156509362
2.00062977338 0.511690269915
2.0033411641 0.513156509362
2.0033411641 0.511690269915
2.0033411641 0.510224030469
2.00605255483 0.511690269915
2.00605255483 0.510224030469
2.00605255483 0.508757791022
2.00605255483 0.507291551575
2.00605255483 0.505825312128
2.00876394555 0.511690269915
2.00876394555 0.510224030469
2.00876394555 0.508757791022
2.00876394555 0.507291551575
2.01147533628 0.513156509362
2.01147533628 0.511690269915
2.01689811773 0.513156509362
2.01689811773 0.511690269915
2.01689811773 0.510224030469
2.01689811773 0.508757791022
2.01960950846 0.511690269915
2.01960950846 0.510224030469
2.01960950846 0.508757791022
2.02232089918 0.510224030469
2.02232089918 0.508757791022
2.02503228991 0.511690269915
2.02503228991 0.510224030469
2.02503228991 0.508757791022
2.02774368063 0.511690269915
2.02774368063 0.510224030469
2.02774368063 0.508757791022
2.03045507136 0.511690269915
2.03045507136 0.510224030469
2.03045507136 0.508757791022
2.03316646208 0.511690269915
2.03316646208 0.510224030469
2.03316646208 0.508757791022
2.03587785281 0.511690269915
2.03587785281 0.510224030469
2.03858924353 0.513156509362
2.03858924353 0.511690269915
2.03858924353 0.510224030469
2.03858924353 0.508757791022
2.04130063426 0.511690269915
2.04130063426 0.510224030469
2.04130063426 0.508757791022
2.04401202499 0.510224030469
2.04401202499 0.508757791022
2.04672341571 0.510224030469
2.04672341571 0.508757791022
2.04943480644 0.511690269915
2.04943480644 0.510224030469
2.04943480644 0.508757791022
2.05214619716 0.511690269915
2.05214619716 0.510224030469
2.05214619716 0.508757791022
2.05214619716 0.507291551575
2.05485758789 0.508757791022
2.05485758789 0.507291551575
2.05756897861 0.510224030469
2.05756897861 0.508757791022
2.05756897861 0.507291551575
2.06028036934 0.511690269915
2.06028036934 0.510224030469
2.06028036934 0.508757791022
2.06299176006 0.513156509362
2.06299176006 0.511690269915
2.06299176006 0.510224030469
2.06299176006 0.508757791022
2.06299176006 0.507291551575
2.06570315079 0.510224030469
2.06570315079 0.508757791022
2.06570315079 0.507291551575
2.06570315079 0.505825312128
2.06841454152 0.510224030469
2.06841454152 0.508757791022
2.06841454152 0.507291551575
2.06841454152 0.505825312128
2.06841454152 0.504359072682
2.07112593224 0.510224030469
2.07112593224 0.508757791022
2.07112593224 0.507291551575
2.07112593224 0.505825312128
2.07383732297 0.510224030469
2.07383732297 0.508757791022
2.07383732297 0.507291551575
2.07654871369 0.510224030469
2.07654871369 0.508757791022
2.07654871369 0.507291551575
2.07926010442 0.507291551575
2.07926010442 0.505825312128
2.08197149514 0.507291551575
2.08197149514 0.505825312128
2.08468288587 0.507291551575
2.08468288587 0.505825312128
2.08739427659 0.507291551575
2.08739427659 0.505825312128
2.09010566732 0.508757791022
2.09010566732 0.507291551575
2.09281705804 0.510224030469
2.09281705804 0.508757791022
2.09281705804 0.507291551575
2.09552844877 0.508757791022
2.09552844877 0.507291551575
2.0982398395 0.508757791022
2.0982398395 0.507291551575
2.10095123022 0.510224030469
2.10095123022 0.508757791022
2.10095123022 0.507291551575
2.10366262095 0.510224030469
2.10366262095 0.508757791022
2.10366262095 0.507291551575
2.10637401167 0.508757791022
2.10637401167 0.507291551575
2.1090854024 0.508757791022
2.1090854024 0.507291551575
2.11179679312 0.508757791022
2.11179679312 0.507291551575
2.11450818385 0.507291551575
2.11450818385 0.505825312128
2.11721957457 0.507291551575
2.11721957457 0.505825312128
2.1199309653 0.507291551575
2.1199309653 0.505825312128
2.12264235603 0.507291551575
2.12264235603 0.505825312128
2.12535374675 0.507291551575
2.12535374675 0.505825312128
2.12806513748 0.508757791022
2.12806513748 0.507291551575
2.12806513748 0.505825312128
2.1307765282 0.507291551575
2.1307765282 0.505825312128
2.13348791893 0.507291551575
2.13348791893 0.505825312128
2.13619930965 0.507291551575
2.13619930965 0.505825312128
2.13619930965 0.504359072682
2.13891070038 0.505825312128
2.13891070038 0.504359072682
2.1416220911 0.505825312128
2.1416220911 0.504359072682
2.14433348183 0.505825312128
2.14433348183 0.504359072682
2.14704487256 0.505825312128
2.14704487256 0.504359072682
2.14975626328 0.505825312128
2.14975626328 0.504359072682
2.15246765401 0.505825312128
2.15246765401 0.504359072682
2.15517904473 0.507291551575
2.15517904473 0.505825312128
2.15517904473 0.504359072682
2.15789043546 0.507291551575
2.15789043546 0.505825312128
2.16060182618 0.507291551575
2.16060182618 0.505825312128
2.16060182618 0.504359072682
2.16331321691 0.505825312128
2.16331321691 0.504359072682
2.16602460763 0.505825312128
2.16602460763 0.504359072682
2.16873599836 0.507291551575
2.16873599836 0.505825312128
2.16873599836 0.504359072682
2.17144738908 0.507291551575
2.17144738908 0.505825312128
2.17144738908 0.504359072682
2.17415877981 0.505825312128
2.17415877981 0.504359072682
2.17687017054 0.505825312128
2.17687017054 0.504359072682
2.17958156126 0.507291551575
2.17958156126 0.505825312128
2.17958156126 0.504359072682
2.18229295199 0.507291551575
2.18229295199 0.505825312128
2.18500434271 0.508757791022
2.18500434271 0.507291551575
2.18500434271 0.505825312128
2.18771573344 0.507291551575
2.18771573344 0.505825312128
2.19042712416 0.507291551575
2.19042712416 0.505825312128
2.19313851489 0.507291551575
2.19313851489 0.505825312128
2.19584990561 0.508757791022
2.19584990561 0.505825312128
2.19856129634 0.508757791022
2.19856129634 0.507291551575
2.20127268707 0.508757791022
2.20127268707 0.507291551575
2.20398407779 0.507291551575
2.20398407779 0.505825312128
2.20669546852 0.507291551575
2.20669546852 0.505825312128
2.20940685924 0.507291551575
2.20940685924 0.505825312128
2.21211824997 0.507291551575
2.21211824997 0.505825312128
2.21482964069 0.508757791022
2.21482964069 0.507291551575
2.21482964069 0.505825312128
2.21754103142 0.507291551575
2.21754103142 0.505825312128
2.22025242214 0.507291551575
2.22025242214 0.505825312128
2.22296381287 0.507291551575
2.22296381287 0.505825312128
2.22567520359 0.508757791022
2.22567520359 0.507291551575
2.22838659432 0.508757791022
2.22838659432 0.507291551575
2.23109798505 0.507291551575
2.23109798505 0.505825312128
2.23380937577 0.505825312128
2.23380937577 0.504359072682
2.2365207665 0.505825312128
2.2365207665 0.504359072682
2.23923215722 0.505825312128
2.23923215722 0.504359072682
2.24194354795 0.507291551575
2.24194354795 0.505825312128
2.24194354795 0.504359072682
2.24465493867 0.505825312128
2.24465493867 0.504359072682
2.2473663294 0.504359072682
2.2473663294 0.502892833235
2.25007772012 0.504359072682
2.25007772012 0.502892833235
2.25278911085 0.505825312128
2.25278911085 0.504359072682
2.25278911085 0.502892833235
2.25550050158 0.505825312128
2.25550050158 0.504359072682
2.2582118923 0.505825312128
2.2582118923 0.504359072682
2.26092328303 0.504359072682
2.26363467375 0.504359072682
2.26363467375 0.501426593788
2.26634606448 0.502892833235
2.26634606448 0.501426593788
2.2690574552 0.502892833235
2.27176884593 0.502892833235
2.27448023665 0.502892833235
2.27448023665 0.501426593788
2.27719162738 0.501426593788
2.2799030181 0.501426593788
2.2799030181 0.498494114894
2.28261440883 0.499960354341
2.28532579956 0.498494114894
2.28803719028 0.499960354341
2.28803719028 0.498494114894
2.29074858101 0.499960354341
2.29074858101 0.498494114894
2.29345997173 0.499960354341
2.29345997173 0.498494114894
2.29345997173 0.497027875448
2.29617136246 0.498494114894
2.29617136246 0.497027875448
2.29888275318 0.498494114894
2.29888275318 0.497027875448
2.30159414391 0.499960354341
2.30159414391 0.498494114894
2.30159414391 0.497027875448
2.30430553463 0.499960354341
2.30430553463 0.498494114894
2.30430553463 0.497027875448
2.30701692536 0.498494114894
2.30701692536 0.497027875448
2.30972831609 0.498494114894
2.30972831609 0.497027875448
2.30972831609 0.495561636001
2.31243970681 0.497027875448
2.31243970681 0.495561636001
2.31243970681 0.494095396554
2.31515109754 0.498494114894
2.31515109754 0.497027875448
2.31515109754 0.495561636001
2.31786248826 0.498494114894
2.31786248826 0.497027875448
2.32057387899 0.498494114894
2.32057387899 0.497027875448
2.32328526971 0.498494114894
2.32328526971 0.497027875448
2.32599666044 0.498494114894
2.32599666044 0.497027875448
2.32599666044 0.495561636001
2.32870805116 0.497027875448
2.32870805116 0.495561636001
2.33141944189 0.497027875448
2.33141944189 0.495561636001
2.33413083261 0.498494114894
2.33413083261 0.497027875448
2.33413083261 0.495561636001
2.33684222334 0.498494114894
2.33684222334 0.497027875448
2.33955361407 0.498494114894
2.33955361407 0.497027875448
2.34226500479 0.499960354341
2.34226500479 0.498494114894
2.34226500479 0.497027875448
2.34497639552 0.498494114894
2.34497639552 0.497027875448
2.34768778624 0.498494114894
2.34768778624 0.497027875448
2.35039917697 0.498494114894
2.35039917697 0.497027875448
2.35311056769 0.497027875448
2.35582195842 0.498494114894
2.35582195842 0.497027875448
2.35853334914 0.497027875448
2.35853334914 0.495561636001
2.36124473987 0.497027875448
2.36124473987 0.495561636001
2.3639561306 0.497027875448
2.3639561306 0.495561636001
2.36666752132 0.498494114894
2.36666752132 0.497027875448
2.36937891205 0.498494114894
2.36937891205 0.497027875448
2.37209030277 0.498494114894
2.37209030277 0.497027875448
2.3748016935 0.497027875448
2.3748016935 0.495561636001
2.37751308422 0.495561636001
2.37751308422 0.494095396554
2.38022447495 0.495561636001
2.38022447495 0.494095396554
2.38293586567 0.495561636001
2.38293586567 0.494095396554
2.3856472564 0.497027875448
2.3856472564 0.495561636001
2.3856472564 0.494095396554
2.38835864712 0.495561636001
2.38835864712 0.494095396554
2.39107003785 0.495561636001
2.39107003785 0.494095396554
2.39378142858 0.495561636001
2.39378142858 0.494095396554
2.3964928193 0.494095396554
2.3964928193 0.492629157107
2.39920421003 0.494095396554
2.39920421003 0.492629157107
2.39920421003 0.491162917661
2.40191560075 0.495561636001
2.40191560075 0.494095396554
2.40191560075 0.492629157107
2.40462699148 0.495561636001
2.40462699148 0.494095396554
2.40462699148 0.492629157107
2.4073383822 0.494095396554
2.4073383822 0.492629157107
2.4073383822 0.491162917661
2.4073383822 0.489696678214
2.4073383822 0.488230438767
2.41004977293 0.494095396554
2.41004977293 0.492629157107
2.41004977293 0.491162917661
2.41004977293 0.489696678214
2.41276116365 0.494095396554
2.41276116365 0.492629157107
2.41276116365 0.491162917661
2.41547255438 0.494095396554
2.41547255438 0.492629157107
2.41818394511 0.494095396554
2.41818394511 0.492629157107
2.41818394511 0.491162917661
2.42089533583 0.492629157107
2.42089533583 0.491162917661
2.42360672656 0.492629157107
2.42360672656 0.491162917661
2.42360672656 0.489696678214
2.42631811728 0.491162917661
2.42631811728 0.489696678214
2.42902950801 0.491162917661
2.42902950801 0.489696678214
2.43174089873 0.492629157107
2.43174089873 0.491162917661
2.43174089873 0.489696678214
2.43445228946 0.491162917661
2.43445228946 0.489696678214
2.43716368018 0.491162917661
2.43716368018 0.489696678214
2.43987507091 0.491162917661
2.43987507091 0.489696678214
2.44258646164 0.492629157107
2.44258646164 0.491162917661
2.44258646164 0.489696678214
2.44529785236 0.492629157107
2.44529785236 0.491162917661
2.44529785236 0.489696678214
2.44529785236 0.488230438767
2.44800924309 0.489696678214
2.44800924309 0.488230438767
2.45072063381 0.489696678214
2.45072063381 0.488230438767
2.45343202454 0.489696678214
2.45343202454 0.488230438767
2.45614341526 0.489696678214
2.45614341526 0.488230438767
2.45885480599 0.489696678214
2.45885480599 0.488230438767
2.45885480599 0.48676419932
2.46156619671 0.48676419932
2.46427758744 0.48676419932
2.46427758744 0.485297959873
2.46698897816 0.48676419932
2.46698897816 0.485297959873
2.46698897816 0.483831720427
2.46970036889 0.48676419932
2.46970036889 0.485297959873
2.47241175962 0.48676419932
2.47512315034 0.48676419932
2.47783454107 0.48676419932
2.48054593179 0.48676419932
2.48325732252 0.48676419932
2.48596871324 0.488230438767
2.48596871324 0.48676419932
2.48868010397 0.489696678214
2.48868010397 0.488230438767
2.49139149469 0.489696678214
2.49139149469 0.488230438767
2.49410288542 0.489696678214
2.49410288542 0.488230438767
2.49681427615 0.489696678214
2.49681427615 0.488230438767
2.49952566687 0.488230438767
2.49952566687 0.48676419932
2.5022370576 0.488230438767
2.5022370576 0.48676419932
2.50494844832 0.489696678214
2.50494844832 0.488230438767
2.50494844832 0.48676419932
2.50765983905 0.489696678214
2.50765983905 0.488230438767
2.51037122977 0.491162917661
2.51037122977 0.489696678214
2.51037122977 0.488230438767
2.5130826205 0.491162917661
2.5130826205 0.489696678214
2.51579401122 0.491162917661
2.51579401122 0.489696678214
2.51850540195 0.489696678214
2.51850540195 0.488230438767
2.52121679267 0.489696678214
2.52121679267 0.488230438767
2.5239281834 0.489696678214
2.5239281834 0.488230438767
2.52663957413 0.489696678214
2.52663957413 0.488230438767
2.52935096485 0.491162917661
2.52935096485 0.489696678214
2.52935096485 0.488230438767
2.53206235558 0.492629157107
2.53206235558 0.491162917661
2.53206235558 0.489696678214
2.5347737463 0.492629157107
2.5347737463 0.491162917661
2.53748513703 0.492629157107
2.53748513703 0.491162917661
2.54019652775 0.492629157107
2.54019652775 0.491162917661
2.54290791848 0.492629157107
2.54290791848 0.491162917661
2.5456193092 0.492629157107
2.5456193092 0.491162917661
2.54833069993 0.492629157107
2.54833069993 0.491162917661
2.55104209066 0.494095396554
2.55104209066 0.492629157107
2.55104209066 0.491162917661
2.55375348138 0.495561636001
2.55375348138 0.494095396554
2.55375348138 0.492629157107
2.55646487211 0.495561636001
2.55646487211 0.494095396554
2.55917626283 0.495561636001
2.55917626283 0.494095396554
2.56188765356 0.495561636001
2.56188765356 0.494095396554
2.56459904428 0.497027875448
2.56459904428 0.495561636001
2.56459904428 0.494095396554
2.56731043501 0.497027875448
2.56731043501 0.495561636001
2.57002182573 0.498494114894
2.57002182573 0.497027875448
2.57002182573 0.495561636001
2.57273321646 0.498494114894
2.57273321646 0.497027875448
2.57544460718 0.498494114894
2.57544460718 0.497027875448
2.57815599791 0.498494114894
2.57815599791 0.497027875448
2.58086738864 0.498494114894
2.58086738864 0.497027875448
2.58357877936 0.498494114894
2.58357877936 0.497027875448
2.58629017009 0.498494114894
2.58629017009 0.497027875448
2.58900156081 0.498494114894
2.58900156081 0.497027875448
2.59171295154 0.499960354341
2.59171295154 0.498494114894
2.59171295154 0.497027875448
2.59442434226 0.499960354341
2.59442434226 0.498494114894
2.59713573299 0.501426593788
2.59713573299 0.499960354341
2.59713573299 0.498494114894
2.59984712371 0.499960354341
2.59984712371 0.498494114894
2.60255851444 0.499960354341
2.60255851444 0.498494114894
2.60526990517 0.499960354341
2.60526990517 0.498494114894
2.60798129589 0.499960354341
2.60798129589 0.498494114894
2.61069268662 0.501426593788
2.61069268662 0.499960354341
2.61340407734 0.501426593788
2.61340407734 0.499960354341
2.61611546807 0.501426593788
2.61611546807 0.499960354341
2.61882685879 0.501426593788
2.61882685879 0.499960354341
2.62153824952 0.501426593788
2.62153824952 0.499960354341
2.62424964024 0.501426593788
2.62424964024 0.499960354341
2.62696103097 0.499960354341
2.62696103097 0.498494114894
2.62967242169 0.499960354341
2.62967242169 0.498494114894
2.63238381242 0.499960354341
2.63238381242 0.498494114894
2.63509520315 0.501426593788
2.63509520315 0.499960354341
2.63780659387 0.501426593788
2.63780659387 0.499960354341
2.6405179846 0.499960354341
2.6405179846 0.498494114894
2.64322937532 0.499960354341
2.64322937532 0.498494114894
2.64594076605 0.499960354341
2.64594076605 0.498494114894
2.64865215677 0.499960354341
2.64865215677 0.498494114894
2.6513635475 0.498494114894
2.6513635475 0.497027875448
2.65407493822 0.498494114894
2.65407493822 0.497027875448
2.65678632895 0.498494114894
2.65678632895 0.497027875448
2.65949771968 0.498494114894
2.65949771968 0.497027875448
2.65949771968 0.495561636001
2.6622091104 0.495561636001
2.6622091104 0.494095396554
2.66492050113 0.495561636001
2.66492050113 0.494095396554
2.66763189185 0.495561636001
2.66763189185 0.494095396554
2.67034328258 0.495561636001
2.67034328258 0.494095396554
2.6730546733 0.495561636001
2.6730546733 0.494095396554
2.67576606403 0.495561636001
2.67576606403 0.494095396554
2.67576606403 0.492629157107
2.67847745475 0.494095396554
2.67847745475 0.492629157107
2.67847745475 0.491162917661
2.68118884548 0.492629157107
2.68118884548 0.491162917661
2.68118884548 0.489696678214
2.68390023621 0.491162917661
2.68390023621 0.489696678214
2.68390023621 0.488230438767
2.68390023621 0.48676419932
2.68661162693 0.489696678214
2.68661162693 0.488230438767
2.68661162693 0.48676419932
2.68932301766 0.48676419932
2.68932301766 0.485297959873
2.69203440838 0.485297959873
2.69203440838 0.483831720427
2.69203440838 0.48236548098
2.69203440838 0.480899241533
2.69474579911 0.483831720427
2.69474579911 0.48236548098
2.69474579911 0.480899241533
2.69474579911 0.479433002086
2.69745718983 0.479433002086
2.69745718983 0.477966762639
2.70016858056 0.477966762639
2.70016858056 0.476500523193
2.70016858056 0.475034283746
2.70016858056 0.473568044299
2.70287997128 0.476500523193
2.70287997128 0.475034283746
2.70287997128 0.473568044299
2.70287997128 0.472101804852
2.70287997128 0.470635565406
2.70287997128 0.469169325959
2.70287997128 0.467703086512
2.70559136201 0.472101804852
2.70559136201 0.470635565406
2.70559136201 0.469169325959
2.70559136201 0.467703086512
2.70559136201 0.466236847065
2.70559136201 0.464770607618
2.70559136201 0.463304368172
2.70830275273 0.466236847065
2.70830275273 0.464770607618
2.70830275273 0.463304368172
2.70830275273 0.461838128725
2.70830275273 0.460371889278
2.70830275273 0.458905649831
2.70830275273 0.457439410385
2.70830275273 0.455973170938
2.71101414346 0.461838128725
2.71101414346 0.460371889278
2.71101414346 0.458905649831
2.71101414346 0.457439410385
2.71101414346 0.455973170938
2.71101414346 0.454506931491
2.71101414346 0.453040692044
2.71101414346 0.451574452597
2.71101414346 0.450108213151
2.71101414346 0.448641973704
2.71372553419 0.455973170938
2.71372553419 0.454506931491
2.71372553419 0.453040692044
2.71372553419 0.451574452597
2.71372553419 0.450108213151
2.71372553419 0.448641973704
2.71372553419 0.447175734257
2.71372553419 0.44570949481
2.71372553419 0.444243255364
2.71643692491 0.448641973704
2.71643692491 0.447175734257
2.71643692491 0.44570949481
2.71643692491 0.444243255364
2.71643692491 0.442777015917
2.71643692491 0.44131077647
2.71914831564 0.444243255364
2.71914831564 0.442777015917
2.71914831564 0.44131077647
2.71914831564 0.439844537023
2.71914831564 0.438378297576
2.72185970636 0.44131077647
2.72185970636 0.439844537023
2.72185970636 0.438378297576
2.72185970636 0.43691205813
2.72185970636 0.435445818683
2.72185970636 0.433979579236
2.72185970636 0.432513339789
2.72457109709 0.438378297576
2.72457109709 0.43691205813
2.72457109709 0.435445818683
2.72457109709 0.433979579236
2.72457109709 0.432513339789
2.72457109709 0.431047100343
2.72457109709 0.429580860896
2.72457109709 0.428114621449
2.72457109709 0.426648382002
2.72728248781 0.432513339789
2.72728248781 0.431047100343
2.72728248781 0.429580860896
2.72728248781 0.428114621449
2.72728248781 0.426648382002
2.72728248781 0.425182142555
2.72728248781 0.423715903109
2.72728248781 0.422249663662
2.72728248781 0.420783424215
2.72999387854 0.426648382002
2.72999387854 0.425182142555
2.72999387854 0.423715903109
2.72999387854 0.422249663662
2.72999387854 0.420783424215
2.72999387854 0.419317184768
2.72999387854 0.417850945321
2.72999387854 0.416384705875
2.72999387854 0.414918466428
2.73270526926 0.420783424215
2.73270526926 0.419317184768
2.73270526926 0.417850945321
2.73270526926 0.416384705875
2.73270526926 0.414918466428
2.73270526926 0.413452226981
2.73270526926 0.411985987534
2.73270526926 0.410519748088
2.73541665999 0.414918466428
2.73541665999 0.413452226981
2.73541665999 0.411985987534
2.73541665999 0.410519748088
2.73541665999 0.409053508641
2.73812805072 0.410519748088
2.73812805072 0.409053508641
2.73812805072 0.407587269194
2.73812805072 0.406121029747
2.74083944144 0.406121029747
2.74083944144 0.4046547903
2.74083944144 0.403188550854
2.74355083217 0.403188550854
2.74355083217 0.401722311407
2.74355083217 0.40025607196
2.74355083217 0.398789832513
2.74355083217 0.397323593067
2.74626222289 0.397323593067
2.74626222289 0.39585735362
2.74626222289 0.394391114173
2.74626222289 0.392924874726
2.74626222289 0.391458635279
2.74626222289 0.389992395833
2.74897361362 0.389992395833
2.74897361362 0.388526156386
2.74897361362 0.387059916939
2.74897361362 0.385593677492
2.74897361362 0.384127438046
2.74897361362 0.382661198599
2.75168500434 0.382661198599
2.75168500434 0.381194959152
2.75168500434 0.379728719705
2.75168500434 0.378262480258
2.75168500434 0.376796240812
2.75168500434 0.375330001365
2.75439639507 0.375330001365
2.75439639507 0.373863761918
2.75439639507 0.372397522471
2.75439639507 0.370931283025
2.75439639507 0.369465043578
2.75439639507 0.367998804131
2.75439639507 0.366532564684
2.75710778579 0.366532564684
2.75710778579 0.365066325237
2.75710778579 0.363600085791
2.75981917652 0.362133846344
2.75981917652 0.360667606897
2.75981917652 0.35920136745
2.76253056724 0.35920136745
2.76253056724 0.357735128003
2.76253056724 0.356268888557
2.76253056724 0.35480264911
2.76253056724 0.353336409663
2.76253056724 0.351870170216
2.76253056724 0.35040393077
2.76524195797 0.35040393077
2.76524195797 0.348937691323
2.76524195797 0.347471451876
2.76524195797 0.346005212429
2.76524195797 0.344538972982
2.76524195797 0.343072733536
2.7679533487 0.343072733536
2.7679533487 0.341606494089
2.7679533487 0.340140254642
2.7679533487 0.338674015195
2.7679533487 0.337207775749
2.7679533487 0.335741536302
2.7679533487 0.334275296855
2.77066473942 0.334275296855
2.77066473942 0.332809057408
2.77066473942 0.331342817961
2.77066473942 0.329876578515
2.77066473942 0.328410339068
2.77066473942 0.326944099621
2.77066473942 0.325477860174
2.77337613015 0.326944099621
2.77337613015 0.325477860174
2.77337613015 0.324011620728
2.77337613015 0.322545381281
2.77608752087 0.322545381281
2.77608752087 0.321079141834
2.77608752087 0.319612902387
2.77608752087 0.31814666294
2.7787989116 0.319612902387
2.7787989116 0.31814666294
2.7787989116 0.316680423494
2.7787989116 0.315214184047
2.7787989116 0.3137479446
2.7787989116 0.312281705153
2.78151030232 0.312281705153
2.78151030232 0.310815465707
2.78151030232 0.30934922626
2.78151030232 0.307882986813
2.78151030232 0.306416747366
2.78422169305 0.306416747366
2.78422169305 0.304950507919
2.78422169305 0.303484268473
2.78422169305 0.302018029026
2.78422169305 0.300551789579
2.78693308377 0.306416747366
2.78693308377 0.304950507919
2.78693308377 0.303484268473
2.78693308377 0.302018029026
2.78693308377 0.300551789579
2.78693308377 0.299085550132
2.78693308377 0.297619310685
2.78693308377 0.296153071239
2.78693308377 0.294686831792
2.7896444745 0.300551789579
2.7896444745 0.299085550132
2.7896444745 0.297619310685
2.7896444745 0.296153071239
2.7896444745 0.294686831792
2.7896444745 0.293220592345
2.7896444745 0.291754352898
2.79235586523 0.294686831792
2.79235586523 0.293220592345
2.79235586523 0.291754352898
2.79235586523 0.290288113452
2.79235586523 0.288821874005
2.79506725595 0.291754352898
2.79506725595 0.290288113452
2.79506725595 0.288821874005
2.79506725595 0.287355634558
2.79506725595 0.285889395111
2.79506725595 0.284423155664
2.79506725595 0.282956916218
2.79777864668 0.288821874005
2.79777864668 0.287355634558
2.79777864668 0.285889395111
2.79777864668 0.284423155664
2.79777864668 0.282956916218
2.79777864668 0.281490676771
2.79777864668 0.280024437324
2.79777864668 0.278558197877
2.79777864668 0.277091958431
2.8004900374 0.282956916218
2.8004900374 0.281490676771
2.8004900374 0.280024437324
2.8004900374 0.278558197877
2.8004900374 0.277091958431
2.8004900374 0.275625718984
2.8004900374 0.274159479537
2.8004900374 0.27269324009
2.80320142813 0.277091958431
2.80320142813 0.275625718984
2.80320142813 0.274159479537
2.80320142813 0.27269324009
2.80320142813 0.271227000643
2.80591281885 0.271227000643
2.80591281885 0.269760761197
2.80591281885 0.26829452175
2.80862420958 0.26829452175
2.80862420958 0.266828282303
2.80862420958 0.265362042856
2.80862420958 0.26389580341
2.8113356003 0.266828282303
2.8113356003 0.265362042856
2.8113356003 0.26389580341
2.8113356003 0.262429563963
2.8113356003 0.260963324516
2.8113356003 0.259497085069
2.81404699103 0.262429563963
2.81404699103 0.260963324516
2.81404699103 0.259497085069
2.81404699103 0.258030845622
2.81404699103 0.256564606176
2.81404699103 0.255098366729
2.81675838175 0.258030845622
2.81675838175 0.256564606176
2.81675838175 0.255098366729
2.81675838175 0.253632127282
2.81675838175 0.252165887835
2.81675838175 0.250699648389
2.81946977248 0.253632127282
2.81946977248 0.252165887835
2.81946977248 0.250699648389
2.81946977248 0.249233408942
2.82218116321 0.249233408942
2.82218116321 0.247767169495
2.82218116321 0.246300930048
2.82218116321 0.244834690601
2.82489255393 0.246300930048
2.82489255393 0.244834690601
2.82489255393 0.243368451155
2.82489255393 0.241902211708
2.82760394466 0.244834690601
2.82760394466 0.243368451155
2.82760394466 0.241902211708
2.82760394466 0.240435972261
2.82760394466 0.238969732814
2.83031533538 0.241902211708
2.83031533538 0.240435972261
2.83031533538 0.238969732814
2.83031533538 0.237503493367
2.83302672611 0.238969732814
2.83302672611 0.237503493367
2.83302672611 0.236037253921
2.83573811683 0.237503493367
2.83573811683 0.236037253921
2.83573811683 0.234571014474
2.83844950756 0.236037253921
2.83844950756 0.234571014474
2.83844950756 0.233104775027
2.83844950756 0.23163853558
2.84116089828 0.234571014474
2.84116089828 0.233104775027
2.84116089828 0.23163853558
2.84116089828 0.230172296134
2.84116089828 0.228706056687
2.84387228901 0.23163853558
2.84387228901 0.230172296134
2.84387228901 0.228706056687
2.84387228901 0.22723981724
2.84658367974 0.228706056687
2.84658367974 0.22723981724
2.84658367974 0.225773577793
2.84929507046 0.22723981724
2.84929507046 0.225773577793
2.85200646119 0.22723981724
2.85200646119 0.225773577793
2.85200646119 0.224307338346
2.85471785191 0.225773577793
2.85471785191 0.224307338346
2.85471785191 0.2228410989
2.85742924264 0.224307338346
2.85742924264 0.2228410989
2.85742924264 0.221374859453
2.85742924264 0.219908620006
2.86014063336 0.2228410989
2.86014063336 0.221374859453
2.86014063336 0.219908620006
2.86014063336 0.218442380559
2.86285202409 0.219908620006
2.86285202409 0.218442380559
2.86556341481 0.219908620006
2.86556341481 0.218442380559
2.86556341481 0.216976141113
2.86827480554 0.218442380559
2.86827480554 0.216976141113
2.87098619626 0.216976141113
2.87098619626 0.215509901666
2.87369758699 0.215509901666
2.87369758699 0.214043662219
2.87640897772 0.215509901666
2.87640897772 0.214043662219
2.87912036844 0.214043662219
2.87912036844 0.212577422772
2.88183175917 0.212577422772
2.88183175917 0.211111183325
2.88454314989 0.212577422772
2.88454314989 0.211111183325
2.88725454062 0.211111183325
2.88725454062 0.209644943879
2.88996593134 0.211111183325
2.88996593134 0.209644943879
2.89267732207 0.209644943879
2.89267732207 0.208178704432
2.89538871279 0.208178704432
2.89538871279 0.206712464985
2.89810010352 0.208178704432
2.89810010352 0.206712464985
2.90081149425 0.208178704432
2.90081149425 0.206712464985
2.90352288497 0.208178704432
2.90352288497 0.206712464985
2.9062342757 0.208178704432
2.9062342757 0.206712464985
2.90894566642 0.208178704432
2.90894566642 0.206712464985
2.91165705715 0.208178704432
2.91165705715 0.206712464985
2.91436844787 0.208178704432
2.91436844787 0.206712464985
2.9170798386 0.208178704432
2.9170798386 0.206712464985
2.91979122932 0.208178704432
2.91979122932 0.206712464985
2.92250262005 0.206712464985
2.92250262005 0.205246225538
2.92521401078 0.206712464985
2.92521401078 0.205246225538
2.9279254015 0.206712464985
2.9279254015 0.205246225538
2.9279254015 0.203779986092
2.93063679223 0.208178704432
2.93063679223 0.206712464985
2.93063679223 0.205246225538
2.93334818295 0.208178704432
2.93334818295 0.206712464985
2.93605957368 0.208178704432
2.93605957368 0.206712464985
2.9387709644 0.209644943879
2.9387709644 0.208178704432
2.9387709644 0.206712464985
2.94148235513 0.209644943879
2.94148235513 0.208178704432
2.94419374585 0.209644943879
2.94419374585 0.208178704432
2.94690513658 0.209644943879
2.94690513658 0.208178704432
2.9496165273 0.211111183325
2.9496165273 0.209644943879
2.9496165273 0.208178704432
2.95232791803 0.211111183325
2.95232791803 0.209644943879
2.95503930876 0.211111183325
2.95503930876 0.209644943879
2.95775069948 0.212577422772
2.95775069948 0.211111183325
2.95775069948 0.209644943879
2.96046209021 0.212577422772
2.96046209021 0.211111183325
2.96317348093 0.212577422772
2.96317348093 0.211111183325
2.96588487166 0.214043662219
2.96588487166 0.212577422772
2.96588487166 0.211111183325
2.96859626238 0.215509901666
2.96859626238 0.214043662219
2.96859626238 0.212577422772
2.97130765311 0.216976141113
2.97130765311 0.215509901666
2.97130765311 0.214043662219
2.97401904383 0.218442380559
2.97401904383 0.216976141113
2.97401904383 0.215509901666
2.97673043456 0.218442380559
2.97673043456 0.216976141113
2.97944182529 0.219908620006
2.97944182529 0.218442380559
2.97944182529 0.216976141113
2.98215321601 0.221374859453
2.98215321601 0.219908620006
2.98215321601 0.218442380559
2.98486460674 0.2228410989
2.98486460674 0.221374859453
2.98486460674 0.219908620006
2.98757599746 0.2228410989
2.98757599746 0.221374859453
2.99028738819 0.225773577793
2.99028738819 0.224307338346
2.99028738819 0.2228410989
2.99028738819 0.221374859453
2.99299877891 0.22723981724
2.99299877891 0.225773577793
2.99299877891 0.224307338346
2.99299877891 0.2228410989
2.99571016964 0.22723981724
2.99571016964 0.225773577793
2.99842156036 0.22723981724
2.99842156036 0.225773577793
3.00113295109 0.228706056687
3.00113295109 0.22723981724
3.00113295109 0.225773577793
3.00384434181 0.230172296134
3.00384434181 0.228706056687
3.00384434181 0.22723981724
3.00655573254 0.233104775027
3.00655573254 0.23163853558
3.00655573254 0.230172296134
3.00926712327 0.233104775027
3.00926712327 0.23163853558
3.01197851399 0.236037253921
3.01197851399 0.234571014474
3.01197851399 0.233104775027
3.01468990472 0.236037253921
3.01468990472 0.234571014474
3.01740129544 0.236037253921
3.01740129544 0.234571014474
3.02011268617 0.237503493367
3.02011268617 0.236037253921
3.02282407689 0.238969732814
3.02282407689 0.237503493367
3.02553546762 0.240435972261
3.02553546762 0.238969732814
3.02824685834 0.241902211708
3.02824685834 0.240435972261
3.03095824907 0.243368451155
3.03095824907 0.241902211708
3.0336696398 0.244834690601
3.0336696398 0.243368451155
3.03638103052 0.244834690601
3.03638103052 0.243368451155
3.03909242125 0.247767169495
3.03909242125 0.246300930048
3.03909242125 0.244834690601
3.04180381197 0.249233408942
3.04180381197 0.247767169495
3.0445152027 0.250699648389
3.0445152027 0.249233408942
3.04722659342 0.252165887835
3.04722659342 0.250699648389
3.04993798415 0.253632127282
3.04993798415 0.252165887835
3.05264937487 0.255098366729
3.05264937487 0.253632127282
3.0553607656 0.255098366729
3.05807215632 0.255098366729
3.06078354705 0.256564606176
3.06078354705 0.255098366729
3.06349493778 0.258030845622
3.06349493778 0.256564606176
3.0662063285 0.259497085069
3.0662063285 0.258030845622
3.06891771923 0.260963324516
3.06891771923 0.259497085069
3.07162910995 0.260963324516
3.07434050068 0.260963324516
3.0770518914 0.262429563963
3.0770518914 0.260963324516
3.07976328213 0.26389580341
3.07976328213 0.262429563963
3.08247467285 0.26389580341
3.08518606358 0.265362042856
3.08518606358 0.26389580341
3.08789745431 0.266828282303
3.08789745431 0.265362042856
3.09060884503 0.266828282303
3.09332023576 0.269760761197
3.09332023576 0.26829452175
3.09332023576 0.266828282303
3.09603162648 0.271227000643
3.09603162648 0.269760761197
3.09603162648 0.26829452175
3.09874301721 0.27269324009
3.09874301721 0.271227000643
3.10145440793 0.274159479537
3.10145440793 0.27269324009
3.10145440793 0.271227000643
3.10416579866 0.275625718984
3.10416579866 0.274159479537
3.10416579866 0.27269324009
3.10687718938 0.275625718984
3.10687718938 0.274159479537
3.10958858011 0.278558197877
3.10958858011 0.277091958431
3.10958858011 0.275625718984
3.10958858011 0.274159479537
3.11229997083 0.280024437324
3.11229997083 0.278558197877
3.11229997083 0.277091958431
3.11229997083 0.275625718984
3.11501136156 0.281490676771
3.11501136156 0.280024437324
3.11501136156 0.278558197877
3.11772275229 0.284423155664
3.11772275229 0.282956916218
3.11772275229 0.281490676771
3.11772275229 0.280024437324
3.12043414301 0.285889395111
3.12043414301 0.284423155664
3.12043414301 0.282956916218
3.12043414301 0.281490676771
3.12314553374 0.285889395111
3.12314553374 0.284423155664
3.12585692446 0.287355634558
3.12585692446 0.285889395111
3.12585692446 0.284423155664
3.12856831519 0.290288113452
3.12856831519 0.288821874005
3.12856831519 0.287355634558
3.12856831519 0.285889395111
3.13127970591 0.291754352898
3.13127970591 0.290288113452
3.13127970591 0.288821874005
3.13399109664 0.291754352898
3.13399109664 0.290288113452
3.13670248736 0.294686831792
3.13670248736 0.293220592345
3.13670248736 0.291754352898
3.13941387809 0.296153071239
3.13941387809 0.294686831792
3.14212526882 0.297619310685
3.14212526882 0.296153071239
3.14483665954 0.300551789579
3.14483665954 0.299085550132
3.14483665954 0.297619310685
3.14754805027 0.302018029026
3.14754805027 0.300551789579
3.15025944099 0.303484268473
3.15025944099 0.302018029026
3.15297083172 0.304950507919
3.15297083172 0.303484268473
3.15568222244 0.306416747366
3.15568222244 0.304950507919
3.15839361317 0.307882986813
3.15839361317 0.306416747366
3.16110500389 0.310815465707
3.16110500389 0.30934922626
3.16110500389 0.307882986813
3.16381639462 0.312281705153
3.16381639462 0.310815465707
3.16652778535 0.3137479446
3.16652778535 0.312281705153
3.16923917607 0.316680423494
3.16923917607 0.315214184047
3.16923917607 0.3137479446
3.1719505668 0.31814666294
3.1719505668 0.316680423494
3.17466195752 0.321079141834
3.17466195752 0.319612902387
3.17737334825 0.324011620728
3.17737334825 0.322545381281
3.17737334825 0.321079141834
3.18008473897 0.325477860174
3.18008473897 0.324011620728
3.1827961297 0.325477860174
3.18550752042 0.328410339068
3.18550752042 0.326944099621
3.18550752042 0.325477860174
3.18821891115 0.329876578515
3.18821891115 0.328410339068
3.18821891115 0.326944099621
3.19093030187 0.331342817961
3.19093030187 0.329876578515
3.1936416926 0.332809057408
3.1936416926 0.331342817961
3.19635308333 0.334275296855
3.19635308333 0.332809057408
3.19906447405 0.338674015195
3.19906447405 0.337207775749
3.19906447405 0.335741536302
3.19906447405 0.334275296855
3.20177586478 0.338674015195
3.20177586478 0.337207775749
3.20177586478 0.335741536302
3.2044872555 0.340140254642
3.2044872555 0.338674015195
3.20719864623 0.346005212429
3.20719864623 0.344538972982
3.20719864623 0.343072733536
3.20719864623 0.341606494089
3.20719864623 0.340140254642
3.20991003695 0.347471451876
3.20991003695 0.346005212429
3.20991003695 0.344538972982
3.20991003695 0.343072733536
3.20991003695 0.341606494089
3.21262142768 0.347471451876
3.21262142768 0.346005212429
3.2153328184 0.35040393077
3.2153328184 0.348937691323
3.2153328184 0.347471451876
3.2153328184 0.346005212429
3.21804420913 0.351870170216
3.21804420913 0.35040393077
3.21804420913 0.348937691323
3.21804420913 0.347471451876
3.22075559986 0.353336409663
3.22075559986 0.351870170216
3.22075559986 0.35040393077
3.22346699058 0.35480264911
3.22346699058 0.353336409663
3.22346699058 0.351870170216
3.22617838131 0.356268888557
3.22617838131 0.35480264911
3.22617838131 0.353336409663
3.22888977203 0.357735128003
3.22888977203 0.356268888557
3.22888977203 0.35480264911
3.23160116276 0.35920136745
3.23160116276 0.357735128003
3.23160116276 0.356268888557
3.23431255348 0.360667606897
3.23431255348 0.35920136745
3.23431255348 0.357735128003
3.23702394421 0.363600085791
3.23702394421 0.362133846344
3.23702394421 0.360667606897
3.23702394421 0.35920136745
3.23973533493 0.365066325237
3.23973533493 0.363600085791
3.23973533493 0.362133846344
3.23973533493 0.360667606897
3.24244672566 0.366532564684
3.24244672566 0.365066325237
3.24244672566 0.363600085791
3.24515811638 0.367998804131
3.24515811638 0.366532564684
3.24515811638 0.365066325237
3.24786950711 0.367998804131
3.24786950711 0.366532564684
3.25058089784 0.370931283025
3.25058089784 0.369465043578
3.25058089784 0.367998804131
3.25058089784 0.366532564684
3.25329228856 0.372397522471
3.25329228856 0.370931283025
3.25329228856 0.369465043578
3.25329228856 0.367998804131
3.25600367929 0.372397522471
3.25600367929 0.370931283025
3.25871507001 0.375330001365
3.25871507001 0.373863761918
3.25871507001 0.372397522471
3.25871507001 0.370931283025
3.26142646074 0.376796240812
3.26142646074 0.375330001365
3.26142646074 0.373863761918
3.26142646074 0.372397522471
3.26413785146 0.378262480258
3.26413785146 0.376796240812
3.26413785146 0.375330001365
3.26684924219 0.378262480258
3.26684924219 0.376796240812
3.26956063291 0.381194959152
3.26956063291 0.379728719705
3.26956063291 0.378262480258
3.27227202364 0.381194959152
3.27227202364 0.379728719705
3.27498341437 0.385593677492
3.27498341437 0.384127438046
3.27498341437 0.382661198599
3.27498341437 0.381194959152
3.27769480509 0.385593677492
3.27769480509 0.384127438046
3.28040619582 0.388526156386
3.28040619582 0.387059916939
3.28040619582 0.385593677492
3.28311758654 0.388526156386
3.28311758654 0.387059916939
3.28582897727 0.389992395833
3.28582897727 0.388526156386
3.28854036799 0.392924874726
3.28854036799 0.391458635279
3.28854036799 0.389992395833
3.29125175872 0.394391114173
3.29125175872 0.392924874726
3.29396314944 0.394391114173
3.29667454017 0.39585735362
3.29667454017 0.394391114173
3.29938593089 0.397323593067
3.29938593089 0.39585735362
3.30209732162 0.398789832513
3.30209732162 0.397323593067
3.30480871235 0.40025607196
3.30480871235 0.398789832513
3.30752010307 0.401722311407
3.30752010307 0.40025607196
3.3102314938 0.403188550854
3.3102314938 0.401722311407
3.31294288452 0.403188550854
3.31565427525 0.4046547903
3.31565427525 0.403188550854
3.31836566597 0.406121029747
3.31836566597 0.4046547903
3.3210770567 0.406121029747
3.32378844742 0.407587269194
3.32378844742 0.406121029747
3.32649983815 0.407587269194
3.32921122888 0.410519748088
3.32921122888 0.409053508641
3.32921122888 0.407587269194
3.3319226196 0.411985987534
3.3319226196 0.410519748088
3.3319226196 0.409053508641
3.33463401033 0.410519748088
3.33734540105 0.410519748088
3.34005679178 0.410519748088
3.3427681825 0.410519748088
3.34547957323 0.410519748088
3.34547957323 0.409053508641
3.34819096395 0.409053508641
3.35090235468 0.409053508641
3.35090235468 0.407587269194
3.3536137454 0.409053508641
3.3536137454 0.407587269194
3.35632513613 0.407587269194
3.35632513613 0.406121029747
3.35903652686 0.406121029747
3.36174791758 0.406121029747
3.36174791758 0.4046547903
3.36174791758 0.403188550854
3.36174791758 0.401722311407
3.36445930831 0.4046547903
3.36445930831 0.403188550854
3.36445930831 0.401722311407
3.36445930831 0.40025607196
3.36445930831 0.398789832513
3.36717069903 0.40025607196
3.36717069903 0.398789832513
3.36717069903 0.397323593067
3.36717069903 0.39585735362
3.36988208976 0.397323593067
3.36988208976 0.39585735362
3.36988208976 0.394391114173
3.37259348048 0.394391114173
3.37259348048 0.392924874726
3.37530487121 0.392924874726
3.37530487121 0.391458635279
3.37530487121 0.389992395833
3.37530487121 0.388526156386
3.37801626193 0.391458635279
3.37801626193 0.389992395833
3.37801626193 0.388526156386
3.37801626193 0.387059916939
3.38072765266 0.388526156386
3.38072765266 0.387059916939
3.38072765266 0.385593677492
3.38343904339 0.387059916939
3.38343904339 0.385593677492
3.38615043411 0.385593677492
3.38615043411 0.384127438046
3.38886182484 0.385593677492
3.38886182484 0.384127438046
3.39157321556 0.384127438046
3.39157321556 0.382661198599
3.39428460629 0.384127438046
3.39428460629 0.382661198599
3.39699599701 0.382661198599
3.39699599701 0.381194959152
3.39699599701 0.379728719705
3.39970738774 0.381194959152
3.39970738774 0.379728719705
3.40241877846 0.379728719705
3.40241877846 0.378262480258
3.40513016919 0.378262480258
3.40513016919 0.376796240812
3.40784155992 0.376796240812
3.40784155992 0.375330001365
3.41055295064 0.375330001365
3.41055295064 0.373863761918
3.41326434137 0.373863761918
3.41326434137 0.372397522471
3.41597573209 0.372397522471
3.41597573209 0.370931283025
3.41868712282 0.369465043578
3.41868712282 0.367998804131
3.42139851354 0.367998804131
3.42139851354 0.366532564684
3.42139851354 0.365066325237
3.42410990427 0.366532564684
3.42410990427 0.365066325237
3.42682129499 0.366532564684
3.42682129499 0.365066325237
3.42953268572 0.369465043578
3.42953268572 0.367998804131
3.42953268572 0.366532564684
3.43224407644 0.372397522471
3.43224407644 0.370931283025
3.43224407644 0.369465043578
3.43495546717 0.375330001365
3.43495546717 0.373863761918
3.43495546717 0.372397522471
3.4376668579 0.379728719705
3.4376668579 0.378262480258
3.4376668579 0.376796240812
3.44037824862 0.382661198599
3.44037824862 0.381194959152
3.44037824862 0.379728719705
3.44308963935 0.387059916939
3.44308963935 0.385593677492
3.44308963935 0.384127438046
3.44580103007 0.392924874726
3.44580103007 0.391458635279
3.44580103007 0.389992395833
3.44580103007 0.388526156386
3.44580103007 0.387059916939
3.4485124208 0.394391114173
3.4485124208 0.392924874726
3.45122381152 0.397323593067
3.45122381152 0.39585735362
3.45122381152 0.394391114173
3.45393520225 0.398789832513
3.45393520225 0.397323593067
3.45664659297 0.40025607196
3.45664659297 0.398789832513
3.4593579837 0.401722311407
3.4593579837 0.40025607196
3.46206937443 0.4046547903
3.46206937443 0.403188550854
3.46206937443 0.401722311407
3.46478076515 0.406121029747
3.46478076515 0.4046547903
3.46749215588 0.407587269194
3.46749215588 0.406121029747
3.4702035466 0.409053508641
3.4702035466 0.407587269194
3.47291493733 0.410519748088
3.47291493733 0.409053508641
3.47562632805 0.411985987534
3.47562632805 0.410519748088
3.47833771878 0.410519748088
3.4810491095 0.410519748088
3.48376050023 0.410519748088
3.48647189095 0.410519748088
3.48918328168 0.411985987534
3.48918328168 0.410519748088
3.49189467241 0.411985987534
3.49460606313 0.413452226981
3.49460606313 0.411985987534
3.49731745386 0.414918466428
3.49731745386 0.413452226981
3.50002884458 0.413452226981
3.50274023531 0.413452226981
3.50545162603 0.413452226981
3.50816301676 0.417850945321
3.50816301676 0.416384705875
3.50816301676 0.414918466428
3.50816301676 0.413452226981
3.51087440748 0.420783424215
3.51087440748 0.419317184768
3.51087440748 0.417850945321
3.51087440748 0.416384705875
3.51358579821 0.425182142555
3.51358579821 0.423715903109
3.51358579821 0.422249663662
3.51358579821 0.420783424215
3.51358579821 0.419317184768
3.51358579821 0.417850945321
3.51629718894 0.435445818683
3.51629718894 0.433979579236
3.51629718894 0.432513339789
3.51629718894 0.431047100343
3.51629718894 0.429580860896
3.51629718894 0.428114621449
3.51629718894 0.426648382002
3.51629718894 0.425182142555
3.51629718894 0.423715903109
3.51629718894 0.422249663662
3.51900857966 0.439844537023
3.51900857966 0.438378297576
3.51900857966 0.43691205813
3.51900857966 0.435445818683
3.51900857966 0.433979579236
3.51900857966 0.432513339789
3.51900857966 0.431047100343
3.51900857966 0.429580860896
3.51900857966 0.428114621449
3.51900857966 0.426648382002
3.51900857966 0.425182142555
3.52171997039 0.444243255364
3.52171997039 0.442777015917
3.52171997039 0.44131077647
3.52171997039 0.439844537023
3.52171997039 0.438378297576
3.52171997039 0.43691205813
3.52171997039 0.435445818683
3.52443136111 0.447175734257
3.52443136111 0.44570949481
3.52443136111 0.444243255364
3.52443136111 0.442777015917
3.52443136111 0.44131077647
3.52443136111 0.439844537023
3.52714275184 0.451574452597
3.52714275184 0.450108213151
3.52714275184 0.448641973704
3.52714275184 0.447175734257
3.52714275184 0.44570949481
3.52714275184 0.444243255364
3.52985414256 0.453040692044
3.52985414256 0.451574452597
3.52985414256 0.450108213151
3.52985414256 0.448641973704
3.53256553329 0.454506931491
3.53256553329 0.453040692044
3.53256553329 0.451574452597
3.53527692401 0.457439410385
3.53527692401 0.455973170938
3.53527692401 0.454506931491
3.53798831474 0.458905649831
3.53798831474 0.457439410385
3.53798831474 0.455973170938
3.54069970546 0.458905649831
3.54069970546 0.457439410385
3.54341109619 0.461838128725
3.54341109619 0.460371889278
3.54341109619 0.458905649831
3.54612248692 0.463304368172
3.54612248692 0.461838128725
3.54612248692 0.460371889278
3.54883387764 0.463304368172
3.54883387764 0.461838128725
3.55154526837 0.464770607618
3.55154526837 0.463304368172
3.55425665909 0.467703086512
3.55425665909 0.466236847065
3.55425665909 0.464770607618
3.55696804982 0.470635565406
3.55696804982 0.469169325959
3.55696804982 0.467703086512
3.55967944054 0.473568044299
3.55967944054 0.472101804852
3.56239083127 0.476500523193
3.56239083127 0.475034283746
3.56510222199 0.477966762639
3.56781361272 0.480899241533
3.56781361272 0.479433002086
3.56781361272 0.477966762639
3.57052500345 0.480899241533
3.57052500345 0.479433002086
3.57323639417 0.48236548098
3.57323639417 0.480899241533
3.5759477849 0.48236548098
3.5759477849 0.480899241533
3.57865917562 0.483831720427
3.57865917562 0.48236548098
3.58137056635 0.483831720427
3.58137056635 0.48236548098
