1.6101895089 0.648050538466
1.61290089963 0.648050538466
1.61561229036 0.648050538466
1.61561229036 0.646584299019
1.61832368108 0.645118059572
1.61832368108 0.643651820126
1.61832368108 0.642185580679
1.62103507181 0.640719341232
1.62103507181 0.639253101785
1.62374646253 0.642185580679
1.62374646253 0.640719341232
1.62374646253 0.639253101785
1.62645785326 0.640719341232
1.62645785326 0.639253101785
1.62645785326 0.637786862339
1.62916924398 0.642185580679
1.62916924398 0.640719341232
1.63188063471 0.643651820126
1.63188063471 0.642185580679
1.63459202543 0.640719341232
1.63459202543 0.639253101785
1.63730341616 0.639253101785
1.63730341616 0.637786862339
1.64001480689 0.637786862339
1.64001480689 0.636320622892
1.64272619761 0.636320622892
1.64272619761 0.634854383445
1.64543758834 0.634854383445
1.64814897906 0.634854383445
1.65086036979 0.634854383445
1.65086036979 0.633388143998
1.65086036979 0.631921904551
1.65357176051 0.633388143998
1.65357176051 0.631921904551
1.65628315124 0.633388143998
1.65628315124 0.631921904551
1.65899454196 0.630455665105
1.66170593269 0.631921904551
1.66170593269 0.630455665105
1.66170593269 0.628989425658
1.66170593269 0.627523186211
1.66441732342 0.627523186211
1.66441732342 0.626056946764
1.66712871414 0.627523186211
1.66712871414 0.626056946764
1.66984010487 0.624590707318
1.66984010487 0.623124467871
1.67255149559 0.626056946764
1.67255149559 0.624590707318
1.67255149559 0.623124467871
1.67526288632 0.624590707318
1.67526288632 0.623124467871
1.67797427704 0.624590707318
1.67797427704 0.623124467871
1.68068566777 0.626056946764
1.68068566777 0.624590707318
1.68068566777 0.623124467871
1.68339705849 0.624590707318
1.68339705849 0.623124467871
1.68339705849 0.621658228424
1.68610844922 0.624590707318
1.68610844922 0.623124467871
1.68881983994 0.624590707318
1.68881983994 0.623124467871
1.69153123067 0.624590707318
1.69153123067 0.623124467871
1.69153123067 0.621658228424
1.6942426214 0.621658228424
1.6942426214 0.620191988977
1.69695401212 0.621658228424
1.69695401212 0.620191988977
1.69695401212 0.61872574953
1.69966540285 0.620191988977
1.69966540285 0.61872574953
1.70237679357 0.61872574953
1.70237679357 0.617259510084
1.7050881843 0.617259510084
1.7050881843 0.615793270637
1.70779957502 0.61872574953
1.70779957502 0.617259510084
1.70779957502 0.615793270637
1.71051096575 0.617259510084
1.71051096575 0.615793270637
1.71051096575 0.61432703119
1.71322235647 0.615793270637
1.71322235647 0.61432703119
1.71322235647 0.612860791743
1.7159337472 0.615793270637
1.7159337472 0.61432703119
1.7159337472 0.612860791743
1.71864513793 0.611394552297
1.72135652865 0.611394552297
1.72406791938 0.60992831285
1.72406791938 0.608462073403
1.7267793101 0.608462073403
1.7267793101 0.606995833956
1.72949070083 0.605529594509
1.72949070083 0.604063355063
1.73220209155 0.604063355063
1.73220209155 0.602597115616
1.73491348228 0.602597115616
1.737624873 0.601130876169
1.737624873 0.599664636722
1.74033626373 0.598198397275
1.74304765445 0.598198397275
1.74304765445 0.596732157829
1.74575904518 0.595265918382
1.74847043591 0.595265918382
1.75118182663 0.593799678935
1.75118182663 0.592333439488
1.75118182663 0.590867200042
1.75389321736 0.590867200042
1.75389321736 0.589400960595
1.75660460808 0.590867200042
1.75931599881 0.590867200042
1.76202738953 0.592333439488
1.76202738953 0.590867200042
1.76473878026 0.592333439488
1.76745017098 0.592333439488
1.77016156171 0.593799678935
1.77016156171 0.592333439488
1.77287295244 0.593799678935
1.77558434316 0.593799678935
1.77829573389 0.593799678935
1.78100712461 0.593799678935
1.78371851534 0.593799678935
1.78642990606 0.595265918382
1.78914129679 0.596732157829
1.79185268751 0.596732157829
1.79456407824 0.598198397275
1.79456407824 0.596732157829
1.79727546896 0.598198397275
1.79998685969 0.599664636722
1.80269825042 0.601130876169
1.80540964114 0.601130876169
1.80540964114 0.599664636722
1.80812103187 0.601130876169
1.80812103187 0.599664636722
1.81083242259 0.599664636722
1.81354381332 0.599664636722
1.81625520404 0.601130876169
1.81896659477 0.602597115616
1.81896659477 0.601130876169
1.82167798549 0.602597115616
1.82167798549 0.601130876169
1.82438937622 0.602597115616
1.82438937622 0.601130876169
1.82710076695 0.604063355063
1.82710076695 0.602597115616
1.82981215767 0.604063355063
1.82981215767 0.602597115616
1.8325235484 0.604063355063
1.8325235484 0.602597115616
1.83523493912 0.604063355063
1.83523493912 0.602597115616
1.83523493912 0.601130876169
1.83794632985 0.602597115616
1.83794632985 0.601130876169
1.84065772057 0.602597115616
1.8433691113 0.601130876169
1.84608050202 0.601130876169
1.84879189275 0.601130876169
1.85150328347 0.601130876169
1.85150328347 0.599664636722
1.8542146742 0.601130876169
1.85692606493 0.601130876169
1.85692606493 0.599664636722
1.85963745565 0.599664636722
1.86234884638 0.599664636722
1.86234884638 0.598198397275
1.8650602371 0.596732157829
1.86777162783 0.595265918382
1.87048301855 0.593799678935
1.87048301855 0.592333439488
1.87319440928 0.590867200042
1.87319440928 0.589400960595
1.87319440928 0.587934721148
1.8759058 0.587934721148
1.87861719073 0.587934721148
1.87861719073 0.586468481701
1.88132858146 0.585002242254
1.88132858146 0.583536002808
1.88403997218 0.582069763361
1.88403997218 0.580603523914
1.88403997218 0.579137284467
1.88403997218 0.577671045021
1.88403997218 0.576204805574
1.88675136291 0.574738566127
1.88675136291 0.57327232668
1.88675136291 0.571806087233
1.88946275363 0.570339847787
1.88946275363 0.56887360834
1.89217414436 0.567407368893
1.89217414436 0.565941129446
1.89217414436 0.56447489
1.89217414436 0.563008650553
1.89488553508 0.561542411106
1.89488553508 0.560076171659
1.89488553508 0.558609932212
1.89488553508 0.557143692766
1.89488553508 0.555677453319
1.89488553508 0.554211213872
1.89759692581 0.552744974425
1.89759692581 0.551278734979
1.89759692581 0.549812495532
1.89759692581 0.548346256085
1.89759692581 0.546880016638
1.89759692581 0.545413777191
1.89759692581 0.543947537745
1.90030831653 0.543947537745
1.90030831653 0.542481298298
1.90030831653 0.541015058851
1.90030831653 0.539548819404
1.90301970726 0.538082579957
1.90301970726 0.536616340511
1.90301970726 0.535150101064
1.90301970726 0.533683861617
1.90301970726 0.53221762217
1.90573109799 0.530751382724
1.90573109799 0.529285143277
1.90573109799 0.52781890383
1.90573109799 0.526352664383
1.90573109799 0.524886424936
1.90573109799 0.514622748809
1.90844248871 0.52342018549
1.90844248871 0.521953946043
1.90844248871 0.520487706596
1.90844248871 0.519021467149
1.90844248871 0.517555227703
1.90844248871 0.516088988256
1.91115387944 0.514622748809
1.91115387944 0.513156509362
1.91115387944 0.511690269915
1.91115387944 0.510224030469
1.91115387944 0.507291551575
1.91386527016 0.508757791022
1.91386527016 0.507291551575
1.91386527016 0.505825312128
1.91386527016 0.504359072682
1.91386527016 0.502892833235
1.91386527016 0.501426593788
1.91386527016 0.499960354341
1.91657666089 0.508757791022
1.91657666089 0.507291551575
1.91657666089 0.505825312128
1.91657666089 0.504359072682
1.91657666089 0.498494114894
1.91657666089 0.497027875448
1.91657666089 0.495561636001
1.91657666089 0.494095396554
1.91657666089 0.492629157107
1.91657666089 0.491162917661
1.91928805161 0.489696678214
1.91928805161 0.488230438767
1.91928805161 0.48676419932
1.91928805161 0.485297959873
1.91928805161 0.483831720427
1.91928805161 0.48236548098
1.91928805161 0.480899241533
1.91928805161 0.479433002086
1.92199944234 0.479433002086
1.92199944234 0.477966762639
1.92199944234 0.476500523193
1.92199944234 0.475034283746
1.92471083306 0.475034283746
1.92471083306 0.473568044299
1.92471083306 0.472101804852
1.92471083306 0.470635565406
1.92471083306 0.469169325959
1.92471083306 0.467703086512
1.92471083306 0.466236847065
1.92471083306 0.464770607618
1.92471083306 0.463304368172
1.92742222379 0.463304368172
1.92742222379 0.461838128725
1.92742222379 0.460371889278
1.92742222379 0.458905649831
1.92742222379 0.457439410385
1.92742222379 0.455973170938
1.92742222379 0.454506931491
1.92742222379 0.453040692044
1.93013361451 0.451574452597
1.93013361451 0.450108213151
1.93013361451 0.448641973704
1.93013361451 0.447175734257
1.93284500524 0.44570949481
1.93284500524 0.444243255364
1.93284500524 0.442777015917
1.93284500524 0.44131077647
1.93284500524 0.439844537023
1.93284500524 0.438378297576
1.93284500524 0.43691205813
1.93284500524 0.435445818683
1.93555639597 0.433979579236
1.93555639597 0.432513339789
1.93555639597 0.431047100343
1.93555639597 0.429580860896
1.93555639597 0.428114621449
1.93555639597 0.426648382002
1.93555639597 0.425182142555
1.93555639597 0.423715903109
1.93555639597 0.422249663662
1.93826778669 0.420783424215
1.93826778669 0.419317184768
1.93826778669 0.417850945321
1.93826778669 0.416384705875
1.94097917742 0.414918466428
1.94097917742 0.413452226981
1.94097917742 0.411985987534
1.94097917742 0.410519748088
1.94097917742 0.409053508641
1.94097917742 0.407587269194
1.94097917742 0.406121029747
1.94097917742 0.4046547903
1.94097917742 0.403188550854
1.94097917742 0.401722311407
1.94369056814 0.401722311407
1.94369056814 0.40025607196
1.94369056814 0.398789832513
1.94369056814 0.397323593067
1.94369056814 0.39585735362
1.94369056814 0.394391114173
1.94640195887 0.394391114173
1.94640195887 0.392924874726
1.94640195887 0.391458635279
1.94911334959 0.391458635279
1.94911334959 0.389992395833
1.95182474032 0.389992395833
1.95453613104 0.389992395833
1.95724752177 0.394391114173
1.95724752177 0.392924874726
1.95724752177 0.391458635279
1.95724752177 0.389992395833
1.95724752177 0.388526156386
1.9599589125 0.40025607196
1.9599589125 0.398789832513
1.9599589125 0.397323593067
1.9599589125 0.39585735362
1.9599589125 0.394391114173
1.9599589125 0.392924874726
1.9599589125 0.391458635279
1.9599589125 0.389992395833
1.96267030322 0.4046547903
1.96267030322 0.403188550854
1.96267030322 0.401722311407
1.96267030322 0.40025607196
1.96267030322 0.398789832513
1.96267030322 0.397323593067
1.96267030322 0.39585735362
1.96538169395 0.414918466428
1.96538169395 0.413452226981
1.96538169395 0.411985987534
1.96538169395 0.410519748088
1.96538169395 0.409053508641
1.96538169395 0.407587269194
1.96538169395 0.406121029747
1.96538169395 0.4046547903
1.96538169395 0.403188550854
1.96809308467 0.425182142555
1.96809308467 0.423715903109
1.96809308467 0.422249663662
1.96809308467 0.420783424215
1.96809308467 0.419317184768
1.96809308467 0.417850945321
1.96809308467 0.416384705875
1.96809308467 0.414918466428
1.96809308467 0.413452226981
1.96809308467 0.411985987534
1.96809308467 0.410519748088
1.96809308467 0.409053508641
1.96809308467 0.407587269194
1.9708044754 0.426648382002
1.9708044754 0.425182142555
1.9708044754 0.423715903109
1.9708044754 0.422249663662
1.9708044754 0.420783424215
1.9708044754 0.419317184768
1.9708044754 0.417850945321
1.9708044754 0.416384705875
1.97351586612 0.426648382002
1.97622725685 0.432513339789
1.97622725685 0.431047100343
1.97622725685 0.429580860896
1.97622725685 0.428114621449
1.97893864757 0.435445818683
1.97893864757 0.433979579236
1.9816500383 0.438378297576
1.9816500383 0.43691205813
1.98436142902 0.44131077647
1.98436142902 0.439844537023
1.98707281975 0.444243255364
1.98707281975 0.442777015917
1.98978421048 0.448641973704
1.98978421048 0.447175734257
1.98978421048 0.44570949481
1.9924956012 0.454506931491
1.9924956012 0.453040692044
1.9924956012 0.451574452597
1.9924956012 0.450108213151
1.99520699193 0.457439410385
1.99520699193 0.455973170938
1.99791838265 0.464770607618
1.99791838265 0.463304368172
1.99791838265 0.461838128725
1.99791838265 0.460371889278
1.99791838265 0.458905649831
2.00062977338 0.470635565406
2.00062977338 0.469169325959
2.00062977338 0.467703086512
2.00062977338 0.466236847065
2.00062977338 0.464770607618
2.0033411641 0.480899241533
2.0033411641 0.479433002086
2.0033411641 0.477966762639
2.0033411641 0.476500523193
2.0033411641 0.475034283746
2.0033411641 0.473568044299
2.0033411641 0.472101804852
2.0033411641 0.470635565406
2.00605255483 0.48676419932
2.00605255483 0.485297959873
2.00605255483 0.483831720427
2.00605255483 0.48236548098
2.00876394555 0.498494114894
2.00876394555 0.497027875448
2.00876394555 0.495561636001
2.00876394555 0.494095396554
2.00876394555 0.492629157107
2.00876394555 0.491162917661
2.00876394555 0.489696678214
2.00876394555 0.488230438767
2.01147533628 0.513156509362
2.01147533628 0.511690269915
2.01147533628 0.507291551575
2.01147533628 0.505825312128
2.01147533628 0.504359072682
2.01147533628 0.499960354341
2.01418672701 0.514622748809
2.01418672701 0.513156509362
2.01418672701 0.511690269915
2.01689811773 0.521953946043
2.01689811773 0.520487706596
2.01689811773 0.519021467149
2.01689811773 0.517555227703
2.01689811773 0.516088988256
2.01689811773 0.513156509362
2.01689811773 0.511690269915
2.01960950846 0.524886424936
2.01960950846 0.52342018549
2.02232089918 0.530751382724
2.02232089918 0.529285143277
2.02232089918 0.52781890383
2.02232089918 0.526352664383
2.02503228991 0.533683861617
2.02503228991 0.53221762217
2.02774368063 0.538082579957
2.02774368063 0.536616340511
2.02774368063 0.535150101064
2.03045507136 0.538082579957
2.03316646208 0.542481298298
2.03316646208 0.541015058851
2.03316646208 0.539548819404
2.03587785281 0.543947537745
2.03587785281 0.542481298298
2.03858924353 0.545413777191
2.03858924353 0.543947537745
2.04130063426 0.546880016638
2.04130063426 0.545413777191
2.04401202499 0.548346256085
2.04401202499 0.546880016638
2.04672341571 0.549812495532
2.04672341571 0.548346256085
2.04672341571 0.546880016638
2.04943480644 0.548346256085
2.04943480644 0.546880016638
2.05214619716 0.549812495532
2.05214619716 0.548346256085
2.05485758789 0.549812495532
2.05485758789 0.548346256085
2.05756897861 0.551278734979
2.05756897861 0.549812495532
2.05756897861 0.548346256085
2.06028036934 0.551278734979
2.06028036934 0.549812495532
2.06299176006 0.551278734979
2.06299176006 0.549812495532
2.06570315079 0.551278734979
2.06570315079 0.549812495532
2.06841454152 0.549812495532
2.06841454152 0.548346256085
2.07112593224 0.551278734979
2.07112593224 0.549812495532
2.07112593224 0.548346256085
2.07383732297 0.549812495532
2.07383732297 0.548346256085
2.07654871369 0.551278734979
2.07654871369 0.549812495532
2.07926010442 0.549812495532
2.07926010442 0.548346256085
2.08197149514 0.549812495532
2.08197149514 0.548346256085
2.08468288587 0.548346256085
2.08468288587 0.546880016638
2.08739427659 0.548346256085
2.08739427659 0.546880016638
2.09010566732 0.548346256085
2.09010566732 0.546880016638
2.09281705804 0.548346256085
2.09281705804 0.546880016638
2.09552844877 0.546880016638
2.09552844877 0.545413777191
2.0982398395 0.546880016638
2.0982398395 0.545413777191
2.10095123022 0.546880016638
2.10095123022 0.545413777191
2.10366262095 0.545413777191
2.10366262095 0.543947537745
2.10637401167 0.545413777191
2.10637401167 0.543947537745
2.1090854024 0.543947537745
2.1090854024 0.542481298298
2.11179679312 0.543947537745
2.11179679312 0.542481298298
2.11450818385 0.543947537745
2.11450818385 0.542481298298
2.11450818385 0.541015058851
2.11450818385 0.539548819404
2.11721957457 0.539548819404
2.1199309653 0.539548819404
2.12264235603 0.538082579957
2.12264235603 0.536616340511
2.12264235603 0.535150101064
2.12535374675 0.535150101064
2.12806513748 0.533683861617
2.1307765282 0.53221762217
2.13348791893 0.53221762217
2.13619930965 0.530751382724
2.13619930965 0.529285143277
2.13891070038 0.52781890383
2.1416220911 0.52781890383
2.1416220911 0.526352664383
2.14433348183 0.524886424936
2.14704487256 0.524886424936
2.14975626328 0.524886424936
2.14975626328 0.52342018549
2.15246765401 0.52342018549
2.15517904473 0.521953946043
2.15789043546 0.521953946043
2.16060182618 0.520487706596
2.16331321691 0.520487706596
2.16602460763 0.519021467149
2.16602460763 0.517555227703
2.16873599836 0.516088988256
2.17144738908 0.514622748809
2.17687017054 0.513156509362
2.17958156126 0.513156509362
2.17958156126 0.511690269915
2.18229295199 0.511690269915
2.18500434271 0.510224030469
2.18500434271 0.508757791022
2.18771573344 0.510224030469
2.18771573344 0.508757791022
2.19042712416 0.507291551575
2.19313851489 0.508757791022
2.19313851489 0.507291551575
2.19313851489 0.505825312128
2.19584990561 0.508757791022
2.19584990561 0.507291551575
2.19584990561 0.505825312128
2.19856129634 0.508757791022
2.19856129634 0.507291551575
2.19856129634 0.505825312128
2.20127268707 0.508757791022
2.20127268707 0.507291551575
2.20127268707 0.505825312128
2.20398407779 0.507291551575
2.20398407779 0.505825312128
2.20398407779 0.504359072682
2.20669546852 0.507291551575
2.20669546852 0.505825312128
2.20669546852 0.504359072682
2.20669546852 0.502892833235
2.20940685924 0.505825312128
2.20940685924 0.502892833235
2.20940685924 0.501426593788
2.21211824997 0.501426593788
2.21482964069 0.499960354341
2.21482964069 0.498494114894
2.21754103142 0.497027875448
2.22025242214 0.497027875448
2.22296381287 0.497027875448
2.22296381287 0.495561636001
2.22567520359 0.495561636001
2.22567520359 0.494095396554
2.22838659432 0.494095396554
2.23109798505 0.494095396554
2.23380937577 0.494095396554
2.2365207665 0.497027875448
2.2365207665 0.495561636001
2.2365207665 0.494095396554
2.23923215722 0.497027875448
2.23923215722 0.495561636001
2.24194354795 0.497027875448
2.24465493867 0.504359072682
2.24465493867 0.498494114894
2.2473663294 0.505825312128
2.2473663294 0.504359072682
2.2473663294 0.502892833235
2.2473663294 0.501426593788
2.2473663294 0.499960354341
2.25007772012 0.504359072682
2.25007772012 0.502892833235
2.25007772012 0.501426593788
2.25278911085 0.505825312128
2.25278911085 0.504359072682
2.25278911085 0.502892833235
2.25550050158 0.505825312128
2.25550050158 0.504359072682
2.25550050158 0.502892833235
2.2582118923 0.505825312128
2.2582118923 0.504359072682
2.2582118923 0.502892833235
2.26092328303 0.504359072682
2.26092328303 0.502892833235
2.26363467375 0.504359072682
2.26363467375 0.502892833235
2.26363467375 0.501426593788
2.26634606448 0.502892833235
2.26634606448 0.501426593788
2.2690574552 0.502892833235
2.2690574552 0.501426593788
2.27176884593 0.502892833235
2.27176884593 0.501426593788
2.27448023665 0.502892833235
2.27448023665 0.501426593788
2.27448023665 0.499960354341
2.27719162738 0.501426593788
2.27719162738 0.499960354341
2.2799030181 0.501426593788
2.2799030181 0.499960354341
2.2799030181 0.498494114894
2.28261440883 0.499960354341
2.28261440883 0.498494114894
2.28532579956 0.499960354341
2.28532579956 0.498494114894
2.28803719028 0.501426593788
2.28803719028 0.499960354341
2.29074858101 0.501426593788
2.29617136246 0.504359072682
2.29888275318 0.505825312128
2.30159414391 0.505825312128
2.30430553463 0.507291551575
2.30701692536 0.507291551575
2.30972831609 0.507291551575
2.31243970681 0.507291551575
2.31515109754 0.508757791022
2.31786248826 0.507291551575
2.32057387899 0.507291551575
2.32328526971 0.507291551575
2.32599666044 0.508757791022
2.32599666044 0.507291551575
2.32870805116 0.507291551575
2.33141944189 0.505825312128
2.33413083261 0.505825312128
2.33684222334 0.505825312128
2.33955361407 0.504359072682
2.34226500479 0.502892833235
2.34497639552 0.501426593788
2.34768778624 0.499960354341
2.35039917697 0.498494114894
2.35039917697 0.497027875448
2.35311056769 0.498494114894
2.35311056769 0.497027875448
2.35582195842 0.498494114894
2.35582195842 0.497027875448
2.35582195842 0.495561636001
2.35853334914 0.497027875448
2.35853334914 0.495561636001
2.36124473987 0.495561636001
2.36124473987 0.494095396554
2.36124473987 0.492629157107
2.3639561306 0.495561636001
2.3639561306 0.494095396554
2.3639561306 0.492629157107
2.3639561306 0.491162917661
2.36666752132 0.491162917661
2.36666752132 0.489696678214
2.36666752132 0.488230438767
2.36937891205 0.489696678214
2.36937891205 0.488230438767
2.36937891205 0.48676419932
2.37209030277 0.48676419932
2.37209030277 0.485297959873
2.3748016935 0.485297959873
2.3748016935 0.483831720427
2.3748016935 0.48236548098
2.37751308422 0.48236548098
2.37751308422 0.480899241533
2.38022447495 0.480899241533
2.38022447495 0.479433002086
2.38022447495 0.477966762639
2.38293586567 0.477966762639
2.38293586567 0.476500523193
2.38293586567 0.475034283746
2.38293586567 0.473568044299
2.38293586567 0.472101804852
2.3856472564 0.472101804852
2.3856472564 0.470635565406
2.3856472564 0.469169325959
2.38835864712 0.467703086512
2.38835864712 0.466236847065
2.38835864712 0.464770607618
2.39107003785 0.463304368172
2.39107003785 0.461838128725
2.39107003785 0.460371889278
2.39378142858 0.458905649831
2.39378142858 0.457439410385
2.39378142858 0.455973170938
2.3964928193 0.454506931491
2.3964928193 0.453040692044
2.3964928193 0.451574452597
2.39920421003 0.450108213151
2.39920421003 0.448641973704
2.39920421003 0.447175734257
2.40191560075 0.44570949481
2.40191560075 0.444243255364
2.40191560075 0.442777015917
2.40462699148 0.44131077647
2.40462699148 0.439844537023
2.40462699148 0.438378297576
2.4073383822 0.43691205813
2.4073383822 0.435445818683
2.4073383822 0.433979579236
2.41004977293 0.432513339789
2.41004977293 0.431047100343
2.41004977293 0.429580860896
2.41004977293 0.428114621449
2.41004977293 0.426648382002
2.41004977293 0.425182142555
2.41004977293 0.423715903109
2.41004977293 0.422249663662
2.41276116365 0.420783424215
2.41276116365 0.419317184768
2.41276116365 0.417850945321
2.41547255438 0.416384705875
2.41547255438 0.414918466428
2.41547255438 0.413452226981
2.41547255438 0.411985987534
2.41818394511 0.410519748088
2.41818394511 0.409053508641
2.41818394511 0.407587269194
2.41818394511 0.406121029747
2.41818394511 0.4046547903
2.42089533583 0.4046547903
2.42089533583 0.403188550854
2.42089533583 0.401722311407
2.42089533583 0.40025607196
2.42089533583 0.398789832513
2.42360672656 0.398789832513
2.42360672656 0.397323593067
2.42360672656 0.39585735362
2.42360672656 0.394391114173
2.42631811728 0.392924874726
2.42631811728 0.391458635279
2.42631811728 0.389992395833
2.42902950801 0.388526156386
2.42902950801 0.387059916939
2.43174089873 0.385593677492
2.43174089873 0.384127438046
2.43445228946 0.382661198599
2.43445228946 0.381194959152
2.43716368018 0.379728719705
2.43716368018 0.378262480258
2.43987507091 0.376796240812
2.43987507091 0.375330001365
2.44258646164 0.373863761918
2.44258646164 0.372397522471
2.44529785236 0.370931283025
2.44529785236 0.369465043578
2.44529785236 0.367998804131
2.44800924309 0.366532564684
2.45072063381 0.365066325237
2.45343202454 0.365066325237
2.45614341526 0.363600085791
2.45885480599 0.362133846344
2.46156619671 0.360667606897
2.46427758744 0.35920136745
2.46698897816 0.35920136745
2.46970036889 0.35920136745
2.47241175962 0.357735128003
2.47512315034 0.356268888557
2.47512315034 0.35480264911
2.47783454107 0.353336409663
2.48054593179 0.351870170216
2.48054593179 0.35040393077
2.48325732252 0.35040393077
2.48596871324 0.35040393077
2.48596871324 0.348937691323
2.48868010397 0.348937691323
2.48868010397 0.347471451876
2.48868010397 0.346005212429
2.49139149469 0.347471451876
2.49139149469 0.346005212429
2.49410288542 0.346005212429
2.49410288542 0.344538972982
2.49681427615 0.344538972982
2.49681427615 0.343072733536
2.49952566687 0.343072733536
2.5022370576 0.343072733536
2.50494844832 0.343072733536
2.50765983905 0.343072733536
2.51037122977 0.344538972982
2.5130826205 0.344538972982
2.51579401122 0.344538972982
2.51850540195 0.344538972982
2.52121679267 0.346005212429
2.5239281834 0.346005212429
2.52663957413 0.347471451876
2.52935096485 0.346005212429
2.53206235558 0.347471451876
2.5347737463 0.347471451876
2.53748513703 0.348937691323
2.54019652775 0.348937691323
2.54290791848 0.348937691323
2.5456193092 0.348937691323
2.54833069993 0.35040393077
2.55104209066 0.348937691323
2.55375348138 0.348937691323
2.55646487211 0.35040393077
2.55917626283 0.35040393077
2.56188765356 0.348937691323
2.56459904428 0.348937691323
2.56731043501 0.347471451876
2.57002182573 0.346005212429
2.57273321646 0.344538972982
2.57544460718 0.343072733536
2.57815599791 0.343072733536
2.58086738864 0.341606494089
2.58086738864 0.340140254642
2.58357877936 0.340140254642
2.58629017009 0.340140254642
2.58900156081 0.340140254642
2.59171295154 0.340140254642
2.59442434226 0.340140254642
2.59713573299 0.340140254642
2.59984712371 0.340140254642
2.60255851444 0.338674015195
2.60526990517 0.338674015195
2.60798129589 0.338674015195
2.61069268662 0.338674015195
2.61340407734 0.337207775749
2.61340407734 0.335741536302
2.61611546807 0.337207775749
2.61611546807 0.335741536302
2.61882685879 0.337207775749
2.61882685879 0.335741536302
2.62153824952 0.335741536302
2.62153824952 0.334275296855
2.62424964024 0.334275296855
2.62696103097 0.332809057408
2.62967242169 0.331342817961
2.63238381242 0.329876578515
2.63509520315 0.328410339068
2.63509520315 0.326944099621
2.63509520315 0.325477860174
2.63780659387 0.328410339068
2.63780659387 0.326944099621
2.63780659387 0.325477860174
2.6405179846 0.326944099621
2.6405179846 0.325477860174
2.64322937532 0.325477860174
2.64594076605 0.324011620728
2.64865215677 0.322545381281
2.6513635475 0.321079141834
2.65407493822 0.319612902387
2.65407493822 0.31814666294
2.65678632895 0.316680423494
2.65678632895 0.315214184047
2.65949771968 0.3137479446
2.65949771968 0.312281705153
2.6622091104 0.310815465707
2.66492050113 0.30934922626
2.66492050113 0.307882986813
2.66763189185 0.306416747366
2.66763189185 0.304950507919
2.67034328258 0.303484268473
2.6730546733 0.302018029026
2.6730546733 0.300551789579
2.67576606403 0.299085550132
2.67576606403 0.297619310685
2.67847745475 0.296153071239
2.67847745475 0.294686831792
2.67847745475 0.293220592345
2.68118884548 0.291754352898
2.68118884548 0.290288113452
2.68118884548 0.288821874005
2.68118884548 0.287355634558
2.68390023621 0.285889395111
2.68390023621 0.284423155664
2.68390023621 0.282956916218
2.68661162693 0.281490676771
2.68661162693 0.280024437324
2.68661162693 0.278558197877
2.68932301766 0.277091958431
2.68932301766 0.275625718984
2.68932301766 0.274159479537
2.68932301766 0.27269324009
2.69203440838 0.271227000643
2.69203440838 0.269760761197
2.69203440838 0.26829452175
2.69203440838 0.266828282303
2.69474579911 0.265362042856
2.69474579911 0.26389580341
2.69474579911 0.262429563963
2.69474579911 0.260963324516
2.69745718983 0.260963324516
2.69745718983 0.259497085069
2.69745718983 0.258030845622
2.70016858056 0.258030845622
2.70016858056 0.256564606176
2.70016858056 0.255098366729
2.70287997128 0.255098366729
2.70287997128 0.253632127282
2.70287997128 0.252165887835
2.70287997128 0.250699648389
2.70287997128 0.249233408942
2.70559136201 0.247767169495
2.70559136201 0.246300930048
2.70559136201 0.244834690601
2.70559136201 0.243368451155
2.70830275273 0.241902211708
2.70830275273 0.240435972261
2.70830275273 0.238969732814
2.70830275273 0.237503493367
2.71101414346 0.236037253921
2.71101414346 0.234571014474
2.71101414346 0.233104775027
2.71101414346 0.23163853558
2.71101414346 0.230172296134
2.71372553419 0.228706056687
2.71372553419 0.22723981724
2.71372553419 0.225773577793
2.71372553419 0.224307338346
2.71643692491 0.2228410989
2.71643692491 0.221374859453
2.71643692491 0.219908620006
2.71643692491 0.218442380559
2.71914831564 0.216976141113
2.71914831564 0.215509901666
2.71914831564 0.214043662219
2.72185970636 0.212577422772
2.72185970636 0.211111183325
2.72185970636 0.209644943879
2.72185970636 0.208178704432
2.72457109709 0.206712464985
2.72457109709 0.205246225538
2.72457109709 0.203779986092
2.72457109709 0.202313746645
2.72457109709 0.200847507198
2.72728248781 0.199381267751
2.72728248781 0.197915028304
2.72728248781 0.196448788858
2.72728248781 0.194982549411
2.72728248781 0.193516309964
2.72728248781 0.192050070517
2.72999387854 0.192050070517
2.72999387854 0.19058383107
2.72999387854 0.189117591624
2.72999387854 0.187651352177
2.72999387854 0.18618511273
2.73270526926 0.18618511273
2.73270526926 0.184718873283
2.73270526926 0.183252633837
2.73270526926 0.18178639439
2.73270526926 0.180320154943
2.73541665999 0.180320154943
2.73541665999 0.178853915496
2.73541665999 0.177387676049
2.73541665999 0.175921436603
2.73812805072 0.175921436603
2.73812805072 0.174455197156
2.73812805072 0.172988957709
2.74083944144 0.171522718262
2.74083944144 0.170056478816
2.74083944144 0.168590239369
2.74355083217 0.167123999922
2.74355083217 0.165657760475
2.74355083217 0.164191521028
2.74355083217 0.162725281582
2.74626222289 0.161259042135
2.74626222289 0.159792802688
2.74626222289 0.158326563241
2.74897361362 0.156860323795
2.74897361362 0.155394084348
2.74897361362 0.153927844901
2.75168500434 0.156860323795
2.75168500434 0.155394084348
2.75168500434 0.153927844901
2.75168500434 0.152461605454
2.75168500434 0.150995366007
2.75168500434 0.149529126561
2.75168500434 0.148062887114
2.75439639507 0.152461605454
2.75439639507 0.150995366007
2.75439639507 0.149529126561
2.75439639507 0.148062887114
2.75439639507 0.146596647667
2.75439639507 0.14513040822
2.75710778579 0.146596647667
2.75710778579 0.14513040822
2.75710778579 0.143664168774
2.75710778579 0.142197929327
2.75981917652 0.143664168774
2.75981917652 0.142197929327
2.75981917652 0.14073168988
2.75981917652 0.139265450433
2.76253056724 0.14073168988
2.76253056724 0.139265450433
2.76253056724 0.137799210986
2.76253056724 0.13633297154
2.76253056724 0.134866732093
2.76524195797 0.137799210986
2.76524195797 0.13633297154
2.76524195797 0.134866732093
2.76524195797 0.133400492646
2.76524195797 0.131934253199
2.76524195797 0.130468013752
2.7679533487 0.133400492646
2.7679533487 0.131934253199
2.7679533487 0.130468013752
2.7679533487 0.129001774306
2.7679533487 0.127535534859
2.7679533487 0.126069295412
2.77066473942 0.129001774306
2.77066473942 0.127535534859
2.77066473942 0.126069295412
2.77337613015 0.124603055965
2.77337613015 0.123136816519
2.77337613015 0.121670577072
2.77608752087 0.121670577072
2.77608752087 0.120204337625
2.7787989116 0.121670577072
2.7787989116 0.120204337625
2.78151030232 0.120204337625
2.78151030232 0.118738098178
2.78151030232 0.117271858731
2.78422169305 0.117271858731
2.78422169305 0.115805619285
2.78422169305 0.114339379838
2.78693308377 0.114339379838
2.78693308377 0.112873140391
2.7896444745 0.112873140391
2.7896444745 0.111406900944
2.7896444745 0.109940661498
2.79235586523 0.108474422051
2.79506725595 0.108474422051
2.79777864668 0.107008182604
2.8004900374 0.105541943157
2.80320142813 0.10407570371
2.80591281885 0.102609464264
2.80862420958 0.102609464264
2.8113356003 0.101143224817
2.81404699103 0.0996769853701
2.81675838175 0.0982107459233
2.81946977248 0.0982107459233
2.82218116321 0.0982107459233
2.82489255393 0.0982107459233
2.82760394466 0.0982107459233
2.83031533538 0.0967445064765
2.83302672611 0.0967445064765
2.83573811683 0.0982107459233
2.83844950756 0.0982107459233
2.84116089828 0.0982107459233
2.84387228901 0.0982107459233
2.84658367974 0.0982107459233
2.84929507046 0.0996769853701
2.85200646119 0.0996769853701
2.85471785191 0.101143224817
2.85742924264 0.101143224817
2.86014063336 0.102609464264
2.86285202409 0.102609464264
2.86556341481 0.102609464264
2.86827480554 0.102609464264
2.87098619626 0.102609464264
2.87369758699 0.102609464264
2.87640897772 0.102609464264
2.87912036844 0.10407570371
2.88183175917 0.105541943157
2.88183175917 0.10407570371
2.88454314989 0.107008182604
2.88454314989 0.105541943157
2.88454314989 0.10407570371
2.88725454062 0.107008182604
2.88996593134 0.107008182604
2.89267732207 0.107008182604
2.89538871279 0.107008182604
2.89538871279 0.105541943157
2.89810010352 0.107008182604
2.89810010352 0.105541943157
2.90081149425 0.107008182604
2.90352288497 0.108474422051
2.90352288497 0.107008182604
2.9062342757 0.108474422051
2.90894566642 0.107008182604
2.91165705715 0.107008182604
2.91436844787 0.107008182604
2.9170798386 0.105541943157
2.91979122932 0.105541943157
2.92250262005 0.107008182604
2.92250262005 0.105541943157
2.92521401078 0.107008182604
2.9279254015 0.107008182604
2.93063679223 0.105541943157
2.93334818295 0.107008182604
2.93334818295 0.105541943157
2.93605957368 0.107008182604
2.9387709644 0.107008182604
2.94148235513 0.107008182604
2.94419374585 0.108474422051
2.94419374585 0.107008182604
2.94690513658 0.108474422051
2.9496165273 0.108474422051
2.95232791803 0.108474422051
2.95503930876 0.111406900944
2.95503930876 0.109940661498
2.95775069948 0.111406900944
2.95775069948 0.109940661498
2.96046209021 0.112873140391
2.96046209021 0.111406900944
2.96317348093 0.114339379838
2.96317348093 0.112873140391
2.96588487166 0.114339379838
2.96588487166 0.112873140391
2.96859626238 0.114339379838
2.96859626238 0.112873140391
2.97130765311 0.115805619285
2.97130765311 0.114339379838
2.97401904383 0.115805619285
2.97401904383 0.114339379838
2.97673043456 0.115805619285
2.97673043456 0.114339379838
2.97944182529 0.115805619285
2.97944182529 0.114339379838
2.98215321601 0.117271858731
2.98215321601 0.115805619285
2.98486460674 0.117271858731
2.98486460674 0.115805619285
2.98757599746 0.118738098178
2.98757599746 0.117271858731
2.99028738819 0.118738098178
2.99028738819 0.117271858731
2.99299877891 0.118738098178
2.99299877891 0.117271858731
2.99571016964 0.118738098178
2.99571016964 0.117271858731
2.99842156036 0.118738098178
2.99842156036 0.117271858731
3.00113295109 0.118738098178
3.00113295109 0.117271858731
3.00384434181 0.120204337625
3.00384434181 0.118738098178
3.00655573254 0.120204337625
3.00655573254 0.118738098178
3.00926712327 0.120204337625
3.00926712327 0.118738098178
3.01197851399 0.120204337625
3.01197851399 0.118738098178
3.01468990472 0.121670577072
3.01468990472 0.120204337625
3.01740129544 0.121670577072
3.01740129544 0.120204337625
3.02011268617 0.121670577072
3.02011268617 0.120204337625
3.02282407689 0.121670577072
3.02282407689 0.120204337625
3.02553546762 0.121670577072
3.02553546762 0.120204337625
3.02824685834 0.121670577072
3.02824685834 0.120204337625
3.03095824907 0.121670577072
3.03095824907 0.120204337625
3.0336696398 0.123136816519
3.0336696398 0.121670577072
3.03638103052 0.123136816519
3.03909242125 0.123136816519
3.04180381197 0.123136816519
3.0445152027 0.123136816519
3.04722659342 0.123136816519
3.04993798415 0.123136816519
3.05264937487 0.124603055965
3.0553607656 0.124603055965
3.05807215632 0.124603055965
3.06078354705 0.124603055965
3.06349493778 0.124603055965
3.0662063285 0.124603055965
3.06891771923 0.126069295412
3.07162910995 0.126069295412
3.07434050068 0.126069295412
3.0770518914 0.126069295412
3.07976328213 0.126069295412
3.08247467285 0.126069295412
3.08518606358 0.126069295412
3.08789745431 0.127535534859
3.09060884503 0.126069295412
3.09332023576 0.126069295412
3.09603162648 0.127535534859
3.09874301721 0.127535534859
3.10145440793 0.127535534859
3.10416579866 0.129001774306
3.10687718938 0.129001774306
3.10958858011 0.129001774306
3.11229997083 0.130468013752
3.11501136156 0.131934253199
3.11772275229 0.131934253199
3.12043414301 0.133400492646
3.12314553374 0.134866732093
3.12585692446 0.134866732093
3.12856831519 0.13633297154
3.13127970591 0.137799210986
3.13399109664 0.137799210986
3.13670248736 0.139265450433
3.13670248736 0.137799210986
3.13941387809 0.14073168988
3.13941387809 0.139265450433
3.14212526882 0.14073168988
3.14483665954 0.14073168988
3.14754805027 0.142197929327
3.15025944099 0.142197929327
3.15297083172 0.143664168774
3.15297083172 0.142197929327
3.15568222244 0.14513040822
3.15568222244 0.143664168774
3.15839361317 0.146596647667
3.15839361317 0.14513040822
3.16110500389 0.148062887114
3.16110500389 0.146596647667
3.16110500389 0.14513040822
3.16381639462 0.149529126561
3.16381639462 0.148062887114
3.16652778535 0.149529126561
3.16923917607 0.149529126561
3.1719505668 0.150995366007
3.17466195752 0.152461605454
3.17737334825 0.153927844901
3.17737334825 0.152461605454
3.18008473897 0.155394084348
3.1827961297 0.156860323795
3.18550752042 0.156860323795
3.18821891115 0.156860323795
3.19093030187 0.158326563241
3.1936416926 0.159792802688
3.19635308333 0.161259042135
3.19906447405 0.161259042135
3.20177586478 0.162725281582
3.2044872555 0.164191521028
3.20719864623 0.167123999922
3.20719864623 0.165657760475
3.20991003695 0.168590239369
3.21262142768 0.170056478816
3.2153328184 0.170056478816
3.21804420913 0.171522718262
3.22075559986 0.172988957709
3.22346699058 0.174455197156
3.22617838131 0.175921436603
3.22888977203 0.177387676049
3.22888977203 0.175921436603
3.23160116276 0.178853915496
3.23431255348 0.180320154943
3.23702394421 0.180320154943
3.23973533493 0.183252633837
3.23973533493 0.18178639439
3.24244672566 0.184718873283
3.24244672566 0.183252633837
3.24515811638 0.18618511273
3.24515811638 0.184718873283
3.24786950711 0.187651352177
3.24786950711 0.18618511273
3.25058089784 0.189117591624
3.25058089784 0.187651352177
3.25329228856 0.19058383107
3.25329228856 0.189117591624
3.25600367929 0.192050070517
3.25600367929 0.19058383107
3.25871507001 0.193516309964
3.25871507001 0.192050070517
3.25871507001 0.19058383107
3.26142646074 0.194982549411
3.26413785146 0.196448788858
3.26684924219 0.197915028304
3.26684924219 0.196448788858
3.26956063291 0.199381267751
3.26956063291 0.197915028304
3.27227202364 0.200847507198
3.27227202364 0.199381267751
3.27498341437 0.202313746645
3.27498341437 0.200847507198
3.27769480509 0.203779986092
3.28040619582 0.205246225538
3.28311758654 0.206712464985
3.28311758654 0.205246225538
3.28582897727 0.208178704432
3.28582897727 0.206712464985
3.28854036799 0.209644943879
3.28854036799 0.208178704432
3.28854036799 0.206712464985
3.29125175872 0.211111183325
3.29125175872 0.209644943879
3.29396314944 0.212577422772
3.29396314944 0.211111183325
3.29667454017 0.214043662219
3.29667454017 0.212577422772
3.29938593089 0.214043662219
3.30209732162 0.214043662219
3.30480871235 0.215509901666
3.30752010307 0.216976141113
3.3102314938 0.216976141113
3.31294288452 0.218442380559
3.31565427525 0.218442380559
3.31836566597 0.219908620006
3.3210770567 0.221374859453
3.32378844742 0.2228410989
3.32649983815 0.224307338346
3.32921122888 0.225773577793
3.32921122888 0.224307338346
3.3319226196 0.22723981724
3.33463401033 0.228706056687
3.33734540105 0.228706056687
3.34005679178 0.230172296134
3.3427681825 0.230172296134
3.34547957323 0.23163853558
3.34819096395 0.233104775027
3.35090235468 0.234571014474
3.3536137454 0.236037253921
3.35632513613 0.236037253921
3.35903652686 0.237503493367
3.36174791758 0.237503493367
3.36445930831 0.238969732814
3.36717069903 0.238969732814
3.36988208976 0.238969732814
3.37259348048 0.240435972261
3.37530487121 0.240435972261
3.37801626193 0.240435972261
3.38072765266 0.241902211708
3.38343904339 0.241902211708
3.38615043411 0.243368451155
3.38886182484 0.243368451155
3.39157321556 0.244834690601
3.39428460629 0.244834690601
3.39699599701 0.244834690601
3.39970738774 0.246300930048
3.40241877846 0.246300930048
3.40513016919 0.246300930048
3.40784155992 0.246300930048
3.41055295064 0.246300930048
3.41326434137 0.246300930048
3.41597573209 0.246300930048
3.41868712282 0.247767169495
3.41868712282 0.246300930048
3.42139851354 0.249233408942
3.42139851354 0.247767169495
3.42139851354 0.246300930048
3.42410990427 0.250699648389
3.42410990427 0.249233408942
3.42682129499 0.250699648389
3.42953268572 0.252165887835
3.42953268572 0.250699648389
3.43224407644 0.253632127282
3.43224407644 0.252165887835
3.43495546717 0.255098366729
3.43495546717 0.253632127282
3.4376668579 0.256564606176
3.4376668579 0.255098366729
3.44037824862 0.258030845622
3.44037824862 0.256564606176
3.44308963935 0.260963324516
3.44308963935 0.259497085069
3.44308963935 0.258030845622
3.44580103007 0.262429563963
3.44580103007 0.260963324516
3.4485124208 0.262429563963
3.4485124208 0.260963324516
3.45122381152 0.26389580341
3.45122381152 0.262429563963
3.45393520225 0.26389580341
3.45393520225 0.262429563963
3.45664659297 0.265362042856
3.45664659297 0.26389580341
3.4593579837 0.265362042856
3.4593579837 0.26389580341
3.46206937443 0.266828282303
3.46478076515 0.26829452175
3.46749215588 0.269760761197
3.4702035466 0.269760761197
3.47291493733 0.271227000643
3.47562632805 0.27269324009
3.47833771878 0.274159479537
3.4810491095 0.275625718984
3.48376050023 0.275625718984
3.48647189095 0.277091958431
3.48918328168 0.277091958431
3.49189467241 0.278558197877
3.49460606313 0.278558197877
3.49731745386 0.281490676771
3.49731745386 0.280024437324
3.50002884458 0.282956916218
3.50274023531 0.284423155664
3.50545162603 0.285889395111
3.50816301676 0.288821874005
3.50816301676 0.287355634558
3.51087440748 0.290288113452
3.51358579821 0.293220592345
3.51358579821 0.291754352898
3.51629718894 0.297619310685
3.51629718894 0.296153071239
3.51629718894 0.294686831792
3.51900857966 0.300551789579
3.51900857966 0.299085550132
3.52171997039 0.303484268473
3.52171997039 0.302018029026
3.52443136111 0.306416747366
3.52443136111 0.304950507919
3.52714275184 0.30934922626
3.52714275184 0.307882986813
3.52985414256 0.310815465707
3.53256553329 0.3137479446
3.53256553329 0.312281705153
3.53527692401 0.315214184047
3.53798831474 0.316680423494
3.54069970546 0.31814666294
3.54341109619 0.321079141834
3.54341109619 0.319612902387
3.54612248692 0.322545381281
3.54883387764 0.324011620728
3.54883387764 0.322545381281
3.55154526837 0.325477860174
3.55154526837 0.324011620728
3.55425665909 0.328410339068
3.55425665909 0.326944099621
3.55425665909 0.325477860174
3.55696804982 0.329876578515
3.55696804982 0.328410339068
3.55967944054 0.332809057408
3.55967944054 0.331342817961
3.56239083127 0.334275296855
3.56239083127 0.332809057408
3.56510222199 0.338674015195
3.56510222199 0.337207775749
3.56510222199 0.335741536302
3.56781361272 0.338674015195
3.56781361272 0.337207775749
3.56781361272 0.335741536302
3.57052500345 0.340140254642
3.57323639417 0.341606494089
3.5759477849 0.343072733536
3.57865917562 0.344538972982
