1.394339 0.439557
1.394715 0.439221
1.39509 0.438801
1.395465 0.438885
1.395841 0.438549
1.396217 0.437793
1.396593 0.437625
1.39697 0.437793
1.397346 0.437289
1.397723 0.436281
1.3981 0.435945
1.398477 0.435777
1.398854 0.435777
1.399232 0.435273
1.39961 0.434517
1.399988 0.434601
1.400366 0.434349
1.400744 0.433845
1.401123 0.433424
1.401502 0.43292
1.401881 0.432752
1.40226 0.432332
1.402639 0.432248
1.403019 0.432248
1.403399 0.431408
1.403779 0.430316
1.404159 0.4304
1.404539 0.430232
1.40492 0.430148
1.405301 0.429644
1.405682 0.429056
1.406063 0.429056
1.406444 0.428888
1.406826 0.428636
1.407208 0.428384
1.40759 0.427964
1.407972 0.427544
1.408355 0.427291
1.408737 0.427207
1.40912 0.426871
1.409503 0.425863
1.409887 0.425863
1.41027 0.425611
1.410654 0.424771
1.411038 0.424435
1.411422 0.424183
1.411807 0.423679
1.412191 0.423511
1.412576 0.423595
1.412961 0.423931
1.413346 0.423847
1.413732 0.423175
1.414117 0.422839
1.414503 0.422755
1.414889 0.422587
1.415275 0.422587
1.415662 0.422755
1.416049 0.422251
1.416435 0.422335
1.416823 0.422167
1.41721 0.421915
1.417597 0.421831
1.417985 0.421915
1.418373 0.422419
1.418761 0.422083
1.41915 0.421495
1.419538 0.421159
1.419927 0.421495
1.420316 0.422083
1.420706 0.421999
1.421095 0.421915
1.421485 0.421999
1.421875 0.422083
1.422265 0.421999
1.422655 0.422167
1.423046 0.422419
1.423436 0.422167
1.423827 0.422083
1.424218 0.422335
1.42461 0.422419
1.425001 0.422923
1.425393 0.423595
1.425785 0.423511
1.426177 0.423091
1.42657 0.423343
1.426962 0.423343
1.427355 0.423007
1.427748 0.422923
1.428142 0.423343
1.428535 0.424015
1.428929 0.424183
1.429323 0.423427
1.429717 0.423259
1.430112 0.423007
1.430506 0.422671
1.430901 0.423091
1.431296 0.423847
1.431691 0.423763
1.432087 0.423343
1.432482 0.423007
1.432878 0.423259
1.433275 0.423595
1.433671 0.424267
1.434067 0.424435
1.434464 0.424183
1.434861 0.424351
1.435259 0.424099
1.435656 0.424519
1.436054 0.424519
1.436452 0.424267
1.43685 0.424099
1.437248 0.423847
1.437647 0.423679
1.438046 0.423427
1.438445 0.424099
1.438844 0.424351
1.439243 0.424351
1.439643 0.424519
1.440043 0.424519
1.440443 0.424687
1.440843 0.424603
1.441244 0.424351
1.441645 0.424435
1.442046 0.424183
1.442447 0.424603
1.442848 0.424519
1.44325 0.424267
1.443652 0.424519
1.444054 0.424435
1.444457 0.424435
1.444859 0.424855
1.445262 0.424519
1.445665 0.424351
1.446068 0.424603
1.446472 0.425191
1.446875 0.425443
1.447279 0.425023
1.447683 0.424771
1.448088 0.424855
1.448492 0.424855
1.448897 0.425191
1.449302 0.425275
1.449708 0.425023
1.450113 0.424771
1.450519 0.424939
1.450925 0.425023
1.451331 0.424687
1.451737 0.424519
1.452144 0.424939
1.452551 0.425275
1.452958 0.425779
1.453365 0.425695
1.453773 0.425191
1.454181 0.424939
1.454589 0.425023
1.454997 0.425611
1.455405 0.425779
1.455814 0.425359
1.456223 0.425359
1.456632 0.425863
1.457042 0.425611
1.457451 0.425359
1.457861 0.425527
1.458271 0.425947
1.458682 0.426115
1.459092 0.426199
1.459503 0.425779
1.459914 0.425527
1.460325 0.424939
1.460737 0.425107
1.461148 0.425527
1.46156 0.425275
1.461972 0.425359
1.462385 0.425947
1.462797 0.425695
1.46321 0.425527
1.463623 0.425527
1.464037 0.425779
1.46445 0.426031
1.464864 0.426115
1.465278 0.426367
1.465692 0.426115
1.466107 0.425947
1.466522 0.426367
1.466937 0.426199
1.467352 0.425527
1.467767 0.425359
1.468183 0.425863
1.468599 0.425779
1.469015 0.425863
1.469431 0.425947
1.469848 0.425611
1.470265 0.425611
1.470682 0.426115
1.471099 0.426535
1.471517 0.426451
1.471935 0.426619
1.472353 0.426955
1.472771 0.426703
1.47319 0.426703
1.473608 0.427123
1.474027 0.426703
1.474447 0.426535
1.474866 0.426871
1.475286 0.426787
1.475706 0.426703
1.476126 0.426871
1.476546 0.427291
1.476967 0.427375
1.477388 0.427123
1.477809 0.42746
1.47823 0.427796
1.478652 0.427964
1.479074 0.427291
1.479496 0.427207
1.479918 0.427712
1.480341 0.427796
1.480764 0.427964
1.481187 0.428384
1.48161 0.428384
1.482034 0.428384
1.482458 0.4283
1.482882 0.428468
1.483306 0.42872
1.48373 0.428552
1.484155 0.428636
1.48458 0.428888
1.485006 0.429308
1.485431 0.429224
1.485857 0.429392
1.486283 0.42998
1.486709 0.429812
1.487135 0.429308
1.487562 0.429224
1.487989 0.429308
1.488416 0.42956
1.488844 0.430148
1.489271 0.430148
1.489699 0.430148
1.490128 0.430484
1.490556 0.43082
1.490985 0.43124
1.491414 0.431072
1.491843 0.43082
1.492272 0.430904
1.492702 0.431408
1.493132 0.431912
1.493562 0.43166
1.493993 0.431828
1.494423 0.43208
1.494854 0.43166
1.495285 0.432332
1.495717 0.43292
1.496148 0.432752
1.49658 0.43292
1.497012 0.433172
1.497445 0.433424
1.497877 0.433508
1.49831 0.433508
1.498744 0.433424
1.499177 0.433424
1.499611 0.433677
1.500045 0.43376
1.500479 0.434013
1.500913 0.433929
1.501348 0.434013
1.501783 0.434853
1.502218 0.435189
1.502653 0.434685
1.503089 0.434769
1.503525 0.434769
1.503961 0.434937
1.504398 0.435357
1.504834 0.435693
1.505271 0.436113
1.505709 0.436197
1.506146 0.435945
1.506584 0.435777
1.507022 0.435861
1.50746 0.436533
1.507898 0.436533
1.508337 0.436533
1.508776 0.436617
1.509215 0.436533
1.509655 0.436449
1.510094 0.436533
1.510534 0.437037
1.510975 0.437121
1.511415 0.437289
1.511856 0.437793
1.512297 0.437877
1.512738 0.437709
1.51318 0.438129
1.513622 0.438549
1.514064 0.438549
1.514506 0.438297
1.514948 0.438465
1.515391 0.438801
1.515834 0.439305
1.516278 0.439389
1.516721 0.439221
1.517165 0.439473
1.517609 0.439893
1.518054 0.439809
1.518499 0.439977
1.518944 0.440062
1.519389 0.439893
1.519834 0.439893
1.52028 0.44023
1.520726 0.440146
1.521172 0.440062
1.521619 0.440398
1.522065 0.440734
1.522512 0.440734
1.52296 0.44065
1.523407 0.440902
1.523855 0.441154
1.524303 0.44107
1.524751 0.441154
1.5252 0.441658
1.525649 0.442162
1.526098 0.442246
1.526547 0.441742
1.526997 0.441574
1.527447 0.44191
1.527897 0.44233
1.528347 0.44275
1.528798 0.443002
1.529249 0.443422
1.5297 0.44359
1.530152 0.443674
1.530604 0.443758
1.531055 0.443674
1.531508 0.443758
1.53196 0.443926
1.532413 0.444178
1.532866 0.444346
1.53332 0.444514
1.533773 0.444598
1.534227 0.445018
1.534682 0.445438
1.535136 0.44527
1.535591 0.445522
1.536046 0.445606
1.536501 0.445858
1.536956 0.445942
1.537412 0.445858
1.537868 0.446026
1.538324 0.446783
1.538781 0.446783
1.539238 0.446867
1.539695 0.447119
1.540153 0.447203
1.54061 0.447707
1.541068 0.447791
1.541527 0.447875
1.541985 0.448211
1.542444 0.448295
1.542903 0.448211
1.543363 0.448043
1.543822 0.448631
1.544282 0.449051
1.544742 0.449555
1.545203 0.449723
1.545663 0.449807
1.546124 0.450143
1.546586 0.450647
1.547047 0.450983
1.547509 0.451067
1.547971 0.450899
1.548433 0.450983
1.548896 0.451403
1.549359 0.451487
1.549822 0.451655
1.550285 0.451991
1.550749 0.452411
1.551213 0.452579
1.551677 0.452579
1.552142 0.453
1.552607 0.453252
1.553072 0.453168
1.553537 0.453336
1.554003 0.453588
1.554469 0.453504
1.554935 0.453924
1.555402 0.454428
1.555868 0.454428
1.556336 0.454932
1.556803 0.455016
1.557271 0.455184
1.557738 0.455772
1.558207 0.456024
1.558675 0.456108
1.559144 0.456108
1.559613 0.456192
1.560082 0.456276
1.560552 0.457116
1.561022 0.457368
1.561492 0.457284
1.561963 0.457536
1.562433 0.458208
1.562905 0.458292
1.563376 0.457788
1.563848 0.457956
1.564319 0.458712
1.564792 0.459385
1.565264 0.459469
1.565737 0.459385
1.56621 0.459217
1.566683 0.458965
1.567156 0.459637
1.56763 0.460309
1.568105 0.460645
1.568579 0.460561
1.569054 0.460729
1.569529 0.460813
1.570004 0.460729
1.57048 0.461065
1.570956 0.461653
1.571432 0.461905
1.571908 0.462073
1.572385 0.461989
1.572862 0.462157
1.57334 0.462325
1.573817 0.462493
1.574295 0.462745
1.574773 0.462829
1.575252 0.463081
1.575731 0.463417
1.57621 0.463837
1.576689 0.464089
1.577169 0.464257
1.577649 0.464173
1.578129 0.464425
1.57861 0.464593
1.57909 0.464929
1.579572 0.465013
1.580053 0.464593
1.580535 0.464845
1.581017 0.465097
1.581499 0.465181
1.581982 0.465518
1.582465 0.465938
1.582948 0.466358
1.583431 0.466442
1.583915 0.466862
1.584399 0.466862
1.584884 0.466862
1.585368 0.467282
1.585853 0.467114
1.586339 0.46703
1.586824 0.467366
1.58731 0.467702
1.587796 0.46787
1.588283 0.468206
1.588769 0.468374
1.589256 0.468794
1.589744 0.469046
1.590231 0.469046
1.590719 0.469046
1.591208 0.469466
1.591696 0.469718
1.592185 0.469718
1.592674 0.469634
1.593163 0.469886
1.593653 0.470054
1.594143 0.469886
1.594634 0.470138
1.595124 0.470474
1.595615 0.470726
1.596107 0.470894
1.596598 0.471314
1.59709 0.471651
1.597582 0.471819
1.598075 0.471566
1.598568 0.472155
1.599061 0.472575
1.599554 0.472491
1.600048 0.472995
1.600542 0.473835
1.601036 0.474087
1.60153 0.473919
1.602025 0.473919
1.602521 0.473919
1.603016 0.474255
1.603512 0.474423
1.604008 0.474675
1.604505 0.475095
1.605001 0.475683
1.605498 0.475851
1.605996 0.475851
1.606493 0.476103
1.606991 0.476271
1.60749 0.476691
1.607988 0.476859
1.608487 0.477027
1.608986 0.477279
1.609486 0.477363
1.609986 0.477531
1.610486 0.477783
1.610986 0.478036
1.611487 0.478624
1.611988 0.478876
1.61249 0.47854
1.612991 0.478708
1.613493 0.479128
1.613996 0.479548
1.614498 0.480052
1.615001 0.480052
1.615505 0.479968
1.616008 0.480472
1.616512 0.48064
1.617016 0.480976
1.617521 0.481312
1.618026 0.481396
1.618531 0.481732
1.619036 0.482152
1.619542 0.482236
1.620048 0.48274
1.620554 0.48274
1.621061 0.482656
1.621568 0.482908
1.622076 0.483244
1.622583 0.483832
1.623091 0.484168
1.6236 0.484168
1.624108 0.484505
1.624617 0.484841
1.625127 0.485009
1.625636 0.484925
1.626146 0.485093
1.626656 0.485597
1.627167 0.485765
1.627678 0.485681
1.628189 0.485765
1.628701 0.485933
1.629212 0.486101
1.629725 0.486521
1.630237 0.486857
1.63075 0.487025
1.631263 0.487109
1.631777 0.487445
1.63229 0.487529
1.632804 0.487949
1.633319 0.488453
1.633834 0.488957
1.634349 0.488537
1.634864 0.488537
1.63538 0.489125
1.635896 0.489545
1.636412 0.490049
1.636929 0.489965
1.637446 0.489713
1.637964 0.489881
1.638481 0.490217
1.638999 0.490553
1.639518 0.490638
1.640036 0.490722
1.640555 0.491142
1.641075 0.491562
1.641594 0.491646
1.642114 0.49173
1.642634 0.491898
1.643155 0.492318
1.643676 0.492402
1.644197 0.49215
1.644719 0.492318
1.645241 0.49257
1.645763 0.492318
1.646286 0.492486
1.646809 0.49299
1.647332 0.493242
1.647856 0.49383
1.64838 0.493914
1.648904 0.493998
1.649429 0.49425
1.649953 0.494166
1.650479 0.494166
1.651004 0.494502
1.651531 0.494922
1.652057 0.495594
1.652583 0.495678
1.65311 0.495678
1.653638 0.495846
1.654165 0.49593
1.654693 0.496014
1.655222 0.496014
1.65575 0.496182
1.656279 0.496434
1.656809 0.496602
1.657338 0.49677
1.657868 0.496686
1.658399 0.49677
1.658929 0.496938
1.65946 0.497107
1.659992 0.497611
1.660523 0.497863
1.661055 0.497779
1.661588 0.497947
1.662121 0.498283
1.662654 0.498199
1.663187 0.498367
1.663721 0.498955
1.664255 0.499543
1.664789 0.499795
1.665324 0.499627
1.665859 0.499459
1.666395 0.499543
1.666931 0.499879
1.667467 0.500467
1.668003 0.500719
1.66854 0.501139
1.669077 0.501307
1.669615 0.501307
1.670153 0.501643
1.670691 0.501811
1.671229 0.502063
1.671769 0.502399
1.672308 0.502735
1.672847 0.503071
1.673387 0.503071
1.673928 0.502987
1.674468 0.503239
1.675009 0.503492
1.675551 0.50408
1.676093 0.504332
1.676635 0.504416
1.677177 0.504668
1.67772 0.504668
1.678263 0.505004
1.678806 0.50534
1.67935 0.505256
1.679894 0.505088
1.680439 0.505844
1.680984 0.506348
1.681529 0.506348
1.682074 0.506684
1.682621 0.506768
1.683167 0.506768
1.683714 0.50702
1.68426 0.50744
1.684808 0.507776
1.685356 0.507944
1.685904 0.508196
1.686452 0.50828
1.687001 0.508532
1.68755 0.508868
1.6881 0.509036
1.68865 0.509372
1.6892 0.509456
1.689751 0.509456
1.690302 0.509877
1.690853 0.510381
1.691405 0.510801
1.691957 0.511137
1.692509 0.510885
1.693061 0.511137
1.693615 0.511389
1.694168 0.511305
1.694722 0.511557
1.695276 0.511809
1.695831 0.511809
1.696385 0.512061
1.696941 0.512229
1.697497 0.512313
1.698053 0.512565
1.698609 0.512985
1.699166 0.513489
1.699723 0.513993
1.70028 0.514077
1.700838 0.514077
1.701396 0.514245
1.701955 0.514581
1.702514 0.514833
1.703073 0.515001
1.703633 0.515085
1.704193 0.515421
1.704753 0.515505
1.705314 0.515421
1.705875 0.515589
1.706436 0.515842
1.706998 0.516178
1.707561 0.516093
1.708123 0.516262
1.708686 0.51685
1.70925 0.517102
1.709813 0.517186
1.710377 0.517186
1.710942 0.517186
1.711507 0.51769
1.712072 0.518026
1.712638 0.517858
1.713204 0.518026
1.71377 0.518194
1.714337 0.51769
1.714904 0.517858
1.715471 0.518446
1.716039 0.51895
1.716607 0.51895
1.717176 0.51895
1.717745 0.519202
1.718314 0.519622
1.718884 0.51979
1.719454 0.51979
1.720024 0.519538
1.720595 0.519622
1.721167 0.520042
1.721738 0.520462
1.72231 0.520378
1.722883 0.520378
1.723455 0.520462
1.724029 0.52063
1.724602 0.52063
1.725176 0.520882
1.72575 0.520966
1.726325 0.52105
1.7269 0.521638
1.727476 0.522058
1.728051 0.522142
1.728628 0.521974
1.729204 0.522058
1.729781 0.522394
1.730358 0.522394
1.730936 0.522563
1.731514 0.522899
1.732093 0.523235
1.732672 0.523319
1.733251 0.523319
1.733831 0.523235
1.734411 0.523319
1.734991 0.523403
1.735572 0.523655
1.736153 0.523739
1.736735 0.524243
1.737317 0.524747
1.7379 0.524663
1.738482 0.524579
1.739066 0.524999
1.739649 0.525419
1.740233 0.525503
1.740817 0.525587
1.741402 0.525587
1.741987 0.525839
1.742573 0.526175
1.743159 0.526343
1.743745 0.526427
1.744332 0.526511
1.744919 0.526931
1.745506 0.527015
1.746094 0.527267
1.746683 0.527435
1.747271 0.527603
1.74786 0.527771
1.74845 0.527939
1.74904 0.528191
1.74963 0.528359
1.750221 0.528527
1.750812 0.528864
1.751403 0.529284
1.751995 0.52962
1.752588 0.529704
1.75318 0.529452
1.753773 0.529536
1.754367 0.53004
1.754961 0.530376
1.755555 0.530292
1.75615 0.530376
1.756745 0.531216
1.75734 0.531888
1.757936 0.531552
1.758533 0.531132
1.759129 0.531804
1.759726 0.532224
1.760324 0.532392
1.760922 0.532476
1.76152 0.532476
1.762119 0.532392
1.762718 0.53256
1.763318 0.532644
1.763918 0.533064
1.764518 0.533232
1.765119 0.533232
1.76572 0.53382
1.766322 0.53424
1.766924 0.534492
1.767526 0.534324
1.768129 0.53424
1.768732 0.534408
1.769336 0.534744
1.76994 0.535165
1.770545 0.535417
1.771149 0.535669
1.771755 0.535669
1.77236 0.535501
1.772967 0.535837
1.773573 0.536593
1.77418 0.536761
1.774787 0.536677
1.775395 0.536509
1.776004 0.536677
1.776612 0.537013
1.777221 0.537349
1.777831 0.537685
1.778441 0.537937
1.779051 0.538105
1.779662 0.538105
1.780273 0.538105
1.780884 0.538273
1.781496 0.538273
1.782109 0.538357
1.782721 0.538441
1.783335 0.538945
1.783948 0.539197
1.784562 0.538945
1.785177 0.539029
1.785792 0.539365
1.786407 0.539365
1.787023 0.539281
1.787639 0.539533
1.788256 0.539701
1.788873 0.539701
1.789491 0.540037
1.790108 0.540457
1.790727 0.540373
1.791346 0.540457
1.791965 0.540373
1.792585 0.540541
1.793205 0.540793
1.793825 0.540709
1.794446 0.541045
1.795067 0.541045
1.795689 0.541129
1.796311 0.541381
1.796934 0.541466
1.797557 0.54155
1.79818 0.54155
1.798804 0.541381
1.799429 0.541381
1.800053 0.541802
1.800679 0.54197
1.801304 0.542222
1.801931 0.542474
1.802557 0.542474
1.803184 0.54239
1.803812 0.542726
1.804439 0.543062
1.805068 0.54323
1.805696 0.543146
1.806326 0.543146
1.806955 0.543146
1.807585 0.543062
1.808216 0.543062
1.808847 0.543566
1.809478 0.54407
1.81011 0.543902
1.810742 0.54365
1.811375 0.54365
1.812008 0.543818
1.812641 0.543986
1.813275 0.544322
1.81391 0.544406
1.814545 0.544406
1.81518 0.54449
1.815816 0.544742
1.816452 0.545078
1.817089 0.545162
1.817726 0.545246
1.818363 0.54533
1.819001 0.545414
1.81964 0.54533
1.820279 0.546002
1.820918 0.54617
1.821558 0.545918
1.822199 0.54617
1.822839 0.546422
1.82348 0.546674
1.824122 0.54701
1.824764 0.547262
1.825406 0.547262
1.826049 0.54743
1.826693 0.547347
1.827337 0.54743
1.827981 0.547935
1.828626 0.548523
1.829271 0.548355
1.829917 0.548355
1.830563 0.548607
1.83121 0.548607
1.831857 0.548691
1.832504 0.548775
1.833152 0.548859
1.833801 0.548775
1.83445 0.549111
1.835099 0.549615
1.835749 0.549447
1.836399 0.549615
1.83705 0.550119
1.837701 0.550539
1.838353 0.550791
1.839005 0.550707
1.839658 0.550959
1.840311 0.551127
1.840964 0.551379
1.841618 0.551799
1.842272 0.551967
1.842927 0.551631
1.843583 0.551295
1.844238 0.551463
1.844895 0.551715
1.845551 0.551799
1.846209 0.552303
1.846867 0.553227
1.847525 0.553227
1.848184 0.552975
1.848843 0.552807
1.849502 0.552891
1.850162 0.553143
1.850823 0.553311
1.851484 0.553311
1.852145 0.553227
1.852807 0.553731
1.853469 0.554404
1.854132 0.554656
1.854796 0.55432
1.855459 0.554067
1.856124 0.554404
1.856789 0.554572
1.857454 0.554572
1.85812 0.554404
1.858786 0.554236
1.859453 0.55474
1.86012 0.555076
1.860788 0.554908
1.861456 0.55474
1.862124 0.554656
1.862794 0.554824
1.863463 0.55474
1.864133 0.554824
1.864804 0.554992
1.865475 0.555076
1.866146 0.554488
1.866818 0.554572
1.867491 0.554992
1.868164 0.555076
1.868837 0.554908
1.869511 0.554824
1.870185 0.554824
1.87086 0.554992
1.871536 0.554488
1.872212 0.553984
1.872888 0.554067
1.873565 0.553984
1.874242 0.553563
1.87492 0.553143
1.875599 0.553059
1.876277 0.552891
1.876957 0.552891
1.877637 0.552723
1.878317 0.552051
1.878998 0.551295
1.879679 0.551043
1.880361 0.550959
1.881043 0.550455
1.881726 0.549867
1.882409 0.549531
1.883093 0.549531
1.883777 0.549279
1.884462 0.548607
1.885147 0.547767
1.885833 0.547347
1.886519 0.546758
1.887206 0.546422
1.887893 0.545918
1.888581 0.545078
1.889269 0.544406
1.889958 0.543986
1.890647 0.543398
1.891337 0.543062
1.892027 0.54239
1.892718 0.541802
1.893409 0.540961
1.894101 0.539953
1.894793 0.539365
1.895486 0.538861
1.896179 0.538189
1.896873 0.537601
1.897568 0.537181
1.898262 0.536845
1.898958 0.536341
1.899654 0.535921
1.90035 0.535333
1.901047 0.535165
1.901744 0.534744
1.902442 0.53424
1.90314 0.534072
1.903839 0.533904
1.904539 0.533988
1.905239 0.53424
1.905939 0.53424
1.90664 0.534492
1.907342 0.534828
1.908044 0.534913
1.908746 0.534828
1.909449 0.534828
1.910153 0.535333
1.910857 0.535753
1.911561 0.535837
1.912266 0.536005
1.912972 0.536341
1.913678 0.537265
1.914385 0.537517
1.915092 0.537601
1.9158 0.538273
1.916508 0.539197
1.917217 0.539617
1.917926 0.539785
1.918636 0.540457
1.919346 0.541129
1.920057 0.541802
1.920768 0.542306
1.92148 0.542474
1.922193 0.543062
1.922906 0.543482
1.92362 0.543986
1.924333 0.544658
1.925048 0.545078
1.925763 0.54533
1.926479 0.545666
1.927195 0.546338
1.927912 0.546674
1.928629 0.547094
1.929346 0.547598
1.930065 0.547851
1.930784 0.548439
1.931503 0.548943
1.932223 0.549279
1.932943 0.549531
1.933664 0.549783
1.934386 0.549951
1.935108 0.550287
1.93583 0.550791
1.936554 0.551295
1.937277 0.551799
1.938002 0.552303
1.938726 0.552555
1.939452 0.552639
1.940177 0.552639
1.940904 0.553143
1.941631 0.553815
1.942358 0.553899
1.943086 0.553899
1.943815 0.554236
1.944544 0.554488
1.945274 0.554908
1.946004 0.555328
1.946735 0.555496
1.947466 0.555664
1.948198 0.555916
1.94893 0.556336
1.949663 0.55684
1.950397 0.557176
1.951131 0.556924
1.951865 0.557008
1.952601 0.557176
1.953336 0.557344
1.954073 0.557764
1.954809 0.558016
1.955547 0.557932
1.956285 0.557764
1.957023 0.558352
1.957762 0.558856
1.958502 0.55894
1.959242 0.558856
1.959983 0.559108
1.960724 0.559528
1.961466 0.559444
1.962208 0.559192
1.962951 0.559444
1.963695 0.559948
1.964439 0.560201
1.965183 0.560117
1.965929 0.560117
1.966674 0.560368
1.967421 0.560789
1.968168 0.560957
1.968915 0.560873
1.969663 0.560957
1.970412 0.560957
1.971161 0.560873
1.971911 0.561041
1.972661 0.561377
1.973413 0.561629
1.974164 0.561881
1.974916 0.561629
1.975669 0.561629
1.976422 0.561797
1.977176 0.562049
1.97793 0.562301
1.978685 0.562553
1.97944 0.562301
1.980196 0.562301
1.980953 0.562721
1.98171 0.563141
1.982468 0.563141
1.983226 0.563057
1.983986 0.562889
1.984745 0.563057
1.985505 0.563057
1.986266 0.563225
1.987027 0.563309
1.987789 0.563477
1.988552 0.563813
1.989315 0.563897
1.990078 0.564065
1.990842 0.564317
1.991607 0.564065
1.992373 0.564149
1.993139 0.564233
1.993905 0.564653
1.994673 0.565073
1.99544 0.565157
1.996209 0.565157
1.996978 0.565325
1.997747 0.565241
1.998517 0.565157
1.999288 0.565241
2.000059 0.565325
2.000831 0.565493
2.001604 0.565409
2.002377 0.565661
2.003151 0.566249
2.003925 0.566501
2.0047 0.566585
2.005476 0.566754
2.006252 0.566922
2.007029 0.567006
2.007806 0.567174
2.008584 0.567258
2.009362 0.567258
2.010141 0.567426
2.010921 0.56793
2.011701 0.568014
2.012482 0.568014
2.013264 0.568182
2.014046 0.568182
2.014829 0.568518
2.015612 0.569022
2.016396 0.569442
2.01718 0.569862
2.017966 0.569946
2.018752 0.569946
2.019538 0.569862
2.020325 0.57003
2.021113 0.570534
2.021901 0.57087
2.02269 0.571038
2.023479 0.571206
2.02427 0.571206
2.02506 0.571542
2.025852 0.571878
2.026644 0.571878
2.027436 0.571878
2.028229 0.571878
2.029023 0.572382
2.029818 0.572634
2.030613 0.572802
2.031409 0.572887
2.032204 0.572887
2.033001 0.573139
2.033799 0.573727
2.034597 0.573895
2.035396 0.574315
2.036195 0.574315
2.036996 0.574063
2.037796 0.574231
2.038598 0.574735
2.0394 0.574903
2.040203 0.575071
2.041006 0.575155
2.04181 0.575575
2.042614 0.575911
2.043419 0.575743
2.044225 0.575491
2.045032 0.575827
2.045839 0.576331
2.046646 0.576247
2.047455 0.576163
2.048264 0.576079
2.049073 0.576079
2.049883 0.576499
2.050694 0.576499
2.051505 0.576499
2.052317 0.576499
2.05313 0.576835
2.053944 0.577003
2.054758 0.577171
2.055573 0.577171
2.056388 0.577171
2.057204 0.576919
2.058021 0.576919
2.058838 0.577171
2.059656 0.577507
2.060475 0.577591
2.061294 0.577255
2.062114 0.577339
2.062935 0.577591
2.063756 0.577171
2.064577 0.576919
2.0654 0.577171
2.066223 0.577087
2.067047 0.576835
2.067871 0.576919
2.068696 0.577171
2.069522 0.576919
2.070349 0.576919
2.071176 0.577003
2.072004 0.577003
2.072833 0.576751
2.073662 0.576415
2.074492 0.576499
2.075322 0.576415
2.076153 0.576415
2.076985 0.576499
2.077817 0.576583
2.07865 0.576331
2.079484 0.576415
2.080319 0.576163
2.081154 0.575911
2.08199 0.575659
2.082826 0.575575
2.083663 0.575659
2.084501 0.575491
2.08534 0.574987
2.086179 0.574819
2.087018 0.574987
2.087859 0.574987
2.0887 0.574735
2.089542 0.574483
2.090385 0.574399
2.091228 0.574231
2.092072 0.574147
2.092917 0.574063
2.093762 0.573811
2.094608 0.573391
2.095454 0.573139
2.096302 0.572971
2.09715 0.573223
2.097999 0.573307
2.098848 0.573139
2.099698 0.57255
2.100549 0.572298
2.1014 0.572046
2.102252 0.57213
2.103105 0.572214
2.103959 0.571962
2.104813 0.571626
2.105668 0.571878
2.106524 0.571878
2.10738 0.571458
2.108237 0.571122
2.109094 0.57087
2.109953 0.570786
2.110812 0.570954
2.111672 0.570702
2.112532 0.570618
2.113394 0.57087
2.114255 0.57087
2.115118 0.570534
2.115981 0.570282
2.116845 0.570114
2.11771 0.570198
2.118576 0.570282
2.119442 0.57045
2.120309 0.570534
2.121176 0.570366
2.122045 0.57045
2.122913 0.570618
2.123783 0.570534
2.124654 0.57045
2.125525 0.57045
2.126396 0.57045
2.127269 0.570534
2.128142 0.570534
2.129016 0.570702
2.129891 0.571206
2.130766 0.571122
2.131642 0.571038
2.132519 0.570954
2.133397 0.571038
2.134275 0.57129
2.135154 0.571374
2.136034 0.571374
2.136914 0.571458
2.137795 0.571542
2.138677 0.571626
2.13956 0.57171
2.140444 0.57171
2.141328 0.57171
2.142213 0.57171
2.143099 0.571626
2.143985 0.571542
2.144872 0.571206
2.14576 0.571458
2.146648 0.57171
2.147537 0.57171
2.148427 0.57129
2.149318 0.57087
2.150209 0.570534
2.151101 0.57045
2.151994 0.57045
2.152888 0.57045
2.153783 0.570114
2.154678 0.569694
2.155574 0.569526
2.15647 0.569274
2.157368 0.568938
2.158266 0.568602
2.159165 0.568014
2.160064 0.56751
2.160964 0.566838
2.161865 0.566165
2.162767 0.565409
2.16367 0.564653
2.164573 0.563897
2.165478 0.563477
2.166383 0.562721
2.167288 0.561881
2.168195 0.560873
2.169102 0.559864
2.17001 0.558856
2.170919 0.557932
2.171828 0.557092
2.172739 0.555916
2.17365 0.554656
2.174561 0.553563
2.175474 0.552303
2.176387 0.551043
2.177301 0.550035
2.178216 0.548607
2.179132 0.547178
2.180048 0.546254
2.180965 0.544994
2.181883 0.543146
2.182801 0.54155
2.183721 0.540121
2.184641 0.538525
2.185562 0.537181
2.186484 0.535585
2.187407 0.534072
2.18833 0.53256
2.189254 0.531216
2.190179 0.52962
2.191105 0.528023
2.192032 0.526595
2.192959 0.524999
2.193887 0.523487
2.194816 0.522227
2.195745 0.520714
2.196676 0.519454
2.197607 0.518194
2.198539 0.517018
2.199472 0.515925
2.200405 0.515001
2.201339 0.513909
2.202275 0.512985
2.203211 0.512313
2.204147 0.511305
2.205085 0.510465
2.206023 0.509877
2.206962 0.50912
2.207902 0.508616
2.208843 0.508196
2.209784 0.507692
2.210727 0.507356
2.21167 0.50744
2.212614 0.50744
2.213559 0.507104
2.214504 0.506684
2.215451 0.506768
2.216398 0.506852
2.217346 0.5066
2.218295 0.506516
2.219244 0.506936
2.220195 0.507104
2.221146 0.507188
2.222098 0.507524
2.223051 0.507776
2.224005 0.50828
2.224959 0.5087
2.225914 0.508868
2.226871 0.509204
2.227827 0.509709
2.228785 0.510297
2.229744 0.511221
2.230703 0.511977
2.231663 0.512481
2.232625 0.512817
2.233587 0.513321
2.234549 0.514161
2.235513 0.514749
2.236477 0.515337
2.237442 0.516009
2.238408 0.516262
2.239375 0.516346
2.240343 0.516682
2.241312 0.516934
2.242281 0.517186
2.243252 0.517354
2.244223 0.517774
2.245195 0.518026
2.246168 0.51811
2.247141 0.518278
2.248116 0.518194
2.249091 0.51811
2.250067 0.518026
2.251044 0.518194
2.252022 0.518278
2.253 0.518278
2.25398 0.51853
2.254961 0.518614
2.255942 0.518698
2.256924 0.51895
2.257907 0.519538
2.258891 0.52021
2.259876 0.52105
2.260861 0.522058
2.261847 0.522899
2.262835 0.523823
2.263823 0.524999
2.264812 0.525923
2.265802 0.526763
2.266792 0.527435
2.267784 0.528527
2.268776 0.52962
2.26977 0.530544
2.270764 0.531636
2.271759 0.532644
2.272755 0.533652
2.273752 0.534828
2.27475 0.535753
2.275748 0.536845
2.276747 0.537685
2.277748 0.538525
2.278749 0.539281
2.279751 0.539617
2.280754 0.539869
2.281758 0.540121
2.282763 0.539869
2.283768 0.53996
2.284775 0.539507
2.285782 0.538872
2.286791 0.538147
2.2878 0.537875
2.28881 0.537422
2.289821 0.536425
2.290832 0.535791
2.291845 0.535066
2.292859 0.533979
2.293873 0.533253
2.294889 0.532166
2.295905 0.531078
2.296922 0.529538
2.29794 0.52836
2.29896 0.527816
2.299979 0.527181
2.301001 0.525731
2.302022 0.524553
2.303045 0.523919
2.304068 0.523103
2.305093 0.52265
2.306118 0.521472
2.307145 0.519931
2.308172 0.519116
2.309201 0.518753
2.31023 0.518119
2.31126 0.516759
2.31229 0.516034
2.313322 0.5154
2.314355 0.514494
2.315388 0.513587
2.316423 0.512047
2.317458 0.510234
2.318495 0.509962
2.319532 0.509328
2.32057 0.50815
2.321609 0.507062
2.32265 0.506156
2.323691 0.504978
2.324733 0.504343
2.325776 0.503618
2.32682 0.503074
2.327865 0.501715
2.32891 0.500356
2.329957 0.499721
2.331005 0.498543
2.332053 0.49664
2.333103 0.496005
2.334153 0.495462
2.335205 0.494102
2.336257 0.493105
2.33731 0.492199
2.338365 0.49084
2.33942 0.489571
2.340476 0.488665
2.341533 0.488121
2.342591 0.487396
2.34365 0.486218
2.34471 0.485583
2.345771 0.485674
2.346833 0.485402
2.347896 0.484768
2.34896 0.484043
2.350024 0.483771
2.35109 0.48359
2.352157 0.483861
2.353225 0.483952
2.354293 0.484133
2.355363 0.484314
2.356434 0.484405
2.357505 0.484586
2.358577 0.484768
2.359651 0.48504
2.360726 0.485402
2.361801 0.485583
2.362878 0.485221
2.363955 0.484858
2.365033 0.48513
2.366114 0.485583
2.367194 0.485583
2.368275 0.484949
2.369358 0.485402
2.370441 0.486308
2.371525 0.486127
2.372611 0.48513
2.373697 0.485221
2.374785 0.485493
2.375873 0.485221
2.376962 0.485583
2.378052 0.486218
2.379144 0.486127
2.380236 0.485493
2.38133 0.484858
2.382424 0.48504
2.383519 0.485855
2.384615 0.486761
2.385713 0.486671
2.386811 0.486671
2.387911 0.486399
2.389011 0.48649
2.390113 0.487124
2.391215 0.487305
2.392318 0.487577
2.393423 0.488121
2.394528 0.487849
2.395635 0.487577
2.396743 0.487758
2.397851 0.48794
2.398961 0.487305
2.400071 0.486308
2.401183 0.48658
2.402296 0.487033
2.40341 0.486943
2.404524 0.486218
2.40564 0.486036
2.406757 0.485946
2.407875 0.485493
2.408994 0.48504
2.410113 0.48513
2.411234 0.484858
2.412356 0.484043
2.413479 0.482955
2.414603 0.48223
2.415729 0.481686
2.416855 0.480689
2.417982 0.480327
2.419111 0.479964
2.42024 0.478877
2.421371 0.477971
2.422502 0.477336
2.423635 0.47643
2.424768 0.475886
2.425903 0.475342
2.427038 0.474436
2.428176 0.473802
2.429314 0.473349
2.430453 0.472352
2.431592 0.471445
2.432734 0.47063
2.433876 0.469542
2.435019 0.468727
2.436163 0.468002
2.437308 0.467458
2.438454 0.467367
2.439602 0.467005
2.44075 0.466551
2.4419 0.466461
2.443051 0.46628
2.444203 0.465826
2.445355 0.466008
2.44651 0.465826
2.447665 0.465101
2.448821 0.465283
2.449978 0.465736
2.451137 0.465555
2.452296 0.465011
2.453457 0.46483
2.454618 0.465011
2.455781 0.465011
2.456945 0.464648
2.45811 0.464467
2.459276 0.464739
2.460443 0.464648
2.461612 0.464648
2.462781 0.464467
2.463952 0.464558
2.465123 0.464739
2.466296 0.464558
2.46747 0.464376
2.468645 0.464467
2.469821 0.464467
2.470998 0.464739
2.472176 0.465011
2.473356 0.465101
2.474536 0.464739
2.475718 0.465011
2.476901 0.465011
2.478085 0.464558
2.47927 0.464104
2.480456 0.463833
2.481644 0.463561
2.482832 0.464014
2.484022 0.464467
2.485213 0.464467
2.486404 0.464104
2.487597 0.463923
2.488792 0.463651
2.489987 0.46338
2.491184 0.463108
2.492381 0.463651
2.493581 0.463833
2.494781 0.463561
2.495982 0.463198
2.497184 0.463198
2.498387 0.462836
2.499592 0.462473
2.500798 0.462836
2.502005 0.462926
2.503213 0.462292
2.504422 0.462564
2.505633 0.462745
2.506844 0.462564
2.508057 0.462201
2.509271 0.461929
2.510486 0.461748
2.511703 0.461839
2.51292 0.461839
2.514138 0.46202
2.515358 0.462292
2.516579 0.462383
2.517802 0.462292
2.519025 0.462111
2.52025 0.462383
2.521476 0.462383
2.522703 0.462292
2.523931 0.462292
2.52516 0.461929
2.526391 0.461658
2.527622 0.461476
2.528856 0.461476
2.53009 0.461204
2.531325 0.461204
2.532562 0.461204
2.5338 0.461114
2.535039 0.460842
2.536279 0.460933
2.53752 0.460298
2.538763 0.459664
2.540007 0.459573
2.541252 0.459573
2.542498 0.459664
2.543746 0.459664
2.544994 0.459573
2.546244 0.45912
2.547495 0.458304
2.548748 0.457851
2.550002 0.457851
2.551256 0.457851
2.552513 0.457489
2.553771 0.457126
2.555029 0.456673
2.556289 0.456311
2.55755 0.455586
2.558813 0.455314
2.560076 0.455586
2.561341 0.455586
2.562607 0.45486
2.563875 0.454679
2.565143 0.454045
2.566413 0.453048
2.567684 0.452504
2.568957 0.452414
2.57023 0.451689
2.571505 0.45042
2.572781 0.450601
2.574058 0.450329
2.575337 0.449242
2.576617 0.44906
2.577898 0.448607
2.579181 0.447429
2.580465 0.446523
2.58175 0.445798
2.583036 0.445526
2.584324 0.445888
2.585613 0.444529
2.586903 0.443804
2.588195 0.44317
2.589488 0.442535
2.590782 0.441266
2.592077 0.440088
2.593373 0.439454
2.594671 0.440269
2.595971 0.439273
2.597271 0.437369
2.598573 0.435919
2.599876 0.435285
2.601181 0.434832
2.602487 0.434197
2.603794 0.433744
2.605102 0.433472
2.606412 0.432929
2.607723 0.432113
2.609035 0.43175
2.610349 0.431297
2.611664 0.430482
2.612981 0.429938
2.614299 0.429666
2.615618 0.429303
2.616938 0.429757
2.61826 0.428669
2.619583 0.428125
2.620907 0.428488
2.622233 0.427219
2.62356 0.426313
2.624888 0.42586
2.626217 0.426222
2.627548 0.425769
2.628881 0.425135
2.630215 0.425769
2.63155 0.425316
2.632886 0.424138
2.634224 0.423413
2.635564 0.422416
2.636904 0.421781
2.638246 0.421238
2.63959 0.421238
2.640934 0.420422
2.64228 0.419063
2.643628 0.417794
2.644976 0.417341
2.646327 0.416706
2.647678 0.415437
2.649031 0.41435
2.650386 0.413534
2.651741 0.412356
2.653098 0.411359
2.654457 0.41009
2.655817 0.409003
2.657177 0.406737
2.65854 0.405378
2.659904 0.403837
2.66127 0.401843
2.662637 0.400121
2.664005 0.398581
2.665375 0.396859
2.666745 0.394956
2.668118 0.391874
2.669492 0.389699
2.670867 0.388068
2.672244 0.383718
2.673622 0.380183
2.675002 0.377374
2.676383 0.374927
2.677765 0.371664
2.67915 0.367858
2.680535 0.36378
2.681922 0.359158
2.68331 0.354536
2.6847 0.34937
2.68609 0.344023
2.687483 0.33786
2.688877 0.331063
2.690272 0.32336
2.691669 0.315656
2.693067 0.307862
2.694467 0.300159
2.695868 0.291187
2.69727 0.282396
2.698674 0.274693
2.70008 0.266989
2.701487 0.258108
2.702896 0.249136
2.704306 0.239982
2.705717 0.231735
2.70713 0.22521
2.708544 0.219772
2.70996 0.213881
2.711378 0.2079
2.712797 0.200287
2.714217 0.192131
2.715639 0.183702
2.717062 0.175093
2.718487 0.165939
2.719913 0.157239
2.721341 0.148629
2.72277 0.140473
2.7242 0.133132
2.725633 0.125791
2.727067 0.119357
2.728502 0.114282
2.729939 0.110113
2.731377 0.106125
2.732817 0.102409
2.734258 0.099419
2.735701 0.096337
2.737146 0.093528
2.738592 0.091171
2.740039 0.088906
2.741488 0.086821
2.742939 0.084737
2.744391 0.082834
2.745844 0.08084
2.747299 0.079299
2.748756 0.07803
2.750214 0.07658
2.751674 0.075402
2.753135 0.074043
2.754598 0.072955
2.756062 0.072321
2.757528 0.071596
2.758996 0.070871
2.760465 0.070418
2.761936 0.070871
2.763408 0.07223
2.764882 0.073771
2.766357 0.075221
2.767834 0.076037
2.769313 0.076762
2.770793 0.077487
2.772275 0.078484
2.773758 0.079752
2.775243 0.081202
2.77673 0.083468
2.778218 0.085824
2.779707 0.088
2.781199 0.090084
2.782691 0.09235
2.784185 0.094434
2.785681 0.096247
2.787179 0.09824
2.788678 0.100144
2.790179 0.102047
2.791682 0.104222
2.793186 0.106488
2.794692 0.108391
2.7962 0.110203
2.797709 0.112106
2.799219 0.113647
2.800731 0.115007
2.802245 0.11691
2.803761 0.118813
2.805278 0.120082
2.806797 0.12126
2.808318 0.122529
2.80984 0.12416
2.811363 0.125882
2.812889 0.127423
2.814416 0.129144
2.815945 0.130866
2.817475 0.132498
2.819007 0.134129
2.82054 0.13576
2.822076 0.137754
2.823613 0.140201
2.825152 0.142195
2.826692 0.143917
2.828234 0.145911
2.829778 0.148448
2.831324 0.150805
2.832871 0.15307
2.83442 0.155336
2.835971 0.15742
2.837523 0.159595
2.839077 0.16168
2.840632 0.163946
2.84219 0.166211
2.843749 0.168296
2.84531 0.170289
2.846872 0.172283
2.848437 0.174277
2.850003 0.17618
2.85157 0.177449
2.85314 0.178718
2.854711 0.179805
2.856283 0.180621
2.857857 0.181437
2.859434 0.182434
2.861012 0.183159
2.862592 0.183793
2.864173 0.184065
2.865757 0.184337
2.867342 0.184518
2.868929 0.18479
2.870517 0.184609
2.872108 0.184246
2.873699 0.184065
2.875293 0.183793
2.876889 0.183702
2.878486 0.183884
2.880085 0.183793
2.881686 0.18343
2.883289 0.183159
2.884893 0.183068
2.886499 0.183068
2.888107 0.182796
2.889717 0.182343
2.891329 0.182252
2.892942 0.182434
2.894558 0.182524
2.896175 0.182071
2.897794 0.181618
2.899415 0.181618
2.901037 0.181799
2.902662 0.181527
2.904288 0.181527
2.905916 0.181618
2.907546 0.181074
2.909178 0.180712
2.910811 0.180893
2.912446 0.180621
2.914083 0.180712
2.915722 0.18053
2.917363 0.180349
2.919006 0.180259
2.92065 0.180168
2.922296 0.180077
2.923944 0.179896
2.925594 0.179715
2.927246 0.179715
2.9289 0.179533
2.930556 0.179443
2.932213 0.179624
2.933873 0.179805
2.935534 0.179715
2.937198 0.179624
2.938863 0.179715
2.94053 0.179805
2.942199 0.179715
2.943869 0.179987
2.945542 0.180168
2.947217 0.180077
2.948893 0.179805
2.950572 0.179896
2.952252 0.179896
2.953934 0.179896
2.955618 0.180168
2.957304 0.180259
2.958992 0.180349
2.960681 0.180349
2.962373 0.18044
2.964067 0.18053
2.965763 0.180621
2.96746 0.180712
2.96916 0.180984
2.970861 0.181165
2.972565 0.181255
2.974271 0.181437
2.975978 0.181799
2.977687 0.18189
2.979398 0.18198
2.981112 0.182162
2.982827 0.182343
2.984544 0.182343
2.986264 0.182343
2.987985 0.182434
2.989709 0.182615
2.991434 0.182705
2.993161 0.182705
2.99489 0.183068
2.996621 0.183521
2.998354 0.183702
3.000089 0.183702
3.001826 0.183884
3.003565 0.184065
3.005306 0.184065
3.00705 0.184065
3.008795 0.184065
3.010542 0.184246
3.012291 0.184518
3.014043 0.184427
3.015796 0.184337
3.017552 0.18479
3.019309 0.185243
3.021069 0.185334
3.02283 0.185334
3.024594 0.185424
3.02636 0.185243
3.028127 0.185334
3.029897 0.185606
3.031669 0.185877
3.033443 0.186149
3.035219 0.18624
3.036998 0.18624
3.038778 0.186512
3.04056 0.186512
3.042344 0.186331
3.04413 0.186331
3.045919 0.186602
3.047709 0.186602
3.049502 0.186874
3.051297 0.187237
3.053094 0.187146
3.054893 0.186965
3.056694 0.187146
3.058498 0.187327
3.060303 0.187599
3.062111 0.187781
3.063921 0.187962
3.065733 0.187871
3.067547 0.187962
3.069363 0.188143
3.071181 0.188415
3.073001 0.188687
3.074824 0.188778
3.076649 0.189049
3.078476 0.18914
3.080305 0.189321
3.082136 0.189503
3.08397 0.189503
3.085805 0.189956
3.087644 0.190409
3.089484 0.190409
3.091326 0.190771
3.093171 0.191315
3.095017 0.191859
3.096866 0.192131
3.098717 0.192493
3.10057 0.193037
3.102426 0.19349
3.104284 0.193943
3.106144 0.194487
3.108006 0.19494
3.109871 0.195212
3.111737 0.195665
3.113606 0.196209
3.115477 0.196753
3.11735 0.197387
3.119226 0.19775
3.121104 0.198293
3.122984 0.198837
3.124866 0.199381
3.126751 0.200015
3.128638 0.20065
3.130527 0.201194
3.132419 0.201647
3.134313 0.202462
3.136209 0.203187
3.138108 0.20355
3.140008 0.204003
3.141912 0.204547
3.143817 0.205091
3.145725 0.205906
3.147635 0.206722
3.149547 0.207266
3.151462 0.207809
3.153378 0.208625
3.155298 0.209169
3.157219 0.209622
3.159143 0.210256
3.16107 0.210981
3.162998 0.211525
3.164929 0.211978
3.166862 0.212522
3.168798 0.213156
3.170736 0.214063
3.172677 0.214969
3.174619 0.215422
3.176565 0.215875
3.178513 0.21651
3.180463 0.217235
3.182415 0.21805
3.18437 0.218775
3.186327 0.219319
3.188287 0.219863
3.190248 0.220588
3.192213 0.221313
3.19418 0.221857
3.196149 0.222219
3.198121 0.222763
3.200095 0.223579
3.202072 0.224394
3.204051 0.224938
3.206032 0.225391
3.208016 0.225935
3.210002 0.226569
3.211991 0.227294
3.213982 0.227929
3.215976 0.228472
3.217972 0.229197
3.219971 0.230013
3.221972 0.230648
3.223976 0.231101
3.225982 0.231644
3.227991 0.232369
3.230002 0.233185
3.232016 0.233548
3.234032 0.233819
3.236051 0.234454
3.238072 0.235179
3.240096 0.235813
3.242123 0.236448
3.244152 0.236901
3.246183 0.237354
3.248217 0.238079
3.250253 0.238804
3.252293 0.239257
3.254334 0.239529
3.256378 0.239982
3.258425 0.240707
3.260474 0.241251
3.262526 0.241613
3.26458 0.242157
3.266638 0.24261
3.268697 0.242973
3.27076 0.243607
3.272825 0.244332
3.274892 0.244785
3.276962 0.245239
3.279035 0.245964
3.28111 0.246598
3.283188 0.247232
3.285269 0.247776
3.287352 0.248411
3.289438 0.248954
3.291526 0.249589
3.293617 0.250223
3.295711 0.250948
3.297807 0.251673
3.299906 0.252217
3.302008 0.25267
3.304113 0.253304
3.30622 0.253939
3.30833 0.254483
3.310443 0.255117
3.312558 0.255661
3.314676 0.256205
3.316797 0.256839
3.31892 0.257201
3.321046 0.257745
3.323175 0.258561
3.325307 0.259105
3.327442 0.259558
3.329579 0.260192
3.331719 0.260827
3.333861 0.26137
3.336007 0.262005
3.338155 0.26273
3.340306 0.263364
3.342458 0.263908
3.344615 0.264361
3.346774 0.264814
3.348936 0.265449
3.351101 0.266174
3.353268 0.266717
3.355439 0.26717
3.357612 0.267896
3.359789 0.268621
3.361968 0.269164
3.364149 0.269617
3.366334 0.270252
3.368521 0.270886
3.370711 0.271702
3.372904 0.272427
3.3751 0.273061
3.3773 0.273696
3.379501 0.274149
3.381706 0.274693
3.383913 0.275508
3.386123 0.276143
3.388336 0.276777
3.390553 0.277411
3.392771 0.278046
3.394992 0.278771
3.397217 0.279405
3.399445 0.279949
3.401675 0.280493
3.403909 0.281399
3.406146 0.282033
3.408385 0.282668
3.410627 0.283212
3.412873 0.283846
3.415121 0.28439
3.417372 0.285205
3.419626 0.28584
3.421884 0.286565
3.424144 0.287471
3.426407 0.288196
3.428673 0.28874
3.430943 0.289465
3.433215 0.290099
3.43549 0.290643
3.437768 0.291277
3.440049 0.292002
3.442333 0.292637
3.444621 0.292999
3.446911 0.293543
3.449204 0.294178
3.4515 0.294721
3.4538 0.295084
3.456102 0.295628
3.458408 0.296262
3.460716 0.296715
3.463028 0.297078
3.465343 0.29735
3.467662 0.297984
3.469983 0.298528
3.472307 0.29889
3.474634 0.299162
3.476965 0.299615
3.479298 0.300159
3.481635 0.300703
3.483975 0.301247
3.486317 0.301609
3.488663 0.301972
3.491012 0.302243
3.493365 0.302787
3.49572 0.303331
3.498079 0.303875
3.500441 0.304509
3.502806 0.304962
3.505175 0.305234
3.507547 0.305687
3.509921 0.30614
3.512299 0.306594
3.514681 0.306956
3.517065 0.307319
3.519453 0.307953
3.521844 0.308225
3.524238 0.308497
3.526636 0.309041
3.529036 0.309494
3.53144 0.309947
3.533848 0.3104
3.536258 0.310944
3.538672 0.311306
3.541089 0.311759
3.543509 0.312394
3.545932 0.312847
3.548359 0.3133
3.55079 0.313844
3.553223 0.314478
3.55566 0.315113
3.558101 0.315656
3.560545 0.3162
3.562992 0.316653
3.565443 0.317106
3.567896 0.317741
3.570354 0.318556
3.572814 0.31901
3.575278 0.319644
3.577746 0.320188
3.580216 0.320731
3.582691 0.321185
3.585169 0.321728
3.58765 0.322181
3.590135 0.322635
3.592623 0.323269
3.595114 0.323903
3.597609 0.324266
3.600107 0.324719
3.602608 0.325172
3.605114 0.325535
3.607622 0.325988
3.610135 0.326532
3.61265 0.326985
3.61517 0.327257
3.617692 0.327529
3.620219 0.327891
3.622749 0.328435
3.625283 0.328888
3.627819 0.329341
3.63036 0.329613
3.632904 0.329794
3.635452 0.330066
3.638003 0.33061
3.640558 0.330972
3.643116 0.331063
3.645679 0.331426
3.648244 0.331788
3.650813 0.332241
3.653386 0.332422
3.655962 0.332604
3.658543 0.333057
3.661126 0.333601
3.663713 0.333782
3.666304 0.334054
3.668898 0.334507
3.671497 0.334779
3.674099 0.33496
3.676705 0.335232
3.679314 0.335776
3.681927 0.336138
3.684544 0.33641
3.687165 0.336682
3.689789 0.336863
3.692417 0.337316
3.695049 0.337769
3.697685 0.338041
3.700324 0.338404
3.702967 0.338766
3.705615 0.339129
3.708265 0.339582
3.71092 0.339854
3.713578 0.340216
3.71624 0.340398
3.718906 0.340941
3.721576 0.341485
3.724249 0.341938
3.726926 0.342301
3.729607 0.342845
3.732292 0.343298
3.734981 0.34366
3.737674 0.344113
3.740371 0.344476
3.743071 0.344929
3.745776 0.345473
3.748485 0.345926
3.751197 0.346289
3.753913 0.34647
3.756634 0.346832
3.759358 0.347104
3.762086 0.347557
3.764818 0.34801
3.767554 0.348464
3.770293 0.348735
3.773037 0.349007
3.775785 0.349279
3.778537 0.34946
3.781293 0.350004
3.784053 0.350185
3.786817 0.350095
3.789586 0.350185
3.792358 0.350276
3.795134 0.350457
3.797915 0.350548
3.800699 0.350639
3.803488 0.35082
3.80628 0.350729
3.809077 0.350729
3.811877 0.350729
3.814683 0.350639
3.817492 0.350729
3.820305 0.35082
3.823123 0.351001
3.825944 0.351001
3.82877 0.351001
3.8316 0.351001
3.834434 0.350911
3.837271 0.35082
3.840113 0.35082
3.84296 0.350639
3.845811 0.350639
3.848666 0.350548
3.851525 0.350639
3.854389 0.350639
3.857257 0.350639
3.86013 0.350729
3.863006 0.350639
3.865887 0.350548
3.868772 0.350548
3.871661 0.350367
3.874554 0.350185
3.877452 0.350185
3.880355 0.350185
3.883262 0.350185
3.886173 0.350095
3.889088 0.350095
3.892008 0.350004
3.894932 0.349914
3.897861 0.349732
3.900793 0.34946
3.903731 0.34937
3.906672 0.34937
3.909618 0.349279
3.912569 0.348917
3.915524 0.348735
3.918483 0.348735
3.921447 0.348554
3.924416 0.348192
3.927389 0.34792
3.930367 0.347467
3.933349 0.347013
3.936336 0.346742
3.939327 0.346379
3.942322 0.345835
3.945323 0.345201
3.948327 0.344748
3.951337 0.344204
3.954351 0.34366
3.95737 0.343207
3.960393 0.342754
3.963421 0.342482
3.966453 0.342301
3.96949 0.342301
3.972532 0.34212
3.975579 0.341938
3.978629 0.341666
3.981685 0.341757
3.984745 0.341938
3.98781 0.342029
3.99088 0.34221
3.993955 0.342301
3.997034 0.342391
4.000118 0.342573
4.003208 0.342754
4.006302 0.342845
4.0094 0.342754
4.012504 0.342845
4.015612 0.342935
4.018724 0.342845
4.021842 0.342754
4.024965 0.342663
4.028091 0.342482
4.031223 0.342482
4.03436 0.342482
4.037502 0.34221
4.040649 0.342029
4.043801 0.341848
4.046958 0.341485
4.050119 0.341123
4.053287 0.34067
4.056458 0.340216
4.059635 0.339854
4.062816 0.339673
4.066003 0.339129
4.069194 0.338585
4.072391 0.338404
4.075593 0.337951
4.078799 0.337316
4.082011 0.336954
4.085227 0.336591
4.088449 0.335957
4.091676 0.335504
4.094908 0.335232
4.098145 0.334869
4.101388 0.334144
4.104634 0.333691
4.107887 0.333329
4.111144 0.332694
4.114407 0.33206
4.117675 0.331697
4.120948 0.331335
4.124227 0.330791
4.12751 0.330519
4.130799 0.330157
4.134094 0.329794
4.137393 0.32925
4.140697 0.328707
4.144008 0.328254
4.147323 0.32771
4.150643 0.327438
4.153969 0.327166
4.157301 0.326532
4.160638 0.325988
4.16398 0.325716
4.167327 0.325444
4.17068 0.324991
4.174038 0.324538
4.177401 0.324266
4.18077 0.323903
4.184143 0.32345
4.187523 0.323088
4.190908 0.322907
4.194299 0.322725
4.197695 0.322635
4.201097 0.322997
4.204504 0.323632
4.207917 0.324357
4.211336 0.3249
4.214759 0.325444
4.218189 0.325897
4.221624 0.326441
4.225064 0.326713
4.22851 0.326532
4.231962 0.326169
4.23542 0.325535
4.238883 0.324628
4.242352 0.323178
4.245827 0.321456
4.249307 0.319191
4.252793 0.316472
4.256284 0.314478
4.259782 0.314297
4.263285 0.315294
4.266792 0.315838
4.270307 0.3162
4.273828 0.316653
4.277354 0.317197
4.280886 0.317741
4.284424 0.318103
4.287968 0.318103
4.291517 0.317831
4.295074 0.317559
4.298635 0.317288
4.302202 0.316834
4.305776 0.316381
4.309355 0.315928
4.31294 0.315294
4.316531 0.314569
4.320128 0.314025
4.323732 0.313391
4.327342 0.312847
4.330956 0.312575
4.334578 0.312122
4.338205 0.311487
4.341838 0.310944
4.345478 0.310672
4.349123 0.310491
4.352774 0.310219
4.356431 0.309947
4.360096 0.309584
4.363765 0.309222
4.367442 0.309041
4.371124 0.308678
4.374813 0.308225
4.378508 0.307862
4.38221 0.3075
4.385918 0.307228
4.389631 0.306865
4.393351 0.306594
4.397078 0.306231
4.40081 0.305959
4.404549 0.305415
4.408295 0.305053
4.412045 0.30469
4.415803 0.304237
4.419568 0.303965
4.423338 0.303512
4.427116 0.302878
4.4309 0.302425
4.43469 0.301972
4.438487 0.301428
4.442291 0.300884
4.446101 0.30034
4.449917 0.299887
4.45374 0.299525
4.45757 0.298981
4.461406 0.298528
4.465249 0.298075
4.469098 0.297531
4.472954 0.297078
4.476817 0.296715
4.480686 0.296353
4.484562 0.295809
4.488445 0.295356
4.492334 0.294993
4.496231 0.294631
4.500134 0.294268
4.504043 0.293906
4.507959 0.293634
4.511883 0.293271
4.515813 0.292909
4.51975 0.292546
4.523694 0.292184
4.527645 0.291731
4.531602 0.291368
4.535568 0.290915
4.539539 0.290462
4.543518 0.290009
4.547503 0.289556
4.551496 0.289193
4.555496 0.288649
4.559502 0.288105
4.563516 0.287652
4.567537 0.287109
4.571565 0.286655
4.5756 0.286202
4.579642 0.285659
4.583691 0.285024
4.587747 0.28448
4.591811 0.284027
4.595881 0.283574
4.599958 0.282849
4.604044 0.282124
4.608136 0.281671
4.612236 0.281037
4.616343 0.280402
4.620458 0.279768
4.624579 0.279133
4.628708 0.278499
4.632845 0.277865
4.636989 0.27723
4.64114 0.276686
4.645299 0.275871
4.649466 0.275055
4.653639 0.274239
4.65782 0.273605
4.662009 0.272971
4.666206 0.272155
4.67041 0.271611
4.674621 0.270977
4.67884 0.270433
4.683066 0.269889
4.687301 0.269346
4.691543 0.268621
4.695792 0.268077
4.700048 0.267533
4.704313 0.266989
4.708586 0.266445
4.712867 0.265992
4.717155 0.265539
4.721451 0.265086
4.725755 0.264633
4.730067 0.263999
4.734388 0.263364
4.738715 0.26273
4.743051 0.262095
4.747394 0.261642
4.751746 0.261098
4.756105 0.260555
4.760472 0.25992
4.764848 0.259376
4.769232 0.258742
4.773623 0.258289
4.778023 0.257745
4.782431 0.257292
4.786847 0.256658
4.791271 0.256114
4.795703 0.255751
4.800144 0.255298
4.804591 0.254845
4.809048 0.254301
4.813513 0.253848
4.817986 0.253486
4.822468 0.252942
4.826958 0.252489
4.831457 0.251945
4.835964 0.251492
4.84048 0.251039
4.845004 0.250676
4.849536 0.250042
4.854077 0.249407
4.858626 0.248954
4.863184 0.248501
4.867751 0.247776
4.872326 0.247142
4.876908 0.246507
4.8815 0.245873
4.886101 0.245148
4.89071 0.244332
4.895329 0.243517
4.899956 0.242701
4.904591 0.241795
4.909236 0.240798
4.91389 0.23971
4.918552 0.238804
4.923223 0.237988
4.927903 0.237445
4.932591 0.23681
4.937289 0.236085
4.941996 0.235451
4.946712 0.234816
4.951437 0.234182
4.956171 0.233638
4.960914 0.232823
4.965665 0.231826
4.970426 0.230829
4.975196 0.229832
4.979976 0.228926
4.984764 0.22811
4.989561 0.227385
4.994367 0.22666
4.999184 0.226026
5.004009 0.225391
5.008844 0.224575
5.013688 0.224032
5.018541 0.223669
5.023404 0.223216
5.028277 0.222582
5.033159 0.221947
5.038051 0.221313
5.042951 0.22086
5.047862 0.220316
5.052782 0.219863
5.057711 0.219319
5.06265 0.218866
5.0676 0.218413
5.072558 0.217869
5.077527 0.217325
5.082504 0.217144
5.087492 0.216691
5.09249 0.216056
5.097497 0.215422
5.102514 0.21506
5.10754 0.214606
5.112577 0.214063
5.117624 0.213338
5.122681 0.212613
5.127748 0.211797
5.132825 0.210981
5.137912 0.210166
5.143009 0.209441
5.148117 0.208806
5.153234 0.2079
5.158362 0.206994
5.1635 0.206178
5.168648 0.205362
5.173806 0.204637
5.178975 0.203822
5.184154 0.203006
5.189344 0.202009
5.194544 0.201012
5.199754 0.200106
5.204975 0.199109
5.210206 0.198293
5.215447 0.197297
5.2207 0.195756
5.225963 0.194215
5.231235 0.192856
5.236519 0.191587
5.241814 0.190228
5.247119 0.188687
5.252435 0.187146
5.257762 0.185787
5.2631 0.184246
5.268449 0.182887
5.273809 0.181618
5.27918 0.18044
5.284561 0.179262
5.289953 0.178355
5.295357 0.177177
5.300771 0.17609
5.306197 0.175093
5.311634 0.174096
5.31708 0.17319
5.322538 0.172374
5.328009 0.171468
5.33349 0.170561
5.338983 0.169655
5.344487 0.169111
5.350003 0.168839
5.355529 0.168205
5.361069 0.167571
5.366619 0.167208
5.37218 0.167208
5.377753 0.167208
5.383337 0.167117
5.388933 0.167299
5.394541 0.167571
5.40016 0.167571
5.405792 0.167571
5.411435 0.167571
5.417089 0.167752
5.422756 0.167843
5.428434 0.167117
5.434124 0.166483
5.439826 0.16603
5.44554 0.165396
5.451264 0.164852
5.457003 0.16458
5.462753 0.164308
5.468515 0.163583
5.47429 0.162858
5.480077 0.162314
5.485876 0.161499
5.491687 0.160774
5.497512 0.16023
5.503348 0.159777
5.509196 0.159052
5.515058 0.158508
5.520931 0.158145
5.526816 0.157602
5.532715 0.156877
5.538626 0.156152
5.544551 0.155608
5.550487 0.155336
5.556436 0.155064
5.562398 0.154702
5.568373 0.154248
5.57436 0.15452
5.58036 0.155155
5.586374 0.154883
5.592398 0.154611
5.598437 0.154702
5.604489 0.154883
5.610555 0.154973
5.616633 0.155245
5.622725 0.155155
5.62883 0.155245
5.634949 0.155517
5.641082 0.15597
5.647227 0.15597
5.653385 0.15597
5.659557 0.15588
5.665742 0.155608
5.671941 0.15588
5.678154 0.155789
5.68438 0.155608
5.69062 0.155517
5.696874 0.155064
5.703141 0.154973
5.709422 0.155245
5.715717 0.154883
5.722026 0.15443
5.728348 0.153977
5.734685 0.153705
5.741033 0.153342
5.747398 0.15298
5.753777 0.152073
5.76017 0.151983
5.766577 0.152073
5.772999 0.150986
5.779435 0.15008
5.785885 0.149264
5.792351 0.148539
5.798831 0.147995
5.805324 0.14727
5.811832 0.146636
5.818355 0.146273
5.824893 0.145457
5.831445 0.144189
5.838012 0.142829
5.844594 0.141651
5.851191 0.140835
5.857803 0.139929
5.864429 0.13866
5.871071 0.137301
5.877727 0.136848
5.884399 0.135579
5.891086 0.133585
5.897785 0.132226
5.904502 0.130323
5.911235 0.128691
5.917983 0.127423
5.924747 0.126154
5.931525 0.125247
5.93832 0.124341
5.94513 0.122619
5.951957 0.121079
5.958798 0.11981
5.965655 0.118904
5.972528 0.117907
5.979417 0.116547
5.986322 0.11555
5.993242 0.114372
6.000179 0.112922
6.00713 0.111835
6.014098 0.110928
6.021083 0.109841
6.028085 0.108663
6.035102 0.107575
6.042136 0.107394
6.049186 0.107394
6.056253 0.106216
6.063337 0.105219
6.070437 0.104766
6.077554 0.104131
6.084687 0.103406
6.091837 0.102681
6.099004 0.102137
6.106188 0.102228
6.113389 0.102591
6.120608 0.1025
6.127842 0.1025
6.135094 0.102953
6.142364 0.103769
6.14965 0.104494
6.156953 0.105763
6.164274 0.107122
6.171613 0.108209
6.178967 0.109841
6.18634 0.111744
6.193731 0.113285
6.201139 0.114644
6.208566 0.116366
6.216011 0.117907
6.223473 0.119629
6.230953 0.121351
6.238452 0.12271
6.245968 0.12416
6.253502 0.125701
6.261055 0.127151
6.268626 0.128329
6.276215 0.129416
6.283823 0.130595
6.291449 0.131682
6.299095 0.132498
6.306758 0.133132
6.31444 0.133767
6.32214 0.134401
6.32986 0.134763
6.337598 0.135488
6.345355 0.136304
6.353131 0.136485
6.360924 0.136667
6.368739 0.137029
6.376572 0.13721
6.384425 0.13712
6.392297 0.137301
6.400189 0.137301
6.4081 0.138026
6.416031 0.138479
6.423983 0.137845
6.431953 0.137301
6.439943 0.136848
6.447953 0.136213
6.455982 0.135579
6.464032 0.134945
6.472102 0.134673
6.480192 0.13422
6.488305 0.133767
6.496436 0.13286
6.504587 0.131501
6.512758 0.130413
6.52095 0.129598
6.529163 0.12851
6.537397 0.127513
6.545651 0.126698
6.553923 0.125973
6.562219 0.125429
6.570536 0.125157
6.578875 0.124251
6.587234 0.123435
6.595614 0.12271
6.604017 0.121894
6.61244 0.121079
6.620886 0.120263
6.629353 0.119991
6.637841 0.119266
6.646351 0.117907
6.654883 0.116819
6.663437 0.116185
6.672013 0.11546
6.680611 0.114735
6.689233 0.113738
6.697875 0.112831
6.70654 0.112106
6.715228 0.111563
6.723937 0.110747
6.73267 0.10975
6.741425 0.108844
6.750203 0.108028
6.759001 0.107303
6.767824 0.106759
6.776671 0.105944
6.785541 0.105491
6.794435 0.104584
6.803351 0.103316
6.812291 0.102319
6.821255 0.101503
6.830244 0.100687
6.839254 0.099509
6.848289 0.098694
6.857347 0.097969
6.86643 0.096972
6.875537 0.095522
6.884668 0.094253
6.893823 0.093165
6.902999 0.092078
6.912203 0.090809
6.921432 0.089721
6.930685 0.088815
6.939963 0.087818
6.949265 0.086912
6.958593 0.085915
6.967947 0.084737
6.977327 0.083831
6.98673 0.083106
6.996159 0.08229
7.005613 0.081656
7.015093 0.081202
7.024599 0.080931
7.03413 0.080568
7.043687 0.080477
7.053272 0.080387
7.062882 0.080206
7.072517 0.080024
7.082179 0.079934
7.091867 0.079843
7.101583 0.079752
7.111324 0.079662
7.121092 0.079662
7.130883 0.079299
7.140706 0.079209
7.150555 0.079027
7.160431 0.078755
7.170335 0.078665
7.180266 0.078212
7.190225 0.077759
7.200211 0.077577
7.210228 0.077124
7.22027 0.076671
7.23034 0.076309
7.240438 0.075855
7.250565 0.075312
7.26072 0.074768
7.270903 0.074224
7.281115 0.07359
7.291358 0.073046
7.301627 0.072593
7.311926 0.07214
7.322253 0.071505
7.33261 0.071052
7.342996 0.070508
7.353412 0.069874
7.363857 0.069149
7.374328 0.068696
7.384833 0.068515
7.395367 0.067971
7.405932 0.067246
7.416527 0.066702
7.427153 0.066068
7.437809 0.065524
7.448495 0.064889
7.459215 0.064074
7.469963 0.063439
7.480742 0.062714
7.491552 0.062171
7.502394 0.061446
7.513267 0.060902
7.524172 0.060358
7.535108 0.059814
7.546078 0.059089
7.557078 0.058455
7.56811 0.05782
7.579175 0.057186
7.590272 0.056642
7.601401 0.056189
7.612564 0.055464
7.623759 0.054739
7.634982 0.054105
7.646243 0.053652
7.657537 0.05338
7.668865 0.052836
7.680227 0.052202
7.691622 0.051839
7.703051 0.051386
7.714513 0.050842
7.726013 0.050117
7.737544 0.049573
7.74911 0.04903
7.76071 0.048667
7.772346 0.048033
7.784016 0.047398
7.795721 0.046673
7.807461 0.046039
7.819234 0.045495
7.831045 0.045223
7.842893 0.044861
7.854775 0.044498
7.866695 0.044226
7.87865 0.044226
7.890642 0.044045
7.90267 0.043773
7.914737 0.043773
7.926839 0.044045
7.938978 0.044317
7.951155 0.044498
7.963368 0.04477
7.97562 0.045223
7.987909 0.045404
8.000236 0.045314
8.012604 0.045495
8.025007 0.045858
8.03745 0.04613
8.04993 0.046492
8.062449 0.047036
8.075007 0.04767
8.087605 0.048486
8.100242 0.049301
8.112914 0.050026
8.12563 0.050933
8.138387 0.05202
8.151183 0.053289
8.16402 0.054467
8.176896 0.055374
8.189815 0.055827
8.202773 0.05637
8.215774 0.057095
8.228815 0.057911
8.241898 0.058364
8.255021 0.058727
8.268188 0.059089
8.281395 0.059633
8.294645 0.059996
8.307939 0.06063
8.321277 0.061446
8.334655 0.062352
8.348077 0.063349
8.361541 0.064618
8.37505 0.065977
8.388601 0.067427
8.402197 0.069058
8.415837 0.070961
8.429516 0.072955
8.443245 0.07513
8.457019 0.077668
8.470837 0.080568
8.484701 0.083559
8.49861 0.086731
8.512566 0.089993
8.526567 0.093165
8.540616 0.096337
8.554709 0.099328
8.56885 0.101956
8.583036 0.103859
8.59727 0.1054
8.611551 0.107031
8.62588 0.110113
8.640257 0.114916
8.654684 0.120625
8.669156 0.126788
8.683678 0.132407
8.698248 0.137482
8.712867 0.142286
8.727534 0.146726
8.742252 0.150986
8.75702 0.155336
8.771832 0.159142
8.786699 0.162224
8.801618 0.165124
8.816586 0.167843
8.831606 0.170289
8.846677 0.172374
8.861799 0.17464
8.876974 0.176362
8.892203 0.177812
8.907482 0.178808
8.922813 0.179352
8.938197 0.179624
8.953634 0.180077
8.969126 0.180259
8.98467 0.180349
9.000268 0.180893
9.015924 0.181527
9.031631 0.181799
9.047393 0.18189
9.06321 0.181799
9.079082 0.181527
9.095011 0.18053
9.110995 0.178899
9.127035 0.176815
9.143127 0.175093
9.159282 0.173461
9.175492 0.17183
9.191761 0.170289
9.208088 0.169564
9.224472 0.169021
9.240915 0.16893
9.257417 0.169564
9.27398 0.170561
9.290601 0.172102
9.307281 0.174368
9.32402 0.177268
9.34082 0.180259
9.35768 0.18343
9.374602 0.186512
9.391585 0.189412
9.408624 0.192403
9.42573 0.195575
9.442899 0.198203
9.460131 0.200197
9.477425 0.201375
9.494783 0.201465
9.512204 0.20074
9.52969 0.198747
9.547244 0.196209
9.564858 0.1934
9.582539 0.190137
9.600284 0.18624
9.618095 0.182071
9.635973 0.17763
9.653916 0.172736
9.671927 0.167933
9.690009 0.163583
9.708156 0.159595
9.72637 0.15588
9.744653 0.152436
9.763004 0.148901
9.781425 0.145548
9.799915 0.143011
9.818476 0.140835
9.837101 0.138479
9.855803 0.136395
9.874576 0.134401
9.89342 0.132316
9.912336 0.130413
9.931326 0.12851
9.950388 0.126516
9.969523 0.124704
9.988736 0.122801
10.008019 0.121079
10.027377 0.119719
10.04681 0.118541
10.066319 0.117272
10.085902 0.115641
10.105563 0.114282
10.1253 0.113013
10.145119 0.111835
10.165011 0.110656
10.184982 0.109388
10.205031 0.108028
10.22516 0.106759
10.245367 0.105581
10.265656 0.104494
10.286023 0.103587
10.306466 0.102591
10.326997 0.101141
10.34761 0.100144
10.368304 0.099509
10.389083 0.098875
10.409945 0.09815
10.43089 0.097606
10.45192 0.096972
10.473039 0.096156
10.49424 0.09534
10.515526 0.094253
10.536899 0.093437
10.558359 0.092712
10.579906 0.091443
10.601542 0.090084
10.623267 0.089178
10.645084 0.087909
10.666988 0.08664
10.688982 0.085462
10.711066 0.084284
10.733243 0.083378
10.755511 0.082924
10.777872 0.08229
10.800325 0.081384
10.822865 0.081112
10.845508 0.081474
10.868244 0.081384
10.891077 0.081293
10.914005 0.081202
10.937031 0.081384
10.960154 0.082381
10.983374 0.083106
11.006698 0.08374
11.030116 0.084556
11.053635 0.085643
11.077253 0.087003
11.100973 0.088181
11.124795 0.089087
11.14872 0.089812
11.172747 0.090446
11.196871 0.090628
11.221107 0.090628
11.245447 0.090356
11.269894 0.090356
11.294447 0.090446
11.319107 0.090084
11.343875 0.089993
11.368752 0.089721
11.393744 0.089359
11.418839 0.08945
11.444047 0.089631
11.469365 0.089993
11.494797 0.090175
11.52034 0.090356
11.545999 0.090356
11.571771 0.090356
11.597663 0.090084
11.623667 0.089993
11.649787 0.090084
11.676025 0.089359
11.702382 0.088362
11.728858 0.087456
11.755454 0.086368
11.782171 0.085281
11.809002 0.083831
11.835962 0.082471
11.863048 0.080749
11.890256 0.078846
11.91759 0.077396
11.94505 0.075765
11.972636 0.074224
12.000351 0.073046
12.028198 0.072321
12.056171 0.071687
12.084274 0.071596
12.112508 0.071868
12.140875 0.071324
12.169374 0.071052
12.198009 0.071233
12.226777 0.071415
12.255688 0.071596
12.28473 0.071143
12.31391 0.07069
12.343228 0.07069
12.372687 0.070236
12.402287 0.069693
12.432029 0.069783
12.461913 0.069693
12.491931 0.069602
12.522105 0.069693
12.552425 0.070327
12.582892 0.07069
12.613507 0.070871
12.644272 0.070871
12.675187 0.070599
12.706254 0.069783
12.737479 0.06933
12.768852 0.068515
12.80038 0.06779
12.832064 0.067518
12.863906 0.067518
12.895905 0.067608
12.928064 0.067336
12.960384 0.066883
12.992874 0.066521
13.025519 0.065705
13.05833 0.06498
13.091305 0.064255
13.124448 0.063349
13.157759 0.062352
13.191238 0.061536
13.22489 0.061174
13.258701 0.060267
13.292698 0.060177
13.326869 0.060721
13.361217 0.060902
13.395742 0.060721
13.430446 0.060902
13.46533 0.060902
13.500397 0.060811
13.535651 0.060721
13.571085 0.060449
13.606705 0.059905
13.642511 0.059452
13.678508 0.059724
13.714694 0.058817
13.751073 0.058002
13.787644 0.057549
13.82442 0.056552
13.861383 0.055736
13.898545 0.055102
13.935907 0.054105
13.97347 0.053289
14.011236 0.052383
14.049208 0.051114
14.087384 0.050026
14.125755 0.048667
14.16435 0.047489
14.203156 0.045767
14.242176 0.044317
14.281411 0.042867
14.320862 0.041326
14.360532 0.040964
14.400422 0.041689
14.440542 0.042595
14.48088 0.042686
14.521442 0.042233
14.562233 0.041689
14.603253 0.040964
14.644506 0.04042
14.685991 0.040511
14.727713 0.040964
14.76966 0.040692
14.811859 0.039604
14.8543 0.038607
14.896984 0.038154
14.939916 0.037248
14.983094 0.036704
15.026524 0.036342
15.070205 0.035073
15.11415 0.033804
15.158343 0.032988
15.202796 0.032626
15.24751 0.031992
15.292488 0.031085
15.337732 0.030813
15.383245 0.031176
15.429028 0.030542
15.475092 0.029273
15.521424 0.029091
15.568036 0.029001
15.614927 0.029182
15.662103 0.029091
15.709563 0.029363
15.757313 0.029726
15.805353 0.03036
15.853672 0.03036
15.902304 0.031085
15.951234 0.03181
16.000465 0.032445
16.050003 0.033442
16.099848 0.034982
16.150003 0.036704
16.200472 0.038426
16.251265 0.041689
16.30237 0.044861
16.353796 0.047126
16.405548 0.050661
16.45763 0.055464
16.510042 0.060177
16.56279 0.065161
16.615877 0.071868
16.669313 0.079209
16.723085 0.086187
16.777206 0.093528
16.831676 0.101956
16.886503 0.110113
16.941689 0.116728
16.997234 0.123254
17.053146 0.129507
17.109409 0.135035
17.166063 0.139567
17.223093 0.144098
17.280504 0.148176
17.338299 0.151892
17.396481 0.155608
17.455055 0.158689
17.514025 0.160955
17.573404 0.163402
17.633179 0.166846
17.693359 0.171105
17.753954 0.174005
17.814964 0.175908
17.876394 0.178265
17.938251 0.179896
18.000536 0.182252
18.063269 0.184156
18.126427 0.186874
18.190027 0.18914
18.254078 0.189956
18.318579 0.191224
18.383539 0.192946
18.448961 0.193128
18.514851 0.190499
18.58119 0.186784
18.648029 0.183974
18.715351 0.180802
18.783159 0.176815
18.851461 0.172736
18.920263 0.167933
18.989569 0.164671
19.059383 0.159958
19.129725 0.154611
19.200575 0.151439
19.271952 0.150623
19.343863 0.148448
19.416311 0.145186
19.489305 0.14292
19.562849 0.141017
19.636951 0.140382
19.711594 0.139748
19.786827 0.139929
19.862638 0.141832
19.939034 0.143011
20.016018 0.141923
20.093599 0.142104
20.171785 0.144461
20.250582 0.147542
20.330009 0.151076
20.410049 0.154611
20.490723 0.159233
20.572035 0.162949
20.653994 0.167299
20.73661 0.173099
20.819889 0.177177
20.903841 0.177812
20.988487 0.180984
21.073807 0.183793
21.159821 0.183068
21.246542 0.18053
21.333977 0.176724
21.422132 0.174096
21.511023 0.171014
21.600651 0.166121
21.691 0.162677
21.782139 0.160774
21.874046 0.15733
21.966734 0.155517
22.060209 0.153161
22.154484 0.150986
22.249567 0.149536
22.34547 0.147814
22.442221 0.147542
22.539797 0.147179
22.638224 0.144461
22.737514 0.143645
22.837679 0.143282
22.93873 0.14582
23.04068 0.148539
23.143541 0.150442
23.247343 0.15008
23.35206 0.148629
23.457727 0.150986
23.564352 0.155789
23.671953 0.15588
23.78054 0.154883
23.890127 0.152436
24.000731 0.153705
24.112324 0.154339
24.224998 0.150442
24.338732 0.146817
24.453537 0.149173
24.569429 0.15298
24.686426 0.156061
24.804543 0.153523
24.923796 0.149264
