3.80833415847 0.29061331531
3.80207897678 0.291320022212
3.79584430965 0.290661054101
3.78963005631 0.291714532926
3.78343611668 0.2917665083
3.77726239131 0.291512584514
3.7711087814 0.290546770273
3.76497518881 0.289688925881
3.75886151602 0.291324879991
3.75276766615 0.290832605822
3.74669354295 0.290413026048
3.74063905078 0.292581698982
3.73460409462 0.289339042113
3.72858858008 0.293968298212
3.72259241336 0.292785568903
3.71661550126 0.292239756903
3.71065775119 0.289758167826
3.70471907115 0.289465862934
3.69879936972 0.289957859174
3.69289855608 0.292530971557
3.68701653996 0.29254644592
3.68115323168 0.290650308869
3.67530854215 0.294373718801
3.66948238282 0.289669035492
3.66367466569 0.29187873448
3.65788530335 0.290531761969
3.65211420892 0.292860781242
3.64636129606 0.293985221933
3.640626479 0.289525586739
3.63490967249 0.292635880083
3.62921079182 0.292318406156
3.6235297528 0.292210407709
3.61786647178 0.291252852669
3.61222086563 0.292784973864
3.60659285173 0.290610611756
3.60098234798 0.295895196474
3.5953892728 0.291871949488
3.58981354508 0.291401828263
3.58425508427 0.291545606237
3.57871381026 0.288255593297
3.57318964347 0.287435333501
3.5676825048 0.286735551118
3.56219231564 0.28532911482
3.55671899786 0.287309884081
3.55126247381 0.284840864881
3.54582266632 0.283534954872
3.54039949868 0.28176919079
3.53499289466 0.282131849554
3.5296027785 0.282282976046
3.52422907489 0.281073968327
3.51887170898 0.278228146495
3.51353060637 0.27772129797
3.50820569312 0.275994224732
3.50289689573 0.271227606497
3.49760414116 0.270962145874
3.4923273568 0.272121087139
3.48706647046 0.269444478247
3.48182141042 0.268250869324
3.47659210535 0.269857007517
3.4713784844 0.269320134243
3.46618047709 0.267231194567
3.46099801339 0.267596875713
3.45583102369 0.268448700596
3.45067943878 0.266738030042
3.44554318988 0.264669877485
3.44042220861 0.264301045994
3.435316427 0.263715849116
3.43022577746 0.262920875982
3.42515019284 0.26099851641
3.42008960635 0.256395757486
3.41504395162 0.256249739146
3.41001316265 0.252168216258
3.40499717385 0.253231342656
3.39999592 0.252213624407
3.39500933628 0.256346299029
3.39003735821 0.252766934121
3.38507992174 0.251892966909
3.38013696315 0.24852129752
3.37520841912 0.251721978153
3.37029422669 0.248607935886
3.36539432325 0.253027770185
3.36050864659 0.250733681762
3.35563713482 0.251610211379
3.35077972644 0.250613340928
3.34593636029 0.250734857973
3.34110697556 0.248262208143
3.33629151181 0.250349008195
3.33148990892 0.247651196345
3.32670210713 0.247648984271
3.32192804704 0.245505514526
3.31716766956 0.246267584008
3.31242091595 0.245485002172
3.30768772782 0.243420801281
3.30296804709 0.241440258611
3.29826181602 0.244370378231
3.29356897722 0.241457532629
3.28888947358 0.241904344181
3.28422324836 0.238913627096
3.27957024512 0.239099023782
3.27493040773 0.234473811433
3.2703036804 0.235687864934
3.26569000764 0.231179610129
3.26108933428 0.232278961093
3.25650160546 0.228480513608
3.25192676661 0.229161354428
3.24736476349 0.226098895054
3.24281554217 0.227214155383
3.23827904898 0.223928813603
3.2337552306 0.221275709869
3.22924403397 0.221501750833
3.22474540635 0.221384177716
3.22025929528 0.217669045313
3.21578564859 0.217923376298
3.21132441441 0.216611876738
3.20687554116 0.214963234147
3.20243897753 0.212391925544
3.19801467249 0.210930110173
3.19360257532 0.209407757986
3.18920263556 0.209048458973
3.18481480302 0.207859877243
3.1804390278 0.206105764833
3.17607526028 0.20435943842
3.17172345109 0.203760747788
3.16738355114 0.202834908254
3.16305551162 0.200205723838
3.15873928398 0.201103983812
3.15443481991 0.199610586085
3.15014207141 0.19706652277
3.14586099069 0.196066634275
3.14159153027 0.195652051914
3.13733364288 0.195169661407
3.13308728155 0.192792834963
3.12885239952 0.191542487386
3.12462895031 0.190715324422
3.1204168877 0.190589553925
3.11621616568 0.189092127402
3.11202673853 0.186960878111
3.10784856076 0.187009662151
3.1036815871 0.185400406246
3.09952577256 0.185210424481
3.09538107236 0.182910090834
3.09124744199 0.183560326782
3.08712483715 0.182615127042
3.08301321379 0.180922726033
3.0789125281 0.181881836809
3.07482273647 0.180011894058
3.07074379556 0.179681893887
3.06667566225 0.179068431262
3.06261829363 0.179826743947
3.05857164704 0.179226950759
3.05453568003 0.177808026538
3.05051035038 0.177403697046
3.04649561609 0.174921659178
3.04249143539 0.176010106095
3.0384977667 0.174241807934
3.0345145687 0.173712454453
3.03054180026 0.172620617325
3.02657942047 0.17377455939
3.02262738863 0.173014937516
3.01868566426 0.171577238977
3.01475420709 0.17081681245
3.01083297705 0.170503285766
3.00692193429 0.16963829401
3.00302103917 0.170284597256
2.99913025223 0.170538256378
2.99524953424 0.169702318107
2.99137884617 0.167960675988
2.98751814917 0.168724054425
2.98366740463 0.165944318916
2.97982657409 0.165366450111
2.97599561933 0.166607591631
2.97217450231 0.165273651417
2.96836318517 0.164405996111
2.96456163027 0.164485371503
2.96076980015 0.162945768834
2.95698765753 0.161506148369
2.95321516535 0.161770236864
2.94945228671 0.163037188596
2.94569898491 0.161007192778
2.94195522344 0.160374941767
2.93822096597 0.159811944708
2.93449617635 0.160315128126
2.93078081863 0.158413668086
2.92707485701 0.159774341269
2.92337825591 0.158838964876
2.91969097991 0.159957677629
2.91601299375 0.160697241314
2.91234426239 0.15952415233
2.90868475093 0.160690118498
2.90503442466 0.161468364894
2.90139324904 0.161351100256
2.8977611897 0.161086687762
2.89413821246 0.162652204526
2.89052428329 0.162863907415
2.88691936834 0.162313838708
2.88332343392 0.162034444091
2.87973644652 0.163389908395
2.87615837278 0.162152844914
2.87258917953 0.161592445286
2.86902883374 0.163190454224
2.86547730255 0.163835554392
2.86193455328 0.164586759668
2.85840055339 0.166075180561
2.8548752705 0.16728444404
2.85135867241 0.166759423087
2.84785072706 0.166776423646
2.84435140255 0.167672646528
2.84086066715 0.168926674347
2.83737848927 0.1709484941
2.83390483748 0.171893864286
2.8304396805 0.171758974689
2.82698298722 0.172701427488
2.82353472665 0.173934223231
2.82009486799 0.175274252089
2.81666338056 0.175547019074
2.81324023384 0.178106760748
2.80982539745 0.179642911719
2.80641884117 0.180535750597
2.80302053493 0.180695758599
2.79963044878 0.18241047286
2.79624855294 0.182556759339
2.79287481776 0.183918609551
2.78950921375 0.18498660846
2.78615171153 0.183759500239
2.7828022819 0.188381602858
2.77946089576 0.188049558949
2.77612752419 0.18922838048
2.77280213839 0.190674520638
2.76948470967 0.193042509839
2.76617520954 0.194155738967
2.76287360958 0.196025432321
2.75957988156 0.198014938342
2.75629399734 0.203629979456
2.75301592895 0.205898114059
2.74974564853 0.211549827831
2.74648312835 0.215491106706
2.74322834084 0.221857788746
2.73998125853 0.229002792491
2.73674185409 0.234277550694
2.73351010032 0.237360833228
2.73028597015 0.24411105026
2.72706943664 0.250097309359
2.72386047297 0.255132011429
2.72065905245 0.257447017024
2.71746514851 0.26647886011
2.71427873471 0.276782503196
2.71109978474 0.287143419041
2.7079282724 0.292990520904
2.70476417161 0.298494835553
2.70160745644 0.305379562113
2.69845810104 0.314952216494
2.69531607972 0.325230569187
2.69218136687 0.336220868618
2.68905393704 0.344630062127
2.68593376487 0.34849655648
2.68282082513 0.353031302938
2.67971509269 0.35641345699
2.67661654256 0.357292091632
2.67352514985 0.357512272885
2.67044088979 0.358585022051
2.66736373772 0.360870332237
2.66429366911 0.359097579666
2.66123065951 0.357489501476
2.65817468461 0.358651279481
2.6551257202 0.359512341844
2.6520837422 0.358372749032
2.6490487266 0.359212212546
2.64602064955 0.359120425111
2.64299948726 0.357592430136
2.63998521608 0.359432557006
2.63697781247 0.356433904049
2.63397725297 0.355428620096
2.63098351426 0.355382231139
2.62799657309 0.352297447162
2.62501640635 0.352058486181
2.62204299102 0.352362729309
2.61907630417 0.35514836218
2.616116323 0.353026316412
2.61316302479 0.353313117837
2.61021638694 0.353387596849
2.60727638694 0.354630553158
2.60434300239 0.353768152106
2.60141621099 0.354122727531
2.59849599052 0.355182849824
2.59558231889 0.35766280264
2.5926751741 0.359863113324
2.58977453423 0.361117773063
2.58688037748 0.365109763403
2.58399268213 0.366695877601
2.58111142658 0.36972142807
2.5782365893 0.370085064529
2.57536814888 0.374538483342
2.57250608398 0.37628826841
2.56965037337 0.375974206751
2.56680099592 0.378091411406
2.56395793058 0.380267308082
2.5611211564 0.381475423787
2.55829065252 0.381995674899
2.55546639817 0.385994651042
2.55264837269 0.385575074548
2.54983655548 0.387449363171
2.54703092605 0.388238275817
2.544231464 0.388247722478
2.54143814902 0.386973163449
2.53865096088 0.388598244394
2.53586987944 0.388842431177
2.53309488467 0.3875249812
2.53032595659 0.389406282067
2.52756307534 0.391988397216
2.52480622112 0.38653089025
2.52205537425 0.387954275923
2.5193105151 0.390536733948
2.51657162414 0.387555529877
2.51383868194 0.387010061429
2.51111166914 0.389086542527
2.50839056644 0.387122821235
2.50567535468 0.383492793689
2.50296601473 0.383527374467
2.50026252757 0.384580535269
2.49756487425 0.386114943911
2.49487303591 0.391297956497
2.49218699377 0.39248169826
2.48950672914 0.395226487816
2.48683222338 0.399564864277
2.48416345796 0.401315583272
2.48150041441 0.39971771674
2.47884307436 0.400526158005
2.4761914195 0.402740347925
2.47354543161 0.399799786255
2.47090509254 0.399305416061
2.46827038421 0.403403134275
2.46564128864 0.401222693201
2.46301778791 0.399768333555
2.46039986419 0.399273280993
2.45778749969 0.403248657875
2.45518067675 0.401680802527
2.45257937773 0.408261892567
2.44998358511 0.408706445956
2.44739328142 0.413297226975
2.44480844926 0.414377276918
2.44222907132 0.416901172188
2.43965513035 0.416646664382
2.43708660918 0.419849636909
2.43452349072 0.420807138485
2.43196575792 0.421891233659
2.42941339384 0.421999901759
2.42686638159 0.423400098461
2.42432470435 0.423701238275
2.42178834539 0.422769050967
2.41925728801 0.421061177111
2.41673151563 0.42055459735
2.4142110117 0.418694284192
2.41169575976 0.422130232614
2.4091857434 0.418963418239
2.40668094631 0.421432123099
2.40418135221 0.420484519804
2.40168694491 0.424502428091
2.39919770829 0.422987052663
2.39671362628 0.425106037094
2.39423468288 0.426969548288
2.39176086218 0.428083450636
2.38929214831 0.428818947496
2.38682852547 0.432729317714
2.38436997792 0.434312554267
2.38191649001 0.437137223359
2.37946804612 0.437066954631
2.37702463073 0.443118137478
2.37458622835 0.441266455423
2.37215282357 0.444836867683
2.36972440105 0.44406046213
2.3673009455 0.445373712773
2.36488244169 0.445596899451
2.36246887447 0.448298731053
2.36006022874 0.446074368905
2.35765648945 0.450286174814
2.35525764163 0.449750684125
2.35286367037 0.450447682589
2.35047456081 0.448477311335
2.34809029816 0.450913654901
2.34571086768 0.450503962415
2.34333625469 0.451165396164
2.34096644459 0.450982992123
2.33860142281 0.452566022386
2.33624117485 0.450524431091
2.33388568628 0.45215821275
2.33153494271 0.448445118037
2.32918892983 0.448696239976
2.32684763336 0.446961185792
2.3245110391 0.447770983471
2.3221791329 0.445272948986
2.31985190065 0.445392450288
2.31752932833 0.443154360016
2.31521140195 0.440670053838
2.31289810759 0.437255566053
2.31058943136 0.435868831487
2.30828535947 0.432949706661
2.30598587814 0.430758018494
2.30369097368 0.428287382481
2.30140063242 0.428790955834
2.29911484079 0.428412930164
2.29683358522 0.426166735039
2.29455685224 0.426367598089
2.2922846284 0.425446673001
2.29001690032 0.423551481108
2.28775365469 0.421442586786
2.28549487821 0.418478653902
2.28324055766 0.413184545168
2.28099067987 0.409534237827
2.27874523173 0.405885470536
2.27650420015 0.402801803667
2.27426757213 0.403351226116
2.27203533469 0.402315192213
2.26980747493 0.399548459249
2.26758397997 0.40117547134
2.26536483701 0.399714076539
2.26315003327 0.400507537547
2.26093955604 0.401642386911
2.25873339266 0.405644421204
2.25653153052 0.409572768165
2.25433395703 0.413404418098
2.2521406597 0.418325196348
2.24995162604 0.42136278468
2.24776684364 0.423499057789
2.24558630013 0.424539143188
2.24340998317 0.425721061477
2.24123788051 0.427383565907
2.23906997989 0.428269360254
2.23690626915 0.426248257306
2.23474673615 0.425615184235
2.2325913688 0.426760031598
2.23044015506 0.427159304167
2.22829308293 0.424148986994
2.22615014047 0.424624684821
2.22401131577 0.424315632538
2.22187659697 0.424135313912
2.21974597227 0.424652936411
2.21761942989 0.424278467512
2.21549695812 0.424782853432
2.21337854528 0.42465197366
2.21126417973 0.424363859548
2.20915384989 0.425477288251
2.20704754422 0.426852692823
2.20494525121 0.429430636478
2.20284695941 0.429290132662
2.20075265741 0.429682100707
2.19866233384 0.431332292785
2.19657597737 0.433370147294
2.19449357672 0.432722218799
2.19241512065 0.43457946846
2.19034059796 0.436233777671
2.18826999751 0.437254282109
2.18620330816 0.437863965294
2.18414051886 0.438568081945
2.18208161858 0.438906894036
2.18002659632 0.440035508403
2.17797544115 0.440769207165
2.17592814215 0.441806391086
2.17388468846 0.443429952555
2.17184506926 0.444834524829
2.16980927376 0.444405576704
2.16777729123 0.445591388294
2.16574911096 0.445583254834
2.16372472229 0.445452323876
2.16170411459 0.445704152541
2.15968727728 0.449152729846
2.15767419983 0.448160719138
2.15566487172 0.449463619367
2.15365928249 0.449141006745
2.15165742171 0.4490958981
2.149659279 0.448222738173
2.14766484402 0.451405366515
2.14567410643 0.451693079229
2.14368705599 0.452706394624
2.14170368245 0.45152936549
2.13972397561 0.453362864836
2.13774792532 0.452607491382
2.13577552145 0.453464211643
2.13380675393 0.453205546602
2.1318416127 0.455082634349
2.12988008775 0.453847936422
2.12792216912 0.4579485223
2.12596784686 0.456323993779
2.12401711108 0.456678590995
2.12206995191 0.455441989061
2.12012635953 0.4562207661
2.11818632414 0.457069330561
2.11624983599 0.457909645458
2.11431688536 0.457601178063
2.11238746256 0.459411036329
2.11046155794 0.458259223558
2.1085391619 0.459970222343
2.10662026484 0.458215449401
2.10470485724 0.458481855817
2.10279292957 0.460990102776
2.10088447236 0.459333024052
2.09897947618 0.4609753673
2.09707793161 0.462283069993
2.09517982928 0.461770626396
2.09328515986 0.461805561789
2.09139391404 0.460968108208
2.08950608255 0.463150572713
2.08762165615 0.460840500264
2.08574062564 0.464741547045
2.08386298184 0.462530244618
2.08198871562 0.46541222546
2.08011781787 0.463404198671
2.07825027952 0.463569103899
2.07638609154 0.463255591963
2.0745252449 0.463364910428
2.07266773064 0.465409852228
2.07081353981 0.464923394899
2.0689626635 0.463282741845
2.06711509283 0.46575253352
2.06527081896 0.464203649223
2.06342983307 0.466215200784
2.06159212637 0.464087554802
2.05975769011 0.467163249754
2.05792651556 0.464671577423
2.05609859404 0.466443588251
2.05427391688 0.466504128018
2.05245247546 0.467301345833
2.05063426118 0.465412049695
2.04881926546 0.466750869133
2.04700747977 0.466602442742
2.04519889559 0.466789447969
2.04339350446 0.467679698319
2.04159129792 0.467774348287
2.03979226756 0.467305102499
2.03799640497 0.468777395693
2.03620370182 0.467489458169
2.03441414976 0.467515621705
2.03262774049 0.467606001648
2.03084446575 0.4706740966
2.02906431728 0.467390681313
2.02728728688 0.46932117968
2.02551336636 0.467992463514
2.02374254757 0.468915946898
2.02197482237 0.467448729989
2.02021018267 0.469813946511
2.01844862039 0.467461061235
2.0166901275 0.470766905241
2.01493469597 0.468219230727
2.01318231782 0.470797136356
2.01143298509 0.46779990499
2.00968668985 0.468913449692
2.00794342419 0.469193137767
2.00620318023 0.468608407852
2.00446595014 0.469272339303
2.00273172607 0.470653665177
2.00100050025 0.468014361559
1.9992722649 0.468748424474
1.99754701227 0.468177872841
1.99582473466 0.46983472487
1.99410542437 0.466104925055
1.99238907374 0.471755988478
1.99067567514 0.468354009316
1.98896522095 0.472540251916
1.9872577036 0.469014613646
1.98555311553 0.469379436571
1.9838514492 0.465961172939
1.98215269712 0.470710112465
1.98045685179 0.466959265683
1.97876390576 0.467765715482
1.97707385162 0.467756660036
1.97538668194 0.470615786212
1.97370238936 0.468085840991
1.97202096653 0.468787668969
1.9703424061 0.466833316527
1.96866670079 0.469990559522
1.96699384331 0.46734502655
1.96532382641 0.470770054885
1.96365664285 0.469344017771
1.96199228545 0.473760067971
1.960330747 0.468789422168
1.95867202037 0.469751788151
1.95701609841 0.468468800343
1.95536297403 0.472761346696
1.95371264013 0.468774698075
1.95206508966 0.469582464982
1.95042031558 0.470079508622
1.94877831088 0.471533392505
1.94713906857 0.469366584385
1.94550258168 0.469548258919
1.94386884328 0.465249122646
1.94223784645 0.468410599008
1.94060958428 0.46699276241
1.93898404992 0.468323459938
1.9373612365 0.46852982882
1.93574113721 0.468026587536
1.93412374524 0.465823399361
1.9325090538 0.468844800074
1.93089705615 0.46581794679
1.92928774555 0.47021258834
1.92768111528 0.467798650761
1.92607715865 0.468603361627
1.924475869 0.467868145919
1.92287723967 0.467450240538
1.92128126405 0.468852322386
1.91968793553 0.467380347917
1.91809724753 0.470173040873
1.91650919349 0.470685820685
1.91492376688 0.46868110884
1.91334096119 0.471221085881
1.9117607699 0.470111614246
1.91018318657 0.47107956863
1.90860820472 0.470410351066
1.90703581795 0.474516543849
1.90546601982 0.473762193416
1.90389880397 0.478915165828
1.90233416402 0.47693353673
1.90077209362 0.480139451569
1.89921258646 0.47696461184
1.89765563623 0.482978086598
1.89610123664 0.481177163654
1.89454938143 0.484778027919
1.89300006436 0.4841679908
1.89145327921 0.483977355724
1.88990901978 0.483992529241
1.88836727988 0.484167454598
1.88682805336 0.483091491641
1.88529133407 0.48491404886
1.88375711589 0.481607184337
1.88222539273 0.485663914472
1.88069615849 0.481775752612
1.87916940712 0.485738915482
1.87764513258 0.478171633458
1.87612332884 0.477135704981
1.87460398991 0.476820472462
1.87308710979 0.475617913382
1.87157268253 0.471051260151
1.87006070217 0.472207780617
1.8685511628 0.472229603072
1.86704405851 0.47198670836
1.8655393834 0.470910553702
1.86403713162 0.469716641324
1.86253729731 0.46931868968
1.86103987464 0.470861270872
1.8595448578 0.473393487997
1.858052241 0.472291235646
1.85656201845 0.46779321523
1.85507418442 0.470706950334
1.85358873315 0.466734546918
1.85210565892 0.465260924765
1.85062495605 0.469117600859
1.84914661884 0.471103107107
1.84767064162 0.470301215135
1.84619701876 0.476935167169
1.84472574462 0.476459015592
1.8432568136 0.477898325276
1.84179022009 0.476086862086
1.84032595853 0.483626374177
1.83886402336 0.481946930351
1.83740440904 0.482915379426
1.83594711004 0.486269944772
1.83449212086 0.489815691945
1.83303943601 0.485861416993
1.83158905003 0.486668664562
1.83014095746 0.48468754316
1.82869515286 0.486688712522
1.82725163082 0.487588111632
1.82581038594 0.488969523151
1.82437141283 0.487399190954
1.82293470612 0.488384670295
1.82150026047 0.486095898213
1.82006807055 0.488609093656
1.81863813102 0.486197817039
1.8172104366 0.490550527824
1.81578498201 0.488333127841
1.81436176196 0.487904708735
1.81294077123 0.489319854807
1.81152200456 0.488741193076
1.81010545674 0.490006886938
1.80869112258 0.490334235078
1.80727899689 0.48766375792
1.80586907449 0.490011114856
1.80446135024 0.49121224262
1.803055819 0.492097322677
1.80165247565 0.488895341799
1.80025131508 0.492940867793
1.79885233221 0.487623428988
1.79745552196 0.49191747326
1.79606087928 0.49067394688
1.79466839912 0.49214580942
1.79327807646 0.492507615254
1.79188990628 0.48918308023
1.7905038836 0.488633161802
1.78912000344 0.492326249542
1.78773826082 0.490062751772
1.7863586508 0.490640865608
1.78498116845 0.490334887568
1.78360580885 0.489129970983
1.78223256709 0.492064785374
1.78086143829 0.492246294363
1.77949241758 0.486032508748
1.7781255001 0.491461142108
1.776760681 0.488686954428
1.77539795545 0.492367537744
1.77403731865 0.485545933585
1.77267876579 0.493011462513
1.77132229209 0.489292289022
1.76996789278 0.491425473016
1.76861556311 0.488833090964
1.76726529833 0.492433790382
1.76591709372 0.487218871621
1.76457094457 0.492289488517
1.76322684619 0.490769231027
1.76188479388 0.491477477006
1.76054478298 0.489025608274
1.75920680883 0.492625055809
1.75787086681 0.487790992782
1.75653695227 0.492260384773
1.75520506061 0.48739034655
1.75387518723 0.492350138155
1.75254732754 0.489189534121
1.75122147698 0.494228510926
1.74989763099 0.491564876308
1.74857578502 0.490677228954
1.74725593455 0.48870963158
1.74593807507 0.492182299146
1.74462220206 0.488036932075
1.74330831105 0.494461833964
1.74199639755 0.492417877998
1.74068645711 0.492535027713
1.73937848528 0.489162536588
1.73807247762 0.492818989143
1.73676842972 0.489942024299
1.73546633716 0.492587971218
1.73416619555 0.492312393515
1.73286800051 0.492782925904
1.73157174768 0.491682276601
1.73027743268 0.493065718061
1.7289850512 0.490270179629
1.72769459888 0.490172536114
1.72640607142 0.489055507045
1.72511946452 0.492876633089
1.72383477388 0.492024936465
1.72255199523 0.494059817331
1.7212711243 0.49070272335
1.71999215684 0.495879753537
1.7187150886 0.491262126871
1.71743991536 0.494414923084
1.71616663292 0.491292860954
1.71489523705 0.495707829519
1.71362572358 0.494524809624
1.71235808832 0.494043436181
1.71109232712 0.494273791109
1.70982843581 0.495210737488
1.70856641027 0.493332070541
1.70730624635 0.494524431347
1.70604793995 0.496501149904
1.70479148695 0.494824252005
1.70353688328 0.495210645295
1.70228412484 0.496913914675
1.70103320757 0.495819187175
1.69978412742 0.499944520253
1.69853688033 0.492815802342
1.69729146228 0.497311346902
1.69604786926 0.496965415324
1.69480609723 0.498678840046
1.69356614223 0.497641704114
1.69232800024 0.496139955715
1.69109166731 0.495829566871
1.68985713948 0.497255032571
1.68862441278 0.496966157368
1.68739348329 0.495908763362
1.68616434707 0.500678678703
1.68493700021 0.500147196418
1.6837114388 0.496609030337
1.68248765895 0.49802176668
1.68126565679 0.497658301261
1.68004542843 0.500420814432
1.67882697002 0.497570746278
1.67761027771 0.50035809105
1.67639534767 0.498318560674
1.67518217606 0.500234908719
1.67397075908 0.49692353228
1.67276109292 0.498532273995
1.67155317378 0.496775789359
1.67034699789 0.496991439555
1.66914256147 0.497668851572
1.66793986076 0.497797033363
1.66673889202 0.499724328454
1.6655396515 0.499499091647
1.66434213548 0.498149480469
1.66314634025 0.49676073568
1.66195226208 0.499657149075
1.6607598973 0.494697636613
1.65956924221 0.496314678954
1.65838029314 0.499178788507
1.65719304642 0.497256369456
1.6560074984 0.497619045534
1.65482364544 0.495485103644
1.65364148391 0.496849342039
1.65246101018 0.494636863119
1.65128222064 0.496839153036
1.6501051117 0.495546811716
1.64892967974 0.494437103798
1.64775592121 0.49695709464
1.64658383252 0.495475435711
1.64541341012 0.489116412801
1.64424465045 0.490610919122
1.64307754997 0.491865568714
1.64191210516 0.489764679878
1.64074831249 0.489214391
1.63958616845 0.493952398017
1.63842566954 0.488979676471
1.63726681227 0.489466907893
1.63610959316 0.48517819558
1.63495400874 0.486661251779
1.63380005555 0.48532876741
1.63264773013 0.48963090582
1.63149702904 0.485066801188
1.63034794886 0.485412304154
1.62920048615 0.484684402546
1.62805463751 0.485643208235
1.62691039954 0.479524019761
1.62576776883 0.488974683182
1.62462674201 0.484751182936
1.62348731569 0.485415014624
1.62234948653 0.483014704519
1.62121325115 0.489371930142
1.62007860621 0.485246991886
1.61894554839 0.486371186522
1.61781407434 0.486111375244
1.61668418075 0.486077199887
1.61555586431 0.489038489353
1.61442912172 0.493651600459
1.61330394969 0.490298065619
1.61218034494 0.49184501846
1.6110583042 0.491926790853
1.6099378242 0.495453252723
1.60881890169 0.486584628375
1.60770153343 0.49386044375
1.60658571617 0.493613841889
1.60547144669 0.492820796174
1.60435872178 0.494151686528
1.60324753821 0.497611902664
1.6021378928 0.493411422583
1.60102978236 0.494291233567
1.59992320369 0.491148282522
1.59881815362 0.498975012834
1.59771462899 0.492358808243
1.59661262665 0.506629538262
1.59551214344 0.493337494196
1.59441317623 0.495308029534
1.59331572188 0.49025648571
1.59221977728 0.501594481308
1.59112533931 0.491867665641
1.59003240486 0.498864434216
1.58894097084 0.498455054223
1.58785103417 0.497845514618
1.58676259175 0.498292964766
1.58567564053 0.504628224981
1.58459017744 0.49279003527
1.58350619943 0.499172201692
1.58242370344 0.502379902584
1.58134268645 0.510948736217
1.58026314542 0.496950173825
1.57918507733 0.515725450613
1.57810847918 0.496180230472
1.57703334795 0.516748960034
1.57595968065 0.496396850792
1.57488747429 0.516809246935
1.57381672589 0.499934389627
1.57274743249 0.524838597067
1.57167959111 0.514522798062
1.57061319881 0.50445866448
1.56954825262 0.490106322367
1.56848474962 0.507548349391
1.56742268688 0.50486225706
1.56636206146 0.514572449706
1.56530287045 0.514216499229
1.56424511095 0.533534820912
1.56318878006 0.521866446286
1.56213387487 0.519851065482
1.56108039252 0.518799171054
1.56002833011 0.514785639238
1.55897768479 0.514540926498
1.55792845369 0.520019519929
1.55688063396 0.517481896333
1.55583422275 0.548311568355
1.55478921723 0.525437171179
1.55374561455 0.523107920598
1.55270341191 0.517359510279
1.55166260648 0.539943196062
1.55062319546 0.515847279955
1.54958517605 0.540925187775
1.54854854545 0.558591316169
1.54751330088 0.564860782374
1.54647943956 0.525957368839
1.54544695871 0.55142829456
1.54441585559 0.54682870649
1.54338612743 0.546403619829
1.54235777148 0.557138965272
1.541330785 0.548452575213
1.54030516526 0.569527357074
1.53928090953 0.561134490358
1.53825801509 0.546209210933
1.53723647924 0.544964134283
1.53621629925 0.5543791814
1.53519747245 0.619992538772
1.53417999613 0.548359693312
1.53316386762 0.584335366865
1.53214908423 0.590173353026
1.53113564331 0.640765250503
1.53012354217 0.612040582996
1.52911277818 0.582527226994
1.52810334869 0.64184428788
1.52709525104 0.602987625097
1.52608848261 0.646907893167
1.52508304077 0.636984493054
1.5240789229 0.652870094402
1.52307612639 0.330908199679
1.52207464863 0.26297653276
1.52107448702 0.278239446589
1.52007563896 0.286012864727
1.51907810188 0.291450996699
1.51808187319 0.28732699625
1.51708695032 0.289770730776
1.51609333071 0.290850432353
1.51510101178 0.289856830042
1.51410999101 0.287850510824
1.51312026582 0.290776608627
1.5121318337 0.289426317843
1.5111446921 0.289629686338
1.51015883851 0.292222241385
1.50917427039 0.290003704686
1.50819098524 0.291596839747
1.50720898055 0.290851824357
1.50622825383 0.291054178837
1.50524880257 0.289873773703
1.5042706243 0.290910442478
1.50329371653 0.293577768462
1.50231807679 0.288477202732
1.50134370261 0.28988725706
1.50037059154 0.291500364071
1.4993987411 0.289893771252
1.49842814887 0.286956905554
1.4974588124 0.289435495519
1.49649072924 0.292291337073
1.49552389698 0.292658476573
1.49455831318 0.29057121788
1.49359397544 0.291372356009
1.49263088134 0.289207851094
1.49166902848 0.292459420417
1.49070841445 0.2899032113
1.48974903688 0.289284794926
1.48879089336 0.292470024469
1.48783398153 0.293997892977
1.48687829901 0.289705961935
1.48592384343 0.287639568666
1.48497061243 0.290214848806
1.48401860366 0.290090260913
1.48306781476 0.287603988345
1.48211824339 0.293780831754
1.48116988722 0.292256730418
1.48022274392 0.289297787317
1.47927681115 0.287133297538
1.47833208661 0.289832363802
1.47738856797 0.289372615104
1.47644625293 0.29112864196
1.47550513918 0.291028656676
1.47456522444 0.291514800738
1.47362650641 0.292822919731
1.47268898281 0.292642360361
1.47175265136 0.287832462129
1.47081750979 0.289152801179
1.46988355582 0.292979193119
1.46895078721 0.289668337903
1.46801920169 0.290749070619
1.46708879702 0.291702295482
1.46615957094 0.292854177643
1.46523152123 0.288988618521
1.46430464565 0.289773713713
1.46337894198 0.290072898916
1.46245440798 0.292908896095
1.46153104146 0.29051804222
1.46060884019 0.294253916739
1.45968780197 0.288907497813
1.45876792461 0.294613979188
1.45784920591 0.289840268611
1.45693164368 0.292375577938
1.45601523574 0.290195687119
1.45509997992 0.295399206446
1.45418587404 0.290973288887
1.45327291593 0.29187928393
1.45236110345 0.29382727806
1.45145043442 0.293211640414
1.4505409067 0.291350827805
1.44963251816 0.29083364839
1.44872526664 0.291114180427
1.44781915001 0.291523808395
1.44691416616 0.292541009825
1.44601031295 0.29152151284
1.44510758826 0.291205786812
1.44420598999 0.291793201804
1.44330551603 0.291897002913
1.44240616427 0.290156577471
1.44150793262 0.290041677755
1.44061081899 0.293263461836
1.43971482129 0.290909736422
1.43881993744 0.292323032933
1.43792616537 0.291091996732
1.437033503 0.296285515351
1.43614194827 0.290161215045
1.43525149912 0.292581585082
1.43436215349 0.291703109108
1.43347390934 0.294323030509
1.43258676462 0.291230908735
1.43170071728 0.290736219263
1.4308157653 0.289076413671
1.42993190664 0.293567979772
1.42904913928 0.288187946349
1.4281674612 0.2910253476
1.42728687039 0.291926996026
1.42640736483 0.296357276785
1.42552894251 0.287873013654
1.42465160145 0.291318586864
1.42377533964 0.288932453833
1.4229001551 0.292994732347
1.42202604583 0.286327626554
1.42115300986 0.292473988346
1.42028104521 0.294234352613
1.41941014992 0.294315522382
