3.9489482519 0.280334406697
3.9459314007 0.280825813628
3.9429188229 0.280725661143
3.9399105098 0.282957463131
3.9369064526 0.282178182942
3.9339066426 0.284649666257
3.9309110712 0.284148279613
3.9279197298 0.284439176399
3.9249326097 0.285386972259
3.9219497024 0.287465586834
3.9189709993 0.285717088483
3.9159964918 0.286157641639
3.9130261715 0.287054859576
3.9100600298 0.287505440299
3.9070980582 0.288045698764
3.9041402484 0.288563400344
3.9011865918 0.288980994934
3.8982370802 0.290212638946
3.895291705 0.291102368923
3.8923504579 0.291096898233
3.8894133306 0.290513965972
3.8864803148 0.290454453431
3.8835514022 0.291415476039
3.8806265845 0.292413692499
3.8777058534 0.29119718633
3.8747892007 0.290683692203
3.8718766183 0.290667861486
3.8689680979 0.289963509045
3.8660636314 0.289240296762
3.8631632106 0.291014569632
3.8602668275 0.290157199798
3.8573744738 0.289617075294
3.8544861416 0.288796745115
3.8516018228 0.290789558209
3.8487215093 0.29123687275
3.8458451932 0.289540546881
3.8429728664 0.290320172377
3.8401045209 0.290556136839
3.8372401489 0.289336439733
3.8343797424 0.288797134165
3.8315232935 0.29060806014
3.8286707943 0.28945631862
3.825822237 0.28925709296
3.8229776136 0.287255807916
3.8201369164 0.287038074573
3.8173001376 0.286351018103
3.8144672693 0.287107360248
3.8116383039 0.287602379255
3.8088132336 0.287626551549
3.8059920506 0.285618677748
3.8031747473 0.285123087183
3.8003613159 0.285360994964
3.7975517489 0.284615471071
3.7947460385 0.283160910165
3.7919441772 0.282395411453
3.7891461573 0.282834788147
3.7863519713 0.280201793641
3.7835616116 0.278003807877
3.7807750706 0.278561932853
3.7779923409 0.277928537985
3.7752134149 0.279523085448
3.7724382852 0.279627911912
3.7696669443 0.278330296686
3.7668993847 0.277540633614
3.764135599 0.275227844148
3.7613755799 0.276092585371
3.7586193199 0.275299405368
3.7558668116 0.275188159064
3.7531180477 0.275466128139
3.750373021 0.274703844438
3.747631724 0.273234201557
3.7448941494 0.272728324671
3.7421602901 0.27146275587
3.7394301388 0.270817031002
3.7367036881 0.269647950267
3.733980931 0.267532968009
3.7312618601 0.269460885598
3.7285464684 0.269535631405
3.7258347487 0.268340803015
3.7231266937 0.266698371738
3.7204222965 0.266066948694
3.7177215498 0.264726751546
3.7150244467 0.264095811569
3.71233098 0.263772306027
3.7096411426 0.26495316828
3.7069549276 0.262636477442
3.704272328 0.263629510485
3.7015933367 0.261947095716
3.6989179467 0.262375583859
3.6962461511 0.260186194037
3.693577943 0.260243401046
3.6909133154 0.259241912339
3.6882522614 0.259731576665
3.6855947742 0.258211659114
3.6829408468 0.258241351129
3.6802904724 0.257151336167
3.6776436442 0.257043094296
3.6750003553 0.257040106564
3.6723605989 0.256440971126
3.6697243683 0.256449647987
3.6670916567 0.253560645121
3.6644624573 0.254779877291
3.6618367634 0.254174755626
3.6592145682 0.253172518024
3.6565958652 0.252462066627
3.6539806475 0.25240775868
3.6513689086 0.252207709448
3.6487606417 0.251907279545
3.6461558403 0.251101022907
3.6435544977 0.25105008803
3.6409566073 0.249509491406
3.6383621626 0.25011027152
3.635771157 0.250603866469
3.6331835839 0.250158628066
3.6305994367 0.248699936592
3.6280187091 0.247675259354
3.6254413944 0.247896413817
3.6228674863 0.247377162584
3.6202969781 0.245879202025
3.6177298636 0.248260561185
3.6151661361 0.249207420616
3.6126057894 0.247854842525
3.610048817 0.246152305286
3.6074952125 0.246442052406
3.6049449696 0.2446449619
3.6023980819 0.244614563226
3.5998545431 0.243462184663
3.5973143468 0.243116602932
3.5947774867 0.241575252296
3.5922439565 0.240530158738
3.5897137501 0.239954139549
3.587186861 0.239931414441
3.5846632831 0.238549083667
3.5821430101 0.237156544416
3.5796260358 0.237085142387
3.577112354 0.235273834897
3.5746019586 0.233461960465
3.5720948433 0.235344746893
3.5695910021 0.234858200585
3.5670904287 0.232552166087
3.5645931171 0.230473285425
3.5620990611 0.23021689931
3.5596082546 0.229796812006
3.5571206916 0.228685406398
3.5546363661 0.227498061733
3.5521552719 0.225428626876
3.549677403 0.223858724399
3.5472027535 0.222739816329
3.5447313173 0.221786617147
3.5422630884 0.220431476661
3.5397980608 0.218396088246
3.5373362286 0.216426808981
3.5348775859 0.216168580179
3.5324221268 0.213117759248
3.5299698452 0.210777457195
3.5275207353 0.209406690976
3.5250747913 0.207893138432
3.5226320072 0.205400590391
3.5201923772 0.205433264957
3.5177558955 0.201290438003
3.5153225562 0.200494710467
3.5128923535 0.197599210556
3.5104652816 0.196879508487
3.5080413348 0.195344039378
3.5056205072 0.194204965088
3.5032027931 0.19126797812
3.5007881868 0.189494169973
3.4983766824 0.188826062809
3.4959682745 0.186581054478
3.4935629571 0.184960131862
3.4911607246 0.182836943041
3.4887615714 0.179927670413
3.4863654918 0.178557611945
3.4839724802 0.175559330619
3.4815825308 0.175052542357
3.4791956382 0.172110134721
3.4768117966 0.170579957192
3.4744310005 0.16736719514
3.4720532444 0.16628547652
3.4696785226 0.16357779831
3.4673068296 0.162589152359
3.4649381599 0.161118949816
3.462572508 0.158146684618
3.4602098683 0.155958843484
3.4578502353 0.154744470733
3.4554936035 0.152779713727
3.4531399676 0.151053483857
3.450789322 0.149491400364
3.4484416612 0.147851722226
3.4460969799 0.146081031384
3.4437552727 0.143405420675
3.441416534 0.141370469502
3.4390807586 0.140254334163
3.436747941 0.139160245477
3.434418076 0.137273240668
3.432091158 0.136492402861
3.4297671819 0.134688638463
3.4274461422 0.13285605065
3.4251280337 0.131472921924
3.422812851 0.130624926114
3.4205005888 0.128470972535
3.418191242 0.127579940007
3.4158848051 0.126540891895
3.413581273 0.124594763358
3.4112806405 0.122397140107
3.4089829022 0.120713098622
3.406688053 0.119285131959
3.4043960877 0.117441468317
3.4021070011 0.116123982066
3.3998207879 0.114346396961
3.3975374432 0.113287704063
3.3952569616 0.111740191636
3.392979338 0.10989767773
3.3907045674 0.108731584293
3.3884326446 0.10734920606
3.3861635645 0.105502368228
3.383897322 0.104370302001
3.381633912 0.103344846506
3.3793733295 0.101958833954
3.3771155694 0.100792803922
3.3748606266 0.0996437473845
3.3726084962 0.0982400835694
3.3703591731 0.0973227069561
3.3681126523 0.0963710318338
3.3658689287 0.0952865240306
3.3636279975 0.0943788118296
3.3613898537 0.0930148082131
3.3591544922 0.0919899273286
3.3569219081 0.0912693540047
3.3546920965 0.0897818080358
3.3524650525 0.0889416259395
3.3502407712 0.0879661698002
3.3480192476 0.0872203540419
3.3458004768 0.0861862134385
3.343584454 0.0854874183705
3.3413711744 0.084974659142
3.3391606329 0.0841956413303
3.3369528249 0.0832532501572
3.3347477454 0.0827429685279
3.3325453897 0.0822140523239
3.3303457529 0.0815225920693
3.3281488302 0.0810331343801
3.3259546168 0.0804411333029
3.3237631081 0.0800151234699
3.3215742991 0.0793493177982
3.3193881851 0.0789660523659
3.3172047614 0.0785723001966
3.3150240233 0.078119012097
3.312845966 0.0775811481768
3.3106705848 0.07725021442
3.308497875 0.0769015165978
3.3063278319 0.0765097688182
3.3041604509 0.0763677212117
3.3019957273 0.0760731623401
3.2998336564 0.0758155785431
3.2976742335 0.0753694571964
3.2955174541 0.0752978581574
3.2933633134 0.0751773311918
3.291211807 0.074966227368
3.2890629301 0.0745237098491
3.2869166783 0.0743378449553
3.2847730468 0.0742933348289
3.2826320312 0.0741121239464
3.2804936268 0.0739933083544
3.2783578292 0.0739236079716
3.2762246337 0.073721567465
3.2740940359 0.0735166193816
3.2719660312 0.0733727138469
3.2698406151 0.0733259890246
3.2677177832 0.0731633235345
3.2655975308 0.0727872370472
3.2634798536 0.0727334003677
3.2613647471 0.0724660840199
3.2592522068 0.0725387497162
3.2571422283 0.0723561850167
3.2550348071 0.0722371302151
3.2529299388 0.0721096345975
3.250827619 0.071942600537
3.2487278433 0.0718918227374
3.2466306073 0.071527110434
3.2445359065 0.071592645685
3.2424437367 0.0713713105763
3.2403540934 0.0714634305653
3.2382669723 0.0712198933286
3.236182369 0.0709839458501
3.2341002793 0.0708046392692
3.2320206987 0.0706139862433
3.2299436229 0.0704754343451
3.2278690478 0.0701624050586
3.2257969688 0.070344953901
3.2237273819 0.0701799609275
3.2216602826 0.0700393734799
3.2195956667 0.0700921635439
3.21753353 0.0699817986007
3.2154738682 0.0697792063101
3.213416677 0.0694527096418
3.2113619523 0.0694601387417
3.2093096897 0.0692702097947
3.2072598852 0.0691950716935
3.2052125345 0.0690951020452
3.2031676333 0.0689328864165
3.2011251776 0.0687638403073
3.1990851631 0.0687045263378
3.1970475857 0.068691329458
3.1950124413 0.0684627547316
3.1929797256 0.0682397090423
3.1909494345 0.0682021168678
3.188921564 0.0680001432014
3.1868961098 0.0679132167175
3.184873068 0.0676553416137
3.1828524343 0.0675339534053
3.1808342047 0.0676055670794
3.1788183752 0.0674793977095
3.1768049416 0.0671759126692
3.1747938999 0.0672379498905
3.1727852459 0.0670436309892
3.1707789758 0.0671630837438
3.1687750855 0.0670003568429
3.1667735708 0.0669705807643
3.1647744279 0.0666833959437
3.1627776526 0.0665849796065
3.1607832411 0.0666691244202
3.1587911892 0.0667015520104
3.1568014931 0.0664759214207
3.1548141487 0.0662850262846
3.1528291521 0.0664219126605
3.1508464993 0.0665084727572
3.1488661864 0.06631184698
3.1468882095 0.0661122558946
3.1449125646 0.0662935463054
3.1429392477 0.0661096042358
3.1409682551 0.0659847361918
3.1389995827 0.0660980851457
3.1370332267 0.0660415384512
3.1350691833 0.0658304289531
3.1331074484 0.0660648652207
3.1311480183 0.0658591870984
3.1291908891 0.065852184256
3.1272360569 0.0658080488133
3.125283518 0.0655498882082
3.1233332684 0.0654561769775
3.1213853043 0.0654432241375
3.119439622 0.0655527146645
3.1174962176 0.0653535931546
3.1155550873 0.0652806181394
3.1136162273 0.0654001601134
3.1116796339 0.0654419812006
3.1097453032 0.0655674159417
3.1078132315 0.0655828803346
3.1058834151 0.0655733262888
3.1039558501 0.0655809715313
3.1020305329 0.0655852281692
3.1001074597 0.0655153970141
3.0981866268 0.0654921711279
3.0962680304 0.0657790379933
3.0943516669 0.0656852119162
3.0924375325 0.065683190342
3.0905256236 0.0656480903605
3.0886159365 0.0655789474257
3.0867084674 0.065807898959
3.0848032128 0.0657155742175
3.082900169 0.0655891790782
3.0809993322 0.065674495876
3.079100699 0.0657128522515
3.0772042655 0.0655360777184
3.0753100283 0.0657402218028
3.0734179836 0.0657316567308
3.0715281279 0.0655674688377
3.0696404576 0.0657285139321
3.067754969 0.0657149070581
3.0658716585 0.0656368931728
3.0639905227 0.065666488137
3.0621115579 0.0656081749732
3.0602347605 0.0656910720436
3.058360127 0.0656917148378
3.0564876538 0.0657994953394
3.0546173375 0.065857135649
3.0527491743 0.066024735248
3.0508831609 0.0660657897408
3.0490192938 0.0661470161526
3.0471575693 0.0662088924537
3.0452979839 0.0662380564065
3.0434405343 0.0664406426814
3.0415852169 0.0664027496385
3.0397320282 0.0662690569098
3.0378809647 0.0663469898967
3.036032023 0.0665439257917
3.0341851996 0.0667305715015
3.032340491 0.066569188264
3.0304978939 0.066796975296
3.0286574047 0.0669383367944
3.0268190201 0.0670734604114
3.0249827366 0.0669638232791
3.0231485508 0.067249850597
3.0213164593 0.0670718769934
3.0194864587 0.0671310144884
3.0176585455 0.067337621113
3.0158327165 0.0676048630778
3.0140089683 0.0676032842749
3.0121872973 0.0677563750718
3.0103677004 0.0678425981622
3.0085501741 0.0678632709305
3.0067347151 0.0679670014232
3.00492132 0.0679664265404
3.0031099856 0.0680318877382
3.0013007084 0.0681350615656
2.9994934851 0.0683919975863
2.9976883125 0.0686582734579
2.9958851872 0.0687266514887
2.994084106 0.0686319941629
2.9922850655 0.0689922215571
2.9904880624 0.0691261112125
2.9886930935 0.0693711759703
2.9869001555 0.0692379743233
2.9851092451 0.0691401100895
2.9833203591 0.0695874861567
2.9815334942 0.0694933136813
2.9797486471 0.0697378029639
2.9779658147 0.0698928045798
2.9761849937 0.0701653486252
2.9744061809 0.0703270529067
2.972629373 0.0705035478285
2.9708545668 0.0707423676326
2.9690817592 0.0710343480878
2.967310947 0.0709118255177
2.9655421269 0.0712928679792
2.9637752957 0.0713136311792
2.9620104504 0.0714353941617
2.9602475877 0.0713943253346
2.9584867044 0.071666491967
2.9567277974 0.0720495166904
2.9549708636 0.0723290312242
2.9532158997 0.0722932711803
2.9514629028 0.0725089849577
2.9497118695 0.072562731246
2.9479627969 0.0729267674099
2.9462156818 0.0733353374749
2.944470521 0.0737674260942
2.9427273115 0.073573706147
2.9409860502 0.0738486783977
2.939246734 0.0741837672763
2.9375093598 0.0741068840432
2.9357739245 0.0743319464506
2.934040425 0.0745619589302
2.9323088583 0.0747685355394
2.9305792214 0.0749778958844
2.9288515111 0.0751292827034
2.9271257244 0.0754133535967
2.9254018583 0.075443138635
2.9236799098 0.0755753517317
2.9219598758 0.0760159775306
2.9202417533 0.0763929709129
2.9185255392 0.0765897308586
2.9168112307 0.0767321104586
2.9150988246 0.0775042190887
2.913388318 0.0774409294651
2.9116797079 0.0777790651216
2.9099729912 0.0782342450202
2.9082681651 0.0787052187952
2.9065652266 0.0789962420852
2.9048641726 0.0796968740851
2.9031650003 0.080404250195
2.9014677066 0.0806662859519
2.8997722887 0.0809293469473
2.8980787435 0.0819257459418
2.8963870682 0.0828218488147
2.8946972598 0.083592851041
2.8930093154 0.0844361487944
2.8913232321 0.0855001942498
2.889639007 0.0862308736659
2.8879566371 0.0866052492774
2.8862761196 0.0865037704792
2.8845974516 0.0867743857519
2.8829206302 0.0860504356472
2.8812456524 0.0853911132563
2.8795725155 0.0847001988333
2.8779012166 0.0841063873862
2.8762317528 0.082971292619
2.8745641212 0.0825575533261
2.872898319 0.0819816658322
2.8712343434 0.0812594113993
2.8695721914 0.0806424163356
2.8679118604 0.0803966645139
2.8662533473 0.0803054298865
2.8645966495 0.0799090120865
2.8629417642 0.0795868541281
2.8612886884 0.0794768779908
2.8596374194 0.0794530933302
2.8579879543 0.0790520733171
2.8563402905 0.0792099929933
2.8546944251 0.0791050558141
2.8530503554 0.0786999908461
2.8514080784 0.0782569692011
2.8497675916 0.0782925480599
2.8481288921 0.077980843053
2.8464919771 0.0778410166599
2.844856844 0.0778420800774
2.8432234899 0.0780491599357
2.8415919121 0.0778886955848
2.8399621078 0.0777683275129
2.8383340745 0.077754078242
2.8367078092 0.078005588773
2.8350833094 0.0775649369824
2.8334605722 0.0773598315268
2.831839595 0.0776130084146
2.8302203751 0.0775553495947
2.8286029097 0.0769689423053
2.8269871962 0.0770025484296
2.8253732319 0.0770761643126
2.8237610142 0.0768935779829
2.8221505402 0.0766607491311
2.8205418074 0.0765980357629
2.8189348131 0.0764810928261
2.8173295547 0.0765247852582
2.8157260294 0.0765755166585
2.8141242347 0.0765436507876
2.8125241678 0.0760001637222
2.8109258262 0.0760506440288
2.8093292072 0.0766357389648
2.8077343082 0.0765214900844
2.8061411266 0.0762362515403
2.8045496597 0.0760000466277
2.8029599049 0.0760620425795
2.8013718596 0.076167283556
2.7997855213 0.0758561525378
2.7982008873 0.0755325786732
2.7966179551 0.0755477168775
2.7950367219 0.0749436337199
2.7934571854 0.0745761855035
2.7918793428 0.0745795215335
2.7903031917 0.0747551941429
2.7887287294 0.0745064934253
2.7871559534 0.0749979573314
2.7855848612 0.0753639457634
2.7840154501 0.0749345145069
2.7824477177 0.0747431378741
2.7808816614 0.0745096535017
2.7793172786 0.0744150264155
2.7777545669 0.0741357505144
2.7761935237 0.0743225592595
2.7746341465 0.0745867709886
2.7730764327 0.0749925216292
2.77152038 0.0749503727689
2.7699659857 0.0751751749806
2.7684132473 0.0751614061215
2.7668621624 0.0747309841603
2.7653127285 0.0739066120839
2.7637649431 0.0731915333797
2.7622188037 0.072200464736
2.7606743078 0.0705745277942
2.7591314531 0.0689424867144
2.7575902369 0.06767411528
2.7560506568 0.0663727844936
2.7545127104 0.0654211992953
2.7529763953 0.0646776509288
2.7514417089 0.0642294832471
2.7499086489 0.0637026499752
2.7483772128 0.0636311644982
2.7468473982 0.0638267766028
2.7453192027 0.0642350932293
2.7437926237 0.0642726661219
2.742267659 0.0645367202932
2.7407443061 0.0646929899884
2.7392225626 0.0644373280643
2.737702426 0.0641867631918
2.7361838941 0.0637435544181
2.7346669643 0.0633266511965
2.7331516344 0.0624051031884
2.7316379019 0.0619062974403
2.7301257644 0.0615689153662
2.7286152196 0.0612846832446
2.7271062651 0.0610068166463
2.7255988986 0.0614356481159
2.7240931176 0.0614972413342
2.7225889199 0.0613904266826
2.721086303 0.0616064155033
2.7195852646 0.061720121435
2.7180858024 0.0613492137539
2.7165879141 0.0608647690539
2.7150915973 0.060257865286
2.7135968496 0.0598434642238
2.7121036688 0.0590386375616
2.7106120526 0.0582601151987
2.7091219985 0.0576946743229
2.7076335044 0.0571130426943
2.7061465679 0.056208533685
2.7046611867 0.0554187604345
2.7031773585 0.0551505271401
2.701695081 0.0546427431167
2.7002143519 0.0544487506654
2.698735169 0.0546728060996
2.6972575299 0.0549961374949
2.6957814325 0.0553488677479
2.6943068743 0.0556802696162
2.6928338532 0.0562803607202
2.6913623669 0.0569221160886
2.6898924132 0.0574280917469
2.6884239897 0.057801752212
2.6869570943 0.0583747624689
2.6854917246 0.0584509678137
2.6840278785 0.0588047293458
2.6825655537 0.0596053272715
2.6811047481 0.0602410190336
2.6796454592 0.0607746809808
2.678187685 0.0615063805575
2.6767314232 0.0621255841955
2.6752766717 0.0628026070563
2.6738234281 0.0633184936138
2.6723716903 0.0637132614098
2.6709214561 0.0641188713041
2.6694727233 0.0643693739307
2.6680254897 0.0645727203902
2.6665797531 0.0646468626139
2.6651355114 0.0645269902626
2.6636927622 0.0642134314678
2.6622515036 0.064101022372
2.6608117333 0.0636597784044
2.6593734491 0.0633412954574
2.6579366488 0.0629195951008
2.6565013304 0.0627811901245
2.6550674917 0.0627825529322
2.6536351304 0.0627734385972
2.6522042445 0.062839442215
2.6507748318 0.0629663994601
2.6493468903 0.0629916829883
2.6479204176 0.0629681774821
2.6464954118 0.0631640979386
2.6450718706 0.0632505285363
2.6436497921 0.06315550999
2.6422291739 0.0633553021152
2.6408100141 0.0635697861152
2.6393923106 0.063656542526
2.6379760611 0.0638555172277
2.6365612637 0.0641549166495
2.6351479162 0.0645497958428
2.6337360165 0.0649174182375
2.6323255626 0.0651698950804
2.6309165523 0.065620705262
2.6295089836 0.0658161185097
2.6281028544 0.0658710194108
2.6266981626 0.0661895817075
2.6252949061 0.066546898332
2.6238930829 0.0665394778075
2.622492691 0.0665026894001
2.6210937282 0.0666032256901
2.6196961925 0.0666691570132
2.6183000819 0.0667279273757
2.6169053942 0.0669045660893
2.6155121276 0.0671119564396
2.6141202798 0.0672703409179
2.612729849 0.0674111142096
2.611340833 0.0674595792675
2.6099532299 0.0674643137197
2.6085670376 0.0673788659043
2.607182254 0.0675115005358
2.6057988773 0.0676476670649
2.6044169053 0.0677499814153
2.603036336 0.0677681368239
2.6016571676 0.0679415079033
2.6002793978 0.0681095487789
2.5989030248 0.068073755811
2.5975280466 0.0681124539935
2.5961544612 0.0683610173398
2.5947822665 0.0683998976473
2.5934114606 0.0683959566809
2.5920420416 0.0684659861694
2.5906740074 0.0686011393523
2.5893073561 0.0684708960066
2.5879420857 0.068395020846
2.5865781943 0.0684030934037
2.5852156799 0.0682495292654
2.5838545405 0.068185842291
2.5824947741 0.0680130541964
2.5811363789 0.0679541215954
2.5797793529 0.0679984613088
2.5784236942 0.0679895620734
2.5770694007 0.0679615487751
2.5757164707 0.0680171143647
2.574364902 0.0679614295654
2.5730146929 0.0681935587565
2.5716658414 0.0681282346441
2.5703183456 0.0681635339678
2.5689722035 0.0681686140365
2.5676274133 0.0683343495244
2.566283973 0.0685492971349
2.5649418807 0.068600081963
2.5636011346 0.0687029852021
2.5622617327 0.0687185704748
2.5609236731 0.068894845463
2.559586954 0.0687989751289
2.5582515734 0.0686105205701
2.5569175296 0.0685572946475
2.5555848205 0.0685037376132
2.5542534443 0.068403181086
2.5529233992 0.0684110355823
2.5515946832 0.0684927392202
2.5502672945 0.0685749381789
2.5489412313 0.0685851470217
2.5476164917 0.0686906278556
2.5462930738 0.0688827945849
2.5449709757 0.0688117773687
2.5436501957 0.0688899851816
2.5423307319 0.0690405838105
2.5410125824 0.0690837932798
2.5396957454 0.068947972442
2.538380219 0.0691978728863
2.5370660015 0.0692588519307
2.5357530909 0.0694601200133
2.5344414856 0.0695662786401
2.5331311836 0.0696112088848
2.5318221831 0.0697248060591
2.5305144823 0.0697905324357
2.5292080794 0.0698687481767
2.5279029726 0.0699630070706
2.5265991601 0.0700779680495
2.5252966401 0.0700318717694
2.5239954108 0.0701976861529
2.5226954703 0.0703076924128
2.521396817 0.0703676555675
2.5200994489 0.0704776818817
2.5188033644 0.0707021226651
2.5175085616 0.0708926645981
2.5162150388 0.070881961086
2.5149227941 0.0711543240974
2.5136318258 0.0713974724889
2.5123421322 0.0714571657465
2.5110537115 0.0714578678953
2.5097665619 0.0717169344402
2.5084806816 0.0717607421485
2.5071960689 0.0719612951813
2.5059127221 0.0720118941282
2.5046306393 0.0721504600944
2.5033498189 0.0722648801219
2.5020702591 0.0723678179616
2.5007919581 0.0725645805517
2.4995149142 0.0727597197987
2.4982391258 0.0727935048252
2.4969645909 0.0730679455443
2.4956913081 0.0735620818756
2.4944192754 0.0736694706098
2.4931484911 0.0735305159487
2.4918789537 0.0738167478303
2.4906106613 0.0740727436191
2.4893436122 0.0741827078711
2.4880778047 0.0743641810099
2.4868132372 0.0746795552258
2.4855499078 0.0748643857064
2.484287815 0.0750795973369
2.483026957 0.0754409022478
2.4817673321 0.0757325717249
2.4805089386 0.075907829527
2.4792517749 0.0762667629145
2.4779958392 0.0765469208164
2.4767411299 0.0767247707575
2.4754876453 0.0769880048716
2.4742353837 0.0773563678716
2.4729843435 0.0776986089422
2.4717345229 0.0778883998858
2.4704859204 0.0780178960801
2.4692385341 0.0782686832899
2.4679923626 0.0785243570029
2.4667474041 0.0786429095007
2.465503657 0.0788374176761
2.4642611196 0.0790737188408
2.4630197903 0.0793465526197
2.4617796674 0.0791844840224
2.4605407493 0.0796897525359
2.4593030343 0.0797624217965
2.4580665209 0.0799859079072
2.4568312073 0.0802056911111
2.4555970919 0.0804198128613
2.4543641732 0.0807717600672
2.4531324494 0.0809138364195
2.4519019191 0.0809723836186
2.4506725804 0.0812828946102
2.4494444319 0.0814186709191
2.448217472 0.0815450540083
2.4469916989 0.0819876517656
2.4457671111 0.0822420715781
2.444543707 0.0824101250398
2.443321485 0.0825996586719
2.4421004435 0.0829120850675
2.4408805809 0.0832256115866
2.4396618956 0.0835596796298
2.438444386 0.0838597665129
2.4372280506 0.084159974824
2.4360128876 0.084574204061
2.4347988956 0.0849925428663
2.4335860731 0.0853678683141
2.4323744183 0.0857952032123
2.4311639297 0.0861677987219
2.4299546058 0.0867348766352
2.4287464449 0.0870424405914
2.4275394456 0.0875250320052
2.4263336063 0.0879988501654
2.4251289253 0.0884980909934
2.4239254012 0.0889652179095
2.4227230324 0.0890891693142
2.4215218173 0.0895101072544
2.4203217544 0.0897892867544
2.4191228422 0.0901379087182
2.417925079 0.0905859633654
2.4167284634 0.090669150834
2.4155329938 0.0911634094746
2.4143386687 0.091375262185
2.4131454866 0.0914829864549
2.4119534459 0.0919721241324
2.410762545 0.0922459003012
2.4095727826 0.0922991032772
2.408384157 0.0923023727985
2.4071966667 0.0926907092899
2.4060103102 0.0928447612642
2.404825086 0.0928977440899
2.4036409927 0.0929864589118
2.4024580286 0.0933675329186
2.4012761922 0.0932525444071
2.4000954822 0.0931771325455
2.3989158969 0.0932681536505
2.3977374349 0.0929650377496
2.3965600946 0.0929669999258
2.3953838747 0.0926858403389
2.3942087736 0.0927033122602
2.3930347897 0.0924133711804
2.3918619217 0.0923486823583
2.390690168 0.0921796215632
2.3895195272 0.0922646281264
2.3883499978 0.0918489912456
2.3871815783 0.0917136239074
2.3860142672 0.0919026307122
2.3848480631 0.0920991432563
2.3836829645 0.0918517195898
2.3825189699 0.0918249421763
2.3813560779 0.0919230334008
2.3801942871 0.0920940059368
2.3790335959 0.0923731694268
2.3778740029 0.0925484846412
2.3767155067 0.0928535974722
2.3755581057 0.0931007939686
2.3744017987 0.0934531080985
2.373246584 0.0941258861624
2.3720924604 0.0942558519853
2.3709394263 0.0945185403154
2.3697874802 0.0949803497848
2.3686366209 0.0955548245102
2.3674868468 0.0957207135349
2.3663381565 0.0958985855172
2.3651905486 0.0964668148368
2.3640440216 0.0964415576805
2.3628985742 0.0965160204079
2.3617542049 0.0969495913258
2.3606109123 0.0968220213101
2.359468695 0.0967124309802
2.3583275516 0.0967250627193
2.3571874807 0.0971222709693
2.3560484808 0.097136142973
2.3549105506 0.0972207248936
2.3537736886 0.0972458614144
2.3526378935 0.0979333710605
2.3515031638 0.0979490296213
2.3503694982 0.09834086321
2.3492368953 0.0987921421413
2.3481053537 0.0989293948635
2.346974872 0.0992680773382
2.3458454488 0.0994847433466
2.3447170827 0.0998939144733
2.3435897723 0.100491792538
2.3424635164 0.100911257671
2.3413383134 0.101129716268
2.3402141621 0.101186716222
2.339091061 0.101540365195
2.3379690088 0.101628810714
2.3368480041 0.102085539328
2.3357280456 0.102239241022
2.3346091319 0.102214212415
2.3334912616 0.10219438748
2.3323744334 0.102369954883
2.3312586459 0.102000135873
2.3301438978 0.102018220223
2.3290301877 0.102087154149
2.3279175143 0.10194293973
2.3268058762 0.101854598825
2.3256952721 0.101816756003
2.3245857007 0.10196252807
2.3234771606 0.102006344055
2.3223696504 0.102022668576
2.3212631689 0.102194103509
2.3201577147 0.102107423492
2.3190532865 0.102190770478
2.3179498829 0.10237536479
2.3168475027 0.102746633764
2.3157461445 0.10259656168
2.314645807 0.10267875557
2.3135464888 0.10307572003
2.3124481887 0.103358693954
2.3113509053 0.103463066724
2.3102546374 0.103514292875
2.3091593836 0.103966191483
2.3080651426 0.104445130004
2.3069719131 0.104971617857
2.3058796939 0.105467955631
2.3047884835 0.106046296265
2.3036982808 0.106457605698
2.3026090843 0.10661249126
2.3015208929 0.106714950707
2.3004337053 0.107327066945
2.2993475201 0.10751887917
2.298262336 0.10780995111
2.2971781518 0.108518937957
2.2960949662 0.108658915153
2.2950127779 0.108657988297
2.2939315857 0.1088859511
2.2928513882 0.109506798304
2.2917721841 0.109487661065
2.2906939723 0.109786864057
2.2896167515 0.110062076467
2.2885405203 0.110148678822
2.2874652775 0.110374568923
2.2863910219 0.110732304267
2.2853177522 0.111284242787
2.2842454671 0.111456781573
2.2831741653 0.111871025307
2.2821038457 0.111948317957
2.2810345069 0.112294216254
2.2799661478 0.112531397217
2.278898767 0.112634906805
2.2778323634 0.112668954888
2.2767669356 0.113072952276
2.2757024825 0.113087639552
2.2746390027 0.113700305636
2.2735764951 0.114065190979
2.2725149585 0.114216424393
2.2714543915 0.114402480913
2.270394793 0.114994734137
2.2693361617 0.115264401929
2.2682784964 0.115436618337
2.2672217959 0.115600986672
2.2661660589 0.116184794287
2.2651112843 0.116387341859
2.2640574708 0.116506182644
2.2630046172 0.11651137797
2.2619527222 0.116922074573
2.2609017847 0.117174374373
2.2598518035 0.1173734799
2.2588027773 0.117302010595
2.257754705 0.11726059371
2.2567075853 0.11738655405
2.255661417 0.117730861965
2.254616199 0.117860578634
2.25357193 0.11804302215
2.2525286088 0.117950972468
2.2514862343 0.118210553356
2.2504448052 0.118176281336
2.2494043204 0.118140125538
2.2483647786 0.118145620723
2.2473261787 0.118179470277
2.2462885196 0.117953267873
2.2452517999 0.117801673804
2.2442160186 0.117725918053
2.2431811744 0.117613466591
2.2421472662 0.117464023007
2.2411142927 0.117555038677
2.240082253 0.117370106734
2.2390511456 0.117253798457
2.2380209696 0.11701985875
2.2369917236 0.116988432446
2.2359634067 0.116867806726
2.2349360175 0.116744463944
2.2339095549 0.116561195189
2.2328840178 0.116609219237
2.2318594051 0.116488218718
2.2308357154 0.116210474808
2.2298129478 0.116198344443
2.228791101 0.115817480729
2.2277701739 0.115331354231
2.2267501654 0.114857920619
2.2257310743 0.114646352133
2.2247128994 0.113837540332
2.2236956396 0.113157609256
2.2226792939 0.112191095466
2.2216638609 0.111314059367
2.2206493397 0.110055962606
2.219635729 0.108802775068
2.2186230277 0.107422577755
2.2176112348 0.105801364514
2.216600349 0.103868689093
2.2155903692 0.10187869524
2.2145812944 0.0994509975171
2.2135731234 0.0969266652984
2.212565855 0.0944757537684
2.2115594882 0.0918011482455
2.2105540218 0.0891136144634
2.2095494547 0.0867084000722
2.2085457858 0.08448741425
2.207543014 0.082904301951
2.2065411382 0.0817396699565
2.2055401573 0.0805722292542
2.2045400701 0.0801984722369
2.2035408755 0.0806178687959
2.2025425725 0.0811605541214
2.20154516 0.0819344135061
2.2005486368 0.0829384477408
2.1995530018 0.0840833963396
2.198558254 0.0848557377006
2.1975643923 0.0860033412789
2.1965714155 0.0867486486927
2.1955793226 0.0875005424634
2.1945881125 0.0881169107212
2.193597784 0.0888183318735
2.1926083362 0.0892024536422
2.1916197679 0.0895001836179
2.190632078 0.0900100069478
2.1896452655 0.0906905120226
2.1886593293 0.090975656585
2.1876742682 0.0916244570692
2.1866900813 0.0921150376321
2.1857067675 0.0928784584377
2.1847243256 0.0933172891108
2.1837427547 0.0937596646103
2.1827620535 0.0944937128617
2.1817822212 0.0949217991311
2.1808032566 0.0953492622304
2.1798251586 0.0955893110513
2.1788479262 0.0959686504741
2.1778715584 0.0960970470556
2.176896054 0.0961948870971
2.175921412 0.0962913912851
2.1749476313 0.0963335408979
2.173974711 0.0963608525714
2.1730026499 0.0961856331303
2.1720314471 0.0960786184507
2.1710611013 0.0959652192868
2.1700916117 0.0957525304572
2.1691229772 0.0958415712704
2.1681551966 0.0957343137781
2.1671882691 0.0956342482952
2.1662221935 0.0955642630046
2.1652569687 0.0956744567741
2.1642925939 0.0955805837698
2.1633290679 0.0955113176401
2.1623663897 0.0954344330567
2.1614045582 0.0956352142402
2.1604435725 0.0956649065175
2.1594834315 0.0957438270119
2.1585241341 0.0959507636148
2.1575656795 0.096333417478
2.1566080664 0.0965578912515
2.155651294 0.0971055642452
2.1546953611 0.0977737962884
2.1537402669 0.0983326577755
2.1527860102 0.0991443284121
2.15183259 0.0999738255655
2.1508800054 0.100866307752
2.1499282553 0.101924088397
2.1489773387 0.102969917454
2.1480272546 0.10426414962
2.147078002 0.105547443805
2.1461295798 0.107044283955
2.1451819872 0.108545735989
2.144235223 0.110393935978
2.1432892864 0.111999498936
2.1423441762 0.113678439732
2.1413998915 0.115463488041
2.1404564313 0.11711426183
2.1395137945 0.118588523505
2.1385719803 0.120130417621
2.1376309876 0.121702591535
2.1366908154 0.122986428137
2.1357514628 0.124463241783
2.1348129287 0.125772594668
2.1338752122 0.126833868554
2.1329383122 0.127942352897
2.1320022279 0.128877419775
2.1310669582 0.129850242197
2.1301325021 0.130537524109
2.1291988587 0.131262457768
2.128266027 0.131970540348
2.127334006 0.132728708233
2.1264027947 0.133190493002
2.1254723922 0.133794931928
2.1245427975 0.134319283212
2.1236140097 0.134645206764
2.1226860277 0.135008499061
2.1217588506 0.135517518652
2.1208324775 0.135816807284
2.1199069074 0.136329973784
2.1189821393 0.136639332271
2.1180581722 0.136789852351
2.1171350053 0.137171731061
2.1162126375 0.137484270359
2.1152910679 0.137814486497
2.1143702956 0.137889692664
2.1134503195 0.138054258505
2.1125311388 0.138104552648
2.1116127525 0.138371460381
2.1106951596 0.138607815281
2.1097783593 0.138799736342
2.1088623505 0.139064507868
2.1079471324 0.139623862457
2.1070327039 0.139780985501
2.1061190641 0.14043406873
2.1052062122 0.141095685601
2.1042941471 0.141732408169
2.103382868 0.142301814464
2.1024723739 0.143023844638
2.1015626638 0.143509461205
2.1006537369 0.143950964787
2.0997455922 0.144503811491
2.0988382287 0.144973562149
2.0979316457 0.145158231478
2.097025842 0.145471639274
2.0961208169 0.145754630118
2.0952165694 0.146041503315
2.0943130985 0.146190622677
2.0934104034 0.146108140774
2.0925084831 0.146313551297
2.0916073367 0.14664294671
2.0907069634 0.14655610104
2.0898073621 0.146713138748
2.088908532 0.146777968671
2.0880104722 0.146851265832
2.0871131817 0.146908698599
2.0862166597 0.146956937602
2.0853209052 0.147247640506
2.0844259174 0.147228487757
2.0835316953 0.147428325696
2.0826382381 0.147680734416
2.0817455448 0.147887221808
2.0808536145 0.148087456711
2.0799624464 0.148456067113
2.0790720395 0.148651005327
2.078182393 0.149010907165
2.0772935059 0.149227904801
2.0764053774 0.149558951969
2.0755180066 0.149933492265
2.0746313926 0.150228771374
2.0737455344 0.150399302925
2.0728604313 0.150678121091
2.0719760823 0.150944476789
2.0710924866 0.151024187046
2.0702096432 0.151251525495
2.0693275513 0.151502502882
2.06844621 0.151763201976
2.0675656184 0.152025605608
2.0666857757 0.152353257672
2.065806681 0.152407837345
2.0649283333 0.152718402497
2.0640507319 0.152824434124
2.0631738758 0.153422402747
2.0622977643 0.153636953125
2.0614223963 0.153784009632
2.0605477711 0.154005712759
2.0596738878 0.154312952607
2.0588007455 0.154376065481
2.0579283433 0.15455551904
2.0570566804 0.154708405242
2.056185756 0.154770027399
2.0553155692 0.154950385584
2.054446119 0.155031868589
2.0535774047 0.155225616907
2.0527094255 0.155370550978
2.0518421803 0.155369716793
2.0509756685 0.15563023918
2.0501098891 0.155678808675
2.0492448414 0.155763203077
2.0483805243 0.155795744843
2.0475169372 0.155752331416
2.0466540791 0.155979722976
2.0457919492 0.155914420625
2.0449305467 0.15579878345
2.0440698707 0.156087252792
2.0432099204 0.156052922918
2.042350695 0.156139585254
2.0414921935 0.156141843856
2.0406344152 0.156223104147
2.0397773593 0.156263808917
2.0389210248 0.156021609001
2.038065411 0.156031199528
2.037210517 0.156002196443
2.0363563421 0.156029557724
2.0355028853 0.155999793963
2.0346501458 0.156062255644
2.0337981229 0.156012303092
2.0329468156 0.155946708447
2.0320962232 0.155900854506
2.0312463449 0.155992823599
2.0303971797 0.155845627231
2.029548727 0.155996114866
2.0287009859 0.155966269998
2.0278539555 0.155965340874
2.0270076351 0.1557159041
2.0261620237 0.156050832558
2.0253171207 0.156035420616
2.0244729253 0.15615503708
2.0236294364 0.155844613063
2.0227866535 0.155828675844
2.0219445757 0.155737942508
2.0211032021 0.155718295654
2.0202625319 0.155527193042
2.0194225644 0.155590045884
2.0185832988 0.155553245036
2.0177447342 0.155591166016
2.0169068698 0.155505726602
2.0160697049 0.155425713407
2.0152332386 0.155356208002
2.0143974701 0.155191739045
2.0135623987 0.155167410542
2.0127280235 0.154895359396
2.0118943438 0.154849122557
2.0110613587 0.154860041978
2.0102290675 0.154932299634
2.0093974693 0.154587587521
2.0085665635 0.154666189713
2.0077363491 0.154534262113
2.0069068255 0.154069265538
2.0060779917 0.154028335052
2.0052498471 0.153954155145
2.0044223909 0.153628431604
2.0035956222 0.153398033774
2.0027695403 0.153312821461
2.0019441444 0.153281974899
2.0011194337 0.153110242375
2.0002954075 0.153037995084
1.9994720649 0.152612893034
1.9986494052 0.152426260469
1.9978274277 0.152404107758
1.9970061314 0.15215437918
1.9961855158 0.152298246347
1.99536558 0.152336440916
1.9945463231 0.151655193821
1.9937277446 0.151664628008
1.9929098435 0.15155495343
1.9920926192 0.151277512027
1.9912760708 0.150962014102
1.9904601976 0.150746201224
1.9896449989 0.150720891165
1.9888304738 0.150381535404
1.9880166217 0.150160916021
1.9872034416 0.149986166934
1.986390933 0.149868748349
1.985579095 0.149461697281
1.9847679269 0.149154324411
1.9839574279 0.149080758787
1.9831475973 0.148750198002
1.9823384342 0.148651387788
1.9815299381 0.148440900132
1.980722108 0.148284922701
1.9799149434 0.148075304991
1.9791084433 0.147772613902
1.9783026071 0.14775406272
1.977497434 0.147718091448
1.9766929233 0.147351565347
1.9758890742 0.147300969686
1.975085886 0.147066255525
1.9742833579 0.146662920805
1.9734814893 0.146493624669
1.9726802793 0.14643873393
1.9718797272 0.146269708803
1.9710798323 0.145946126771
1.9702805939 0.145631259403
1.9694820112 0.14539860586
1.9686840834 0.145014494182
1.96788681 0.144716988343
1.96709019 0.144768951607
1.9662942228 0.144327916415
1.9654989077 0.144253115287
1.9647042439 0.144058981566
1.9639102306 0.143957232194
1.9631168673 0.143869336696
1.9623241531 0.143543463143
1.9615320873 0.143248179493
1.9607406693 0.143090781903
1.9599498982 0.142781342279
1.9591597733 0.142630377582
1.958370294 0.142694381954
1.9575814595 0.142466954189
1.9567932691 0.142170175058
1.956005722 0.141993073581
1.9552188177 0.141945319781
1.9544325553 0.14182192079
1.9536469341 0.141608748732
1.9528619534 0.141329704043
1.9520776125 0.141202138337
1.9512939108 0.141046490346
1.9505108474 0.140861367343
1.9497284217 0.140753092151
1.948946633 0.14058059834
1.9481654805 0.140307760371
1.9473849636 0.140141391715
1.9466050816 0.140224964137
1.9458258337 0.140012611671
1.9450472193 0.140083965542
1.9442692376 0.139951095753
1.9434918879 0.139858670972
1.9427151696 0.139592584904
1.9419390819 0.139494997324
1.9411636242 0.139485288882
1.9403887958 0.139154622812
1.9396145959 0.139063721105
1.9388410239 0.138944489617
1.938068079 0.138899923006
1.9372957607 0.138577350267
1.9365240681 0.138400865357
1.9357530006 0.138096206124
1.9349825575 0.138020826896
1.9342127381 0.137612568146
1.9334435418 0.137365936905
1.9326749678 0.137283292355
1.9319070155 0.136955422203
1.9311396842 0.136927100117
1.9303729732 0.1366628429
1.9296068817 0.136341473943
1.9288414092 0.13625624731
1.928076555 0.136027114487
1.9273123183 0.135680075285
1.9265486985 0.135574579665
1.9257856949 0.13552308319
1.9250233069 0.135279727343
1.9242615337 0.135139967244
1.9235003748 0.134783590676
1.9227398293 0.134295271519
1.9219798967 0.134035534852
1.9212205763 0.133866232028
1.9204618673 0.133717762265
1.9197037692 0.133407003203
1.9189462813 0.13328290033
1.9181894028 0.132977645865
1.9174331332 0.132639426509
1.9166774717 0.132628743751
1.9159224178 0.132330351523
1.9151679707 0.132029020155
1.9144141297 0.131880045304
1.9136608943 0.131685050151
1.9129082637 0.131496867031
1.9121562373 0.13142897995
1.9114048145 0.13147150812
1.9106539945 0.131385052965
1.9099037767 0.131175399377
1.9091541605 0.131151935676
1.9084051452 0.131521156465
1.9076567301 0.131580403494
1.9069089147 0.13163299231
1.9061616982 0.13187639434
1.90541508 0.132538238026
1.9046690594 0.132692747489
1.9039236358 0.133176684675
1.9031788086 0.133775594187
1.9024345771 0.134378573179
1.9016909406 0.135147327836
1.9009478986 0.13571793756
1.9002054502 0.136898313048
1.8994635951 0.137853495362
1.8987223324 0.138699293086
1.8979816615 0.139591572988
1.8972415818 0.140471971402
1.8965020927 0.141764528829
1.8957631934 0.142866147168
1.8950248835 0.144062940023
1.8942871622 0.145270028914
1.8935500289 0.146391895144
1.8928134829 0.14770616573
1.8920775237 0.148975461636
1.8913421506 0.15008757388
1.8906073629 0.151296510332
1.8898731601 0.152523884681
1.8891395415 0.154070381232
1.8884065064 0.15530550087
1.8876740543 0.15672610606
1.8869421845 0.15789585082
1.8862108964 0.159175362466
1.8854801893 0.160604020243
1.8847500627 0.161989942688
1.8840205159 0.163331321436
1.8832915483 0.164357699424
1.8825631592 0.165490734377
1.8818353481 0.166527971653
1.8811081143 0.167676329298
1.8803814571 0.16868211447
1.8796553761 0.169561804642
1.8789298705 0.170658013424
1.8782049398 0.171737087362
1.8774805833 0.17269091575
1.8767568004 0.173677936086
1.8760335905 0.174827730282
1.8753109529 0.17563101463
1.8745888872 0.176383521764
1.8738673926 0.177337581278
1.8731464685 0.178276365585
1.8724261144 0.179396093115
1.8717063296 0.180471097438
1.8709871135 0.181660846672
1.8702684655 0.182944934452
1.869550385 0.184095394407
1.8688328714 0.185302084244
1.8681159241 0.186290589193
1.8673995424 0.187479026159
1.8666837259 0.188597887776
1.8659684738 0.189969422247
1.8652537856 0.191096739636
1.8645396606 0.192397198067
1.8638260984 0.193573389715
1.8631130982 0.194123108355
1.8624006594 0.194729673605
1.8616887816 0.195508242698
1.860977464 0.196259412832
1.8602667061 0.196741077895
1.8595565073 0.19734449484
1.858846867 0.198119253083
1.8581377846 0.198632339859
1.8574292595 0.199107973357
1.8567212911 0.199526931812
1.8560138788 0.200551184689
1.8553070221 0.200947658683
1.8546007203 0.201224101125
1.8538949728 0.201656886807
1.8531897791 0.202088451922
1.8524851386 0.202179192252
1.8517810507 0.20283733992
1.8510775148 0.203137347412
1.8503745303 0.203236829672
1.8496720967 0.203276759062
1.8489702133 0.203425221613
1.8482688796 0.203490671014
1.847568095 0.203859993292
1.8468678589 0.203664974864
1.8461681707 0.203747462651
1.8454690299 0.203708132319
1.8447704358 0.203491919747
1.844072388 0.203472354354
1.8433748858 0.203516449943
1.8426779286 0.203025043765
1.8419815159 0.202839807261
1.8412856471 0.202862999922
1.8405903216 0.202630605241
1.8398955389 0.202358458179
1.8392012983 0.201996937937
1.8385075994 0.202499005705
1.8378144415 0.202350460519
1.8371218241 0.202042125133
1.8364297465 0.202287089477
1.8357382084 0.202495393977
1.8350472089 0.202270881829
1.8343567477 0.20278123818
1.8336668241 0.20344362418
1.8329774376 0.20362102455
1.8322885876 0.203446827101
1.8316002736 0.203981818137
1.8309124949 0.204067377608
1.8302252511 0.204310816918
1.8295385415 0.204049998538
1.8288523656 0.204358869482
1.8281667229 0.204501408767
1.8274816128 0.204560610636
1.8267970346 0.204466018725
1.826112988 0.204760392703
1.8254294723 0.204778210566
1.8247464869 0.204505891186
1.8240640313 0.204672394598
1.823382105 0.205096507036
1.8227007074 0.205067312308
1.822019838 0.204682696724
1.8213394961 0.20492850032
1.8206596813 0.204892332424
1.819980393 0.204931007547
1.8193016306 0.204633207558
1.8186233936 0.204943497247
1.8179456815 0.204411936818
1.8172684937 0.204422449382
1.8165918297 0.204081783663
1.8159156888 0.203983692714
1.8152400707 0.204049215415
1.8145649746 0.203983843115
1.8138904002 0.204242291438
1.8132163468 0.204410607731
1.8125428138 0.204190022252
1.8118698009 0.204474049171
1.8111973074 0.204867844073
1.8105253327 0.205034330705
1.8098538764 0.204780814807
1.8091829379 0.204983289222
1.8085125167 0.205088589693
1.8078426122 0.205262458987
1.8071732238 0.205444422583
1.8065043512 0.205364223695
1.8058359937 0.205642026124
1.8051681507 0.205661798504
1.8045008219 0.206133235544
1.8038340065 0.206133257006
1.8031677042 0.20638647461
1.8025019143 0.206897173303
1.8018366364 0.207140733436
1.8011718699 0.207513499545
1.8005076143 0.207315739151
1.799843869 0.207274695791
1.7991806335 0.207531326807
1.7985179074 0.20769586075
1.79785569 0.207841263671
1.7971939809 0.208191131738
1.7965327795 0.20824527233
1.7958720853 0.208109593205
1.7952118978 0.208293794953
1.7945522164 0.208400540876
1.7938930407 0.208461645926
1.7932343701 0.208205848359
1.7925762041 0.208091515605
1.7919185422 0.208550675312
1.7912613839 0.208599387073
1.7906047286 0.208887969471
1.7899485758 0.208936303577
1.7892929251 0.209215620572
1.7886377758 0.208827988191
1.7879831275 0.209014615601
1.7873289797 0.209100542119
1.7866753319 0.209298992698
1.7860221835 0.209513095163
1.785369534 0.20978802402
1.784717383 0.21001572698
1.7840657298 0.210073809436
1.7834145741 0.210441231569
1.7827639153 0.210661527883
1.7821137528 0.211177027504
1.7814640862 0.21099051045
1.780814915 0.211007013061
1.7801662386 0.211179185237
1.7795180567 0.211590203568
1.7788703685 0.21185482324
1.7782231737 0.212410171134
1.7775764718 0.212466463651
1.7769302622 0.21244101294
1.7762845444 0.212744757068
1.775639318 0.212771941033
1.7749945824 0.212851521309
1.7743503371 0.213051359641
1.7737065817 0.213501585685
1.7730633157 0.213694919265
1.7724205384 0.213978298081
1.7717782495 0.213812456151
1.7711364485 0.21424539662
1.7704951348 0.214677430502
1.769854308 0.214920608684
1.7692139675 0.215071354405
1.7685741129 0.215175104965
1.7679347437 0.215239298256
1.7672958593 0.215632306263
1.7666574594 0.215630886913
1.7660195433 0.215731054634
1.7653821107 0.215826517697
1.7647451609 0.216083727917
1.7641086936 0.216340319501
1.7634727082 0.217020022929
1.7628372043 0.216987815868
1.7622021814 0.217334332533
1.7615676389 0.217590392447
1.7609335764 0.217393209717
1.7602999934 0.217621551554
1.7596668895 0.218056538116
1.7590342641 0.21819182046
1.7584021167 0.218441601502
1.7577704469 0.2180928915
1.7571392542 0.218687664645
1.7565085381 0.218926713399
1.7558782981 0.218955289949
1.7552485338 0.219119305694
1.7546192446 0.219088353617
1.7539904301 0.219219577802
1.7533620898 0.219471117268
1.7527342233 0.219654707033
1.75210683 0.219771334442
1.7514799095 0.219652618527
1.7508534613 0.219847946716
1.7502274849 0.220155257938
1.7496019799 0.220132379435
1.7489769457 0.220064172229
1.748352382 0.220239345277
1.7477282882 0.220462114788
1.7471046638 0.220735807759
1.7464815085 0.220612442523
1.7458588216 0.221360926841
1.7452366028 0.221309631979
1.7446148516 0.221235857433
1.7439935675 0.221320672367
1.74337275 0.221441842647
1.7427523988 0.221428927933
1.7421325132 0.221284721302
1.7415130928 0.221404839876
1.7408941373 0.221374086429
1.740275646 0.221225809403
1.7396576186 0.221497931805
1.7390400546 0.221784754007
1.7384229535 0.221688327783
1.7378063148 0.221663648058
1.7371901382 0.22173253097
1.7365744231 0.221626758117
1.735959169 0.221615261239
1.7353443756 0.221734633371
1.7347300423 0.22160573306
1.7341161687 0.22212264959
1.7335027544 0.221923260713
1.7328897988 0.221886628262
1.7322773015 0.221802010921
1.7316652622 0.221967353416
1.7310536802 0.221881656841
1.7304425552 0.22195163853
1.7298318866 0.221854340138
1.7292216741 0.222331204218
1.7286119173 0.22219808776
1.7280026155 0.222417993171
1.7273937684 0.222651141992
1.7267853756 0.22272735126
1.7261774366 0.223261812145
1.7255699508 0.223277542801
1.724962918 0.223156231086
1.7243563376 0.223287225594
1.7237502092 0.223592147979
1.7231445323 0.223573874924
1.7225393065 0.223698451728
1.7219345314 0.223651263104
1.7213302065 0.223750368886
1.7207263313 0.224075411116
1.7201229054 0.224098555724
1.7195199283 0.224265807854
1.7189173997 0.224455276744
1.7183153191 0.224532199959
1.717713686 0.224760586665
1.7171125 0.224655814482
1.7165117606 0.224727408008
1.7159114674 0.224918108574
1.71531162 0.224942281036
1.714712218 0.225038317855
1.7141132608 0.225090070303
1.713514748 0.225326128098
1.7129166793 0.225455746238
1.7123190542 0.225399471958
1.7117218721 0.225485434168
1.7111251328 0.225553870943
1.7105288357 0.225599001858
1.7099329805 0.225763846809
1.7093375667 0.225828465951
1.7087425938 0.225884701544
1.7081480614 0.225919337766
1.7075539692 0.226184746302
1.7069603166 0.226158978439
1.7063671032 0.226409627397
1.7057743286 0.226384887981
1.7051819924 0.22660477605
1.7045900941 0.226569836785
1.7039986333 0.226897266742
1.7034076096 0.226612210415
1.7028170226 0.226842216631
1.7022268718 0.226828969622
1.7016371567 0.227376092289
1.7010478771 0.227330948121
1.7004590323 0.227307253993
1.6998706221 0.227313383108
1.699282646 0.227384051311
1.6986951035 0.227423010731
1.6981079943 0.227416715895
1.6975213179 0.227539219664
1.6969350739 0.227736809892
1.6963492619 0.227836545437
1.6957638814 0.22757442376
1.695178932 0.227714472766
1.6945944134 0.227699465603
1.694010325 0.227734027461
1.6934266665 0.227941143407
1.6928434375 0.228174360428
1.6922606375 0.228156710731
1.6916782661 0.228385203479
1.6910963229 0.228400164811
1.6905148075 0.228735767971
1.6899337194 0.228527579711
1.6893530583 0.228677483893
1.6887728237 0.228792452815
1.6881930152 0.228940815961
1.6876136325 0.229061115362
1.687034675 0.22916047953
1.6864561424 0.229001805892
1.6858780342 0.228880441611
1.6853003501 0.229227828907
1.6847230897 0.22946275693
1.6841462525 0.22918645092
1.6835698381 0.229343748596
1.6829938461 0.229422810967
1.6824182761 0.229440608134
1.6818431277 0.229581625343
1.6812684004 0.229450283037
1.680694094 0.229568873914
1.6801202079 0.229895640527
1.6795467418 0.229676581889
1.6789736952 0.229841509527
1.6784010677 0.230036414546
1.6778288591 0.229839832791
1.6772570687 0.229883809251
1.6766856963 0.230164406858
1.6761147414 0.230006800366
1.6755442036 0.230175160407
1.6749740826 0.230162595556
1.6744043779 0.230133267899
1.6738350891 0.230162286855
1.6732662158 0.230524791858
1.6726977577 0.230804685043
1.6721297142 0.230860122571
1.6715620851 0.230940986348
1.6709948699 0.230851199692
1.6704280682 0.230799646729
1.6698616797 0.231188503826
1.6692957039 0.231145722733
1.6687301404 0.230868269923
1.6681649888 0.231059889399
1.6676002488 0.231205857051
1.6670359199 0.231437464448
1.6664720018 0.231533738992
1.665908494 0.231537257357
1.6653453962 0.231469209943
1.6647827079 0.231248965737
1.6642204289 0.231309440595
1.6636585586 0.231168940309
1.6630970966 0.230982749464
1.6625360427 0.23108460367
1.6619753964 0.230968602827
1.6614151573 0.231154816665
1.6608553251 0.231044674932
1.6602958992 0.230982735047
1.6597368795 0.230669042993
1.6591782653 0.230874751304
1.6586200565 0.230888383163
1.6580622525 0.231082229157
1.6575048531 0.231103629442
1.6569478577 0.230943085722
1.6563912661 0.230976388468
1.6558350778 0.231043916468
1.6552792925 0.230328520763
1.6547239097 0.230696439521
1.6541689291 0.23051447098
1.6536143503 0.230566909342
1.653060173 0.230165922966
1.6525063967 0.230319039683
1.651953021 0.23021599856
1.6514000457 0.230378360838
1.6508474702 0.230038067611
1.6502952942 0.230193590535
1.6497435173 0.229958166935
1.6491921393 0.229850630495
1.6486411596 0.229658794512
1.6480905778 0.229903292565
1.6475403937 0.229340344305
1.6469906069 0.229292395807
1.6464412169 0.229024070615
1.6458922234 0.229374115198
1.645343626 0.228726983328
1.6447954243 0.22851580624
1.644247618 0.228282506053
1.6437002067 0.22854128299
1.64315319 0.228449050292
1.6426065675 0.228233052447
1.6420603389 0.228344320537
1.6415145038 0.228894382339
1.6409690618 0.228503658368
1.6404240126 0.228812026744
1.6398793557 0.228979146809
1.6393350908 0.2288969901
1.6387912176 0.22838952563
1.6382477356 0.228874377324
1.6377046446 0.228829793375
1.637161944 0.228868292701
1.6366196336 0.229244096295
1.636077713 0.22943004604
1.6355361818 0.229248253256
1.6349950397 0.229174540001
1.6344542863 0.229247616243
1.6339139211 0.229846095865
1.633373944 0.229641372111
1.6328343544 0.229464205588
1.632295152 0.229488937252
1.6317563365 0.229372950257
1.6312179075 0.229482419333
1.6306798647 0.229523726342
1.6301422076 0.229717290003
1.6296049359 0.229964899382
1.6290680492 0.229807115075
1.6285315473 0.230183078754
1.6279954296 0.229795308118
1.627459696 0.229930159035
1.6269243459 0.229883324775
1.6263893791 0.229360742694
1.6258547951 0.229136667121
1.6253205937 0.228573135171
1.6247867744 0.229045048696
1.6242533369 0.228932871222
1.6237202809 0.22854080137
1.623187606 0.228726371091
1.6226553118 0.22824961189
1.622123398 0.228305119056
1.6215918642 0.228051193135
1.6210607101 0.228035509769
1.6205299353 0.228423231441
1.6199995394 0.227758360236
1.6194695222 0.227430186349
1.6189398832 0.228188183062
1.6184106221 0.227632039168
1.6178817385 0.226981181262
1.6173532321 0.22698502807
1.6168251026 0.226659580557
1.6162973496 0.226307182201
1.6157699727 0.225492624816
1.6152429716 0.225743231031
1.6147163459 0.225016836439
1.6141900953 0.224330394822
1.6136642194 0.223894517385
1.613138718 0.22437230862
1.6126135906 0.223881964443
1.6120888368 0.223243082886
1.6115644564 0.223789590852
1.6110404491 0.223677388448
1.6105168143 0.223377076581
1.6099935519 0.222726285486
1.6094706614 0.222028764184
1.6089481426 0.222291262023
1.608425995 0.221596086396
1.6079042183 0.221493825888
1.6073828123 0.221271029778
1.6068617764 0.220992335042
1.6063411105 0.22035280553
1.6058208141 0.220769842508
1.6053008869 0.220267848781
1.6047813286 0.220082970446
1.6042621388 0.219784696367
1.6037433172 0.2204999525
1.6032248634 0.220286768101
1.6027067772 0.219778178863
1.6021890581 0.219451626633
1.6016717058 0.219157871111
1.60115472 0.219022293754
1.6006381004 0.219448173709
1.6001218466 0.218614413079
1.5996059582 0.218860423409
1.599090435 0.218131701346
1.5985752766 0.218801454016
1.5980604827 0.218423564434
1.5975460528 0.217363713025
1.5970319868 0.217165631075
1.5965182842 0.217899813681
1.5960049447 0.217425609593
1.5954919681 0.217061209284
1.5949793538 0.216837683723
1.5944671017 0.216650780856
1.5939552114 0.21667419564
1.5934436825 0.216210735732
1.5929325148 0.216163752162
1.5924217078 0.216275380398
1.5919112613 0.21582602556
1.5914011749 0.216086134193
1.5908914484 0.217065801406
1.5903820812 0.216072289126
1.5898730733 0.215731783667
1.5893644241 0.215769794496
1.5888561334 0.215796379791
1.5883482008 0.215360031278
1.5878406261 0.215147040059
1.5873334089 0.214814772875
1.5868265488 0.215050326364
1.5863200456 0.214361555571
1.5858138988 0.21400729375
1.5853081083 0.21440674932
1.5848026736 0.214354703425
1.5842975945 0.213505982399
1.5837928705 0.214604733509
1.5832885015 0.214898488714
1.582784487 0.214077480183
1.5822808267 0.213825556835
1.5817775204 0.214529378805
1.5812745676 0.213809524382
1.5807719681 0.213643873045
1.5802697216 0.212966099383
1.5797678277 0.213651390616
1.5792662861 0.21296483211
1.5787650964 0.211923355892
1.5782642585 0.213044260032
1.5777637718 0.212019064442
1.5772636362 0.211429150924
1.5767638513 0.211633025152
1.5762644168 0.21215557147
1.5757653323 0.213130117991
1.5752665976 0.211628944359
1.5747682123 0.212620694962
1.5742701761 0.212108720299
1.5737724887 0.211788973884
1.5732751498 0.211152178856
1.572778159 0.211615970838
1.5722815161 0.211058700544
1.5717852207 0.210699350867
1.5712892725 0.211371626462
1.5707936713 0.211139747311
1.5702984166 0.209840554998
1.5698035081 0.210024366863
1.5693089457 0.210290821483
1.5688147289 0.20991654658
1.5683208574 0.209680392495
1.5678273309 0.21044375968
1.5673341491 0.210576698353
1.5668413117 0.210954554118
1.5663488184 0.209771692195
1.5658566689 0.21031142766
1.5653648628 0.209756561853
1.5648733999 0.208367957399
1.5643822798 0.208519166278
1.5638915023 0.208452732573
1.563401067 0.208301866364
1.5629109736 0.207564921267
1.5624212218 0.208915721337
1.5619318112 0.208921116424
1.5614427417 0.208058562448
1.5609540129 0.208195609689
1.5604656244 0.20884618485
1.559977576 0.208763091659
1.5594898674 0.207343148958
1.5590024982 0.207294114266
1.5585154682 0.208240555104
1.558028777 0.206998844206
1.5575424244 0.206971733284
1.55705641 0.206834782006
1.5565707335 0.206315630115
1.5560853947 0.205923935128
1.5556003932 0.205747822945
1.5551157287 0.205920885037
1.554631401 0.206003351161
1.5541474096 0.205407108799
1.5536637544 0.204177648016
1.553180435 0.204865006889
1.5526974511 0.204347143639
1.5522148024 0.204144927232
1.5517324887 0.205328930492
1.5512505095 0.204860149113
1.5507688647 0.203415839374
1.5502875539 0.20408578426
1.5498065768 0.204437789007
1.5493259331 0.203389334712
1.5488456226 0.203945031613
1.5483656448 0.203423609338
1.5478859996 0.203289567214
1.5474066867 0.202410634339
1.5469277056 0.203914134519
1.5464490562 0.204129960007
1.5459707382 0.202659744642
1.5454927511 0.202597186404
1.5450150949 0.203381747259
1.5445377691 0.203209941182
1.5440607734 0.20254611115
1.5435841076 0.202800509079
1.5431077714 0.203664857225
1.5426317645 0.202640570133
1.5421560865 0.202081437124
1.5416807373 0.202632884546
1.5412057164 0.202414156078
1.5407310237 0.202110495799
1.5402566587 0.202607262866
1.5397826213 0.201940918246
1.5393089112 0.200439095882
1.538835528 0.201134184601
1.5383624714 0.200901695713
1.5378897412 0.201346947228
1.5374173371 0.20104647406
1.5369452587 0.201003879855
1.5364735059 0.201320580786
1.5360020782 0.200537097308
1.5355309755 0.200258080519
1.5350601974 0.200024235537
1.5345897437 0.201013823621
1.534119614 0.200744240072
1.5336498081 0.199748300265
1.5331803256 0.199986489025
1.5327111664 0.200695447267
1.5322423301 0.200405640029
1.5317738164 0.200469512795
1.531305625 0.199899689726
1.5308377557 0.199606469353
1.5303702082 0.199871537248
1.5299029822 0.200366840667
1.5294360773 0.200011325155
1.5289694934 0.198553555225
1.5285032302 0.199078095452
1.5280372872 0.199597449073
1.5275716644 0.199259866499
1.5271063613 0.19864980093
1.5266413778 0.198777591904
1.5261767135 0.199159167512
1.5257123681 0.197929786461
1.5252483414 0.197514201268
1.5247846331 0.198118858519
1.5243212429 0.198512567966
1.5238581705 0.197743984157
