3.69212786891 0.251439730638
3.68985082363 0.251134912719
3.6875763105 0.252564360423
3.68530432561 0.2520993981
3.68303486509 0.251135958764
3.68076792506 0.249737565225
3.67850350164 0.248116427508
3.67624159096 0.248499172414
3.67398218917 0.248269357978
3.67172529243 0.248696646134
3.66947089688 0.247467640654
3.6672189987 0.245380407133
3.66496959405 0.245583140244
3.66272267913 0.244877518386
3.66047825012 0.245335617981
3.65823630321 0.24551059562
3.65599683461 0.245001633934
3.65375984053 0.244732836898
3.6515253172 0.243784308772
3.64929326083 0.242027466372
3.64706366766 0.241307079077
3.64483653393 0.239983659716
3.6426118559 0.240802923431
3.64038962982 0.240382712173
3.63816985194 0.240496515495
3.63595251856 0.239372696266
3.63373762593 0.238708221624
3.63152517035 0.238703413621
3.62931514812 0.236984155706
3.62710755552 0.237219205975
3.62490238888 0.237695638444
3.6226996445 0.237248778906
3.62049931872 0.235983737355
3.61830140784 0.236430913023
3.61610590823 0.23603684389
3.61391281621 0.235425178576
3.61172212815 0.233802711378
3.60953384039 0.234227320312
3.60734794931 0.234384396643
3.60516445128 0.234627032871
3.60298334268 0.233775510413
3.60080461989 0.233833632347
3.59862827931 0.233077544085
3.59645431734 0.23379986973
3.59428273039 0.232638924482
3.59211351488 0.231859810412
3.58994666722 0.22926316844
3.58778218386 0.229927785696
3.58562006121 0.229906243827
3.58346029573 0.229493708228
3.58130288387 0.22962291308
3.57914782209 0.228408525244
3.57699510684 0.227818277396
3.57484473461 0.226887269738
3.57269670186 0.226117799589
3.57055100508 0.225936071835
3.56840764078 0.225395840298
3.56626660543 0.225889360148
3.56412789556 0.225989795856
3.56199150766 0.224995333831
3.55985743827 0.223188164694
3.5577256839 0.222582634501
3.5555962411 0.223204878006
3.55346910639 0.221638257467
3.55134427633 0.221328439181
3.54922174746 0.219144935905
3.54710151635 0.217978729482
3.54498357957 0.218569431185
3.54286793368 0.21858297972
3.54075457527 0.217132664327
3.53864350092 0.217621120177
3.53653470723 0.216741028585
3.53442819079 0.216056227872
3.53232394821 0.216774250881
3.5302219761 0.214765351676
3.52812227108 0.21401755395
3.52602482978 0.214451656878
3.52392964884 0.213399445735
3.52183672487 0.215142229324
3.51974605455 0.213177906488
3.51765763451 0.211959651213
3.51557146141 0.209422811832
3.51348753192 0.210250986989
3.5114058427 0.208678027874
3.50932639045 0.208098447523
3.50724917183 0.209013848524
3.50517418354 0.210329098096
3.50310142228 0.20785679429
3.50103088475 0.205670080095
3.49896256766 0.205827476807
3.49689646772 0.205331196028
3.49483258165 0.203300843423
3.4927709062 0.203968852035
3.49071143808 0.204260758912
3.48865417403 0.20392321859
3.48659911082 0.203537091763
3.48454624518 0.201724860893
3.48249557389 0.201325795717
3.48044709369 0.201926232511
3.47840080138 0.19936886253
3.47635669371 0.199181006661
3.47431476749 0.200618782729
3.47227501949 0.199552889348
3.47023744652 0.197379446863
3.46820204538 0.197011629438
3.46616881287 0.1963181782
3.46413774581 0.196502798195
3.46210884103 0.195943897327
3.46008209534 0.195845133719
3.45805750558 0.196369412116
3.4560350686 0.1957942788
3.45401478123 0.193613621025
3.45199664032 0.191926789092
3.44998064274 0.190820165749
3.44796678535 0.191268069827
3.44595506501 0.191634420236
3.4439454786 0.190933993279
3.441938023 0.190098332252
3.4399326951 0.189536381139
3.43792949179 0.18773069182
3.43592840996 0.187442082216
3.43392944653 0.187626447492
3.4319325984 0.187212010564
3.4299378625 0.185896745794
3.42794523573 0.184845017745
3.42595471503 0.185481372837
3.42396629733 0.186185354668
3.42197997958 0.185287538891
3.41999575871 0.184266008689
3.41801363168 0.184186743319
3.41603359544 0.184066078252
3.41405564696 0.184012617885
3.41207978321 0.182322476752
3.41010600116 0.18276446311
3.40813429778 0.181502159794
3.40616467007 0.181444920611
3.40419711501 0.181761641585
3.4022316296 0.182719944156
3.40026821085 0.181303515625
3.39830685576 0.180248189462
3.39634756134 0.180670157911
3.39439032462 0.180581817562
3.39243514261 0.180334895871
3.39048201236 0.180304784456
3.38853093089 0.180634792716
3.38658189524 0.181178159541
3.38463490247 0.180125689339
3.38268994963 0.180429269425
3.38074703377 0.17899934765
3.37880615196 0.176732290971
3.37686730126 0.175696380957
3.37493047876 0.177879378656
3.37299568152 0.178687372234
3.37106290665 0.179462870597
3.36913215122 0.177765318141
3.36720341233 0.176172532063
3.36527668709 0.176979059235
3.36335197261 0.177329416066
3.36142926599 0.176279282736
3.35950856435 0.174074662386
3.35758986482 0.173694018885
3.35567316452 0.174381773061
3.35375846059 0.176392512925
3.35184575018 0.175900345425
3.34993503041 0.174331046697
3.34802629845 0.1730775049
3.34611955145 0.173092413332
3.34421478657 0.173842039357
3.34231200097 0.173082539378
3.34041119183 0.17257209377
3.33851235633 0.172176536293
3.33661549163 0.171017718678
3.33472059494 0.171239048938
3.33282766344 0.171501094609
3.33093669433 0.170075217323
3.32904768482 0.170416117613
3.3271606321 0.169490487921
3.3252755334 0.171123762088
3.32339238593 0.170135129797
3.32151118692 0.168201361848
3.31963193358 0.16765557504
3.31775462317 0.169006394295
3.3158792529 0.168467313894
3.31400582004 0.16760472422
3.31213432182 0.16751242106
3.3102647555 0.165761542893
3.30839711834 0.163962831553
3.30653140761 0.164952053218
3.30466762056 0.164192718643
3.30280575448 0.162860652131
3.30094580665 0.16384527009
3.29908777434 0.163039421137
3.29723165485 0.162856617178
3.29537744547 0.162514307822
3.2935251435 0.160228301466
3.29167474625 0.158651002872
3.28982625101 0.15960264747
3.28797965512 0.160067235608
3.28613495588 0.158031132599
3.28429215061 0.156174217433
3.28245123665 0.156052727494
3.28061221134 0.15672457694
3.278775072 0.158407897096
3.27693981598 0.156051742654
3.27510644063 0.154076390645
3.27327494331 0.154660327451
3.27144532136 0.155865930845
3.26961757215 0.153732984504
3.26779169306 0.150086872837
3.26596768144 0.150178623435
3.26414553469 0.149620334832
3.26232525017 0.150497826464
3.26050682528 0.150073844341
3.25869025741 0.148593739844
3.25687554395 0.148260489318
3.2550626823 0.146826212487
3.25325166988 0.148196338141
3.25144250408 0.14660336076
3.24963518233 0.144761863248
3.24782970204 0.144790844197
3.24602606064 0.144844375363
3.24422425556 0.145587649835
3.24242428423 0.143637363161
3.24062614409 0.142171916767
3.23882983257 0.139299314588
3.23703534714 0.140111123232
3.23524268524 0.139596864909
3.23345184433 0.139094497909
3.23166282187 0.138587816539
3.22987561532 0.136892097001
3.22809022216 0.138221348086
3.22630663986 0.137366612006
3.2245248659 0.135274500032
3.22274489776 0.136595428562
3.22096673294 0.136797541719
3.21919036892 0.137243007062
3.21741580321 0.136505085512
3.21564303331 0.133698255827
3.21387205672 0.132186968692
3.21210287096 0.132033983927
3.21033547354 0.133438881056
3.20856986198 0.132256185531
3.2068060338 0.130110433945
3.20504398654 0.129260502169
3.20328371773 0.130036806365
3.20152522491 0.128974938008
3.19976850562 0.12775696626
3.1980135574 0.126218928266
3.19626037781 0.126789393009
3.19450896441 0.127528317995
3.19275931475 0.127190585731
3.1910114264 0.124807133551
3.18926529692 0.122793539381
3.18752092389 0.123349159126
3.1857783049 0.124496531157
3.18403743751 0.124607129963
3.18229831932 0.120832127966
3.18056094791 0.118917065335
3.17882532089 0.11949097273
3.17709143585 0.119588946726
3.17535929039 0.120516112028
3.17362888212 0.12208541176
3.17190020866 0.118833722266
3.17017326762 0.118434009227
3.16844805661 0.116827215698
3.16672457328 0.116346380375
3.16500281523 0.117569397114
3.16328278012 0.115521791833
3.16156446557 0.114029425578
3.15984786923 0.114682754627
3.15813298873 0.115740289308
3.15641982174 0.113836101837
3.15470836591 0.112258164593
3.15299861889 0.114227352482
3.15129057836 0.115316426944
3.14958424196 0.116533728347
3.14787960738 0.111561409888
3.14617667229 0.112251987658
3.14447543437 0.111172054126
3.1427758913 0.110375687068
3.14107804077 0.109906680093
3.13938188047 0.113255749702
3.1376874081 0.113142989977
3.13599462135 0.111556874931
3.13430351793 0.108042895177
3.13261409555 0.106152215744
3.13092635192 0.107824437898
3.12924028476 0.111117416753
3.12755589178 0.110445474188
3.1258731707 0.108672416645
3.12419211927 0.106672543103
3.1225127352 0.105196327749
3.12083501624 0.106678144912
3.11915896012 0.108021134615
3.11748456459 0.109080108893
3.11581182739 0.107745106096
3.11414074628 0.104961290469
3.11247131902 0.105041289188
3.11080354336 0.106082034663
3.10913741706 0.10551240386
3.1074729379 0.105147063857
3.10581010364 0.104051574486
3.10414891207 0.107601387291
3.10248936096 0.106982621492
3.10083144808 0.103729723853
3.09917517125 0.102489029165
3.09752052823 0.10495374204
3.09586751683 0.105251843286
3.09421613484 0.102721731512
3.09256638007 0.101871985058
3.09091825033 0.103212186653
3.08927174342 0.105317672033
3.08762685716 0.104782107623
3.08598358937 0.102617937308
3.08434193786 0.102263086147
3.08270190047 0.103401799487
3.08106347502 0.102396928337
3.07942665935 0.0996269352144
3.07779145129 0.101301017758
3.07615784868 0.101905250069
3.07452584938 0.101328338417
3.07289545122 0.100683370913
3.07126665206 0.101256464195
3.06963944975 0.099852152479
3.06801384216 0.102680187359
3.06638982714 0.100921575019
3.06476740257 0.10057607894
3.06314656631 0.100734770287
3.06152731624 0.0995240815049
3.05990965024 0.0987242059677
3.05829356618 0.101492474014
3.05667906196 0.100495961332
3.05506613546 0.097834714939
3.05345478457 0.097902553519
3.0518450072 0.0983009775494
3.05023680124 0.100079122114
3.0486301646 0.0976322666343
3.04702509517 0.0968194038634
3.04542159088 0.097133482074
3.04381964964 0.0978068355907
3.04221926937 0.0993060281324
3.04062044798 0.100486583308
3.0390231834 0.100124473353
3.03742747357 0.0995998129588
3.03583331641 0.0959125622029
3.03424070986 0.0975999152054
3.03264965186 0.0980940120616
3.03106014035 0.098973246774
3.02947217328 0.0961840275193
3.02788574861 0.0965392026542
3.02630086427 0.0966675321398
3.02471751824 0.0983184507123
3.02313570847 0.097660308485
3.02155543292 0.097004839697
3.01997668957 0.0974118460718
3.01839947638 0.099139643085
3.01682379134 0.0983408186852
3.01524963241 0.0967291778844
3.01367699758 0.0973191261567
3.01210588484 0.098922194563
3.01053629217 0.0970936084616
3.00896821757 0.0952749540171
3.00740165902 0.0963028906931
3.00583661454 0.0968313562703
3.00427308212 0.0982041674401
3.00271105978 0.0965787134086
3.0011505455 0.0964442396027
2.99959153732 0.0957380051182
2.99803403325 0.097583525728
2.9964780313 0.0975912204491
2.9949235295 0.0983760576017
2.99337052588 0.0963846737169
2.99181901846 0.0957171368987
2.99026900528 0.0933145827976
2.98872048438 0.0949095685475
2.98717345379 0.0954861579011
2.98562791155 0.0955605672078
2.98408385572 0.095023016881
2.98254128434 0.0972733654055
2.98100019547 0.0943356330972
2.97946058716 0.0921619753171
2.97792245747 0.0926690135397
2.97638580447 0.0946133149409
2.97485062622 0.0953119797292
2.97331692079 0.0948988094403
2.97178468626 0.0933051499399
2.97025392069 0.0952864151145
2.96872462217 0.096203977701
2.96719678879 0.0950502247738
2.96567041862 0.0931967244599
2.96414550976 0.0938805110119
2.96262206029 0.0952582805931
2.96110006832 0.0972471172462
2.95957953195 0.0969480305171
2.95806044927 0.0953284159577
2.95654281839 0.0951272061834
2.95502663742 0.0949960202839
2.95351190447 0.0942463625416
2.95199861766 0.0945486128691
2.9504867751 0.0951950429677
2.94897637492 0.0941327142256
2.94746741523 0.0955108468892
2.94595989417 0.0955684251607
2.94445380987 0.0967094541947
2.94294916047 0.0980825426101
2.94144594408 0.0956311236189
2.93994415887 0.0960539368032
2.93844380297 0.0950864302797
2.93694487453 0.0942307743357
2.9354473717 0.0940388472009
2.93395129263 0.0960972079834
2.93245663547 0.0948010388718
2.93096339839 0.0948054471776
2.92947157954 0.0958749537844
2.9279811771 0.0963684788968
2.92649218923 0.0977090926937
2.9250046141 0.0966890709869
2.92351844989 0.0956134644847
2.92203369477 0.096012080464
2.92055034692 0.095901732915
2.91906840453 0.0960202940188
2.91758786578 0.0947218320085
2.91610872887 0.0921590846949
2.91463099199 0.095210666267
2.91315465332 0.0950949728435
2.91167971107 0.0934222089827
2.91020616345 0.0947481270663
2.90873400865 0.0939756883096
2.90726324489 0.0949723702393
2.90579387037 0.0954024787455
2.90432588331 0.0943517759653
2.90285928192 0.0952866526742
2.90139406443 0.0967911136592
2.89993022906 0.0958405990914
2.89846777403 0.0951408526561
2.89700669757 0.0957672340097
2.89554699791 0.0950275424876
2.89408867329 0.0954964640752
2.89263172194 0.0945988600586
2.89117614211 0.0944945578032
2.88972193203 0.0921700287583
2.88826908996 0.0927037312371
2.88681761414 0.091969069114
2.88536750283 0.0946791922982
2.88391875428 0.0924771940169
2.88247136674 0.0906127011523
2.88102533848 0.0921341526517
2.87958066777 0.092874413505
2.87813735286 0.0923874387248
2.87669539203 0.0926894899996
2.87525478354 0.0922999322235
2.87381552569 0.092686921427
2.87237761673 0.0919553316951
2.87094105496 0.0915716665594
2.86950583865 0.0937100815149
2.8680719661 0.0943419536642
2.86663943559 0.0933016413919
2.86520824541 0.0920676255887
2.86377839387 0.091758909639
2.86234987925 0.0925499146708
2.86092269986 0.0901442074896
2.85949685399 0.0890106322312
2.85807233997 0.0898464103158
2.85664915609 0.0893089199484
2.85522730067 0.0898467268306
2.85380677202 0.090119593851
2.85238756846 0.0892863809642
2.85096968831 0.0902740467109
2.8495531299 0.087784266397
2.84813789154 0.0858400252872
2.84672397156 0.0881380315981
2.84531136831 0.0887367895686
2.8439000801 0.088192209055
2.84249010529 0.0871031174826
2.8410814422 0.0861718355452
2.83967408918 0.0866285319023
2.83826804457 0.0858837650367
2.83686330672 0.0834232338059
2.83545987399 0.0850064618334
2.83405774472 0.0844103088903
2.83265691727 0.0841078855865
2.83125739 0.0817517395437
2.82985916126 0.0820298146348
2.82846222944 0.0815754093081
2.82706659287 0.0814106112927
2.82567224995 0.0811008560193
2.82427919904 0.0817219057801
2.82288743851 0.0806551627585
2.82149696675 0.0807475986077
2.82010778212 0.078702225779
2.81871988302 0.0777288970454
2.81733326782 0.0782385410078
2.81594793492 0.0785253763702
2.81456388271 0.077521114227
2.81318110958 0.0775912985551
2.81179961392 0.0795461679783
2.81041939413 0.0775600010065
2.80904044861 0.0752114754911
2.80766277578 0.0750560444166
2.80628637402 0.074572648367
2.80491124175 0.0766812918316
2.80353737739 0.0753612288026
2.80216477934 0.0732967310422
2.80079344602 0.072939231085
2.79942337586 0.0733665514428
2.79805456726 0.0715453322749
2.79668701866 0.0711083867344
2.79532072848 0.0701463523996
2.79395569516 0.0711602366738
2.79259191711 0.0705592640021
2.79122939278 0.0691941143541
2.78986812061 0.0683370586185
2.78850809903 0.0688596207729
2.78714932648 0.067546468533
2.78579180142 0.0671213982714
2.78443552227 0.0662363836367
2.78308048751 0.0652853786573
2.78172669557 0.0643198916429
2.78037414491 0.0648204399743
2.77902283398 0.0650661568713
2.77767276126 0.0652005513272
2.77632392519 0.0640121394584
2.77497632425 0.063559174062
2.77362995689 0.0631133994403
2.7722848216 0.062661043734
2.77094091683 0.0636701237679
2.76959824107 0.0630408740011
2.76825679279 0.0613281105188
2.76691657048 0.0612471306796
2.7655775726 0.0601108633029
2.76423979765 0.0601857669769
2.76290324411 0.061171044416
2.76156791047 0.0595484373249
2.76023379523 0.0594072433309
2.75890089687 0.0590697096308
2.75756921389 0.0590294627036
2.7562387448 0.0575528724245
2.75490948808 0.0572898626089
2.75358144225 0.0561010743008
2.75225460581 0.0576432778012
2.75092897727 0.0575841460131
2.74960455514 0.0580643097915
2.74828133793 0.0575989530481
2.74695932415 0.0572044104784
2.74563851234 0.0571259656831
2.74431890099 0.0569308569369
2.74300048865 0.0567917841928
2.74168327383 0.0576730572903
2.74036725505 0.0578232747309
2.73905243086 0.0585019182708
2.73773879977 0.0572679563017
2.73642636033 0.0571553938855
2.73511511108 0.0569913058308
2.73380505054 0.058343837345
2.73249617726 0.0590273062571
2.73118848979 0.0608650461296
2.72988198667 0.0610627394854
2.72857666645 0.0616115302967
2.72727252767 0.0627815002903
2.7259695689 0.0634632559265
2.72466778869 0.06479311535
2.72336718559 0.0649706358635
2.72206775816 0.0655400142181
2.72076950498 0.0668691446485
2.71947242459 0.0684371838412
2.71817651557 0.0692248909043
2.71688177648 0.0694532637691
2.7155882059 0.0717251194979
2.7142958024 0.0734083442049
2.71300456456 0.0741607250099
2.71171449095 0.0755518363151
2.71042558015 0.0777320421787
2.70913783075 0.0794760524333
2.70785124133 0.0811812683451
2.70656581048 0.0831571625567
2.70528153679 0.0854596299416
2.70399841884 0.0882758540512
2.70271645524 0.0905695530168
2.70143564457 0.0936374317298
2.70015598544 0.0967026261137
2.69887747644 0.0990473072957
2.69760011618 0.101203650007
2.69632390327 0.103847329483
2.6950488363 0.107351512396
2.69377491389 0.109508344257
2.69250213465 0.112234365528
2.6912304972 0.115873779103
2.68996000014 0.119189006443
2.6886906421 0.122713536368
2.6874224217 0.125326203708
2.68615533756 0.128617686443
2.6848893883 0.131177876731
2.68362457255 0.134342094496
2.68236088893 0.137016252701
2.68109833609 0.1393051499
2.67983691265 0.142066189941
2.67857661725 0.14542841429
2.67731744852 0.147275703352
2.6760594051 0.148791774388
2.67480248564 0.151297975576
2.67354668878 0.153800695497
2.67229201316 0.154402225288
2.67103845744 0.156538574252
2.66978602026 0.159597501308
2.66853470027 0.16015823317
2.66728449613 0.161202366324
2.6660354065 0.161700846354
2.66478743003 0.163001436561
2.66354056539 0.164760100208
2.66229481123 0.165886257766
2.66105016623 0.166658784871
2.65980662904 0.16688868586
2.65856419835 0.169465420527
2.65732287281 0.17102431577
2.6560826511 0.17210261142
2.6548435319 0.172201668042
2.65360551389 0.173749235947
2.65236859573 0.174918900873
2.65113277613 0.175950364324
2.64989805375 0.176274345698
2.64866442728 0.178173783785
2.64743189542 0.178738187902
2.64620045684 0.178577700791
2.64497011025 0.179530846951
2.64374085434 0.180656946474
2.64251268779 0.181797393654
2.64128560932 0.183252595767
2.64005961761 0.184489450426
2.63883471138 0.18424084051
2.63761088932 0.185259387959
2.63638815014 0.187320932573
2.63516649255 0.189038289238
2.63394591525 0.190297571826
2.63272641697 0.190472856172
2.63150799641 0.191549484155
2.63029065229 0.192337192899
2.62907438332 0.19277730286
2.62785918823 0.194192138152
2.62664506574 0.195701669283
2.62543201458 0.196374978071
2.62422003345 0.197296726691
2.62300912111 0.197691190374
2.62179927627 0.198265985227
2.62059049767 0.199082791976
2.61938278403 0.199608056667
2.61817613411 0.200430450929
2.61697054662 0.200753953797
2.61576602032 0.201181335346
2.61456255394 0.202512458135
2.61336014623 0.203251386421
2.61215879593 0.202553128344
2.61095850179 0.203311443237
2.60975926256 0.203932366761
2.60856107699 0.204439657219
2.60736394383 0.204658927967
2.60616786184 0.206032936378
2.60497282977 0.207112129543
2.60377884639 0.207756659206
2.60258591045 0.20752407055
2.60139402072 0.207629840773
2.60020317595 0.209148710167
2.59901337492 0.209828235028
2.5978246164 0.210018055089
2.59663689915 0.209558352423
2.59545022195 0.209861927576
2.59426458358 0.209419330001
2.59307998279 0.20892705825
2.59189641838 0.209178985773
2.59071388913 0.21058479735
2.58953239381 0.211064393299
2.58835193121 0.211711646623
2.58717250011 0.210882524328
2.58599409931 0.210556640235
2.58481672758 0.211793400029
2.58364038372 0.212680700692
2.58246506652 0.213005610103
2.58129077478 0.212863830155
2.5801175073 0.213264884639
2.57894526286 0.212742744918
2.57777404028 0.2126501925
2.57660383835 0.213054361152
2.57543465587 0.213386043907
2.57426649166 0.214129851489
2.57309934451 0.214412710237
2.57193321325 0.213803202136
2.57076809667 0.214207475157
2.56960399359 0.213757250754
2.56844090283 0.214144796348
2.5672788232 0.213910982134
2.56611775352 0.215286139143
2.56495769261 0.215181245366
2.56379863929 0.214075902487
2.56264059238 0.213637788306
2.56148355072 0.214622252837
2.56032751312 0.215212903917
2.55917247842 0.21521968373
2.55801844544 0.215037255479
2.55686541302 0.215267309197
2.55571338 0.214375383124
2.5545623452 0.214310203807
2.55341230747 0.214884964821
2.55226326565 0.215260312785
2.55111521857 0.215349789541
2.54996816508 0.214777819993
2.54882210403 0.215853340216
2.54767703426 0.215250028431
2.54653295461 0.215458146829
2.54538986395 0.215064103625
2.54424776111 0.215467523895
2.54310664496 0.215130791028
2.54196651435 0.216209788894
2.54082736813 0.216598149451
2.53968920517 0.217042727681
2.53855202433 0.215830875322
2.53741582446 0.215877811686
2.53628060443 0.216960661535
2.5351463631 0.217420443545
2.53401309935 0.217615912833
2.53288081204 0.217471621744
2.53174950004 0.21712188144
2.53061916223 0.217653340997
2.52948979747 0.218158700607
2.52836140465 0.218172931113
2.52723398264 0.218663408595
2.52610753033 0.219341548129
2.52498204658 0.220169605989
2.52385753029 0.219500485941
2.52273398033 0.219573334946
2.5216113956 0.219430128419
2.52048977498 0.219757253083
2.51936911735 0.220740518989
2.51824942162 0.22014957109
2.51713068667 0.22100792325
2.5160129114 0.221316511245
2.51489609471 0.222138226894
2.51378023548 0.222566812759
2.51266533262 0.222550892255
2.51155138503 0.222558487901
2.51043839162 0.223728604946
2.50932635128 0.223934096196
2.50821526292 0.223969955375
2.50710512545 0.224578236829
2.50599593778 0.224376488057
2.50488769882 0.225464577319
2.50378040748 0.226023810631
2.50267406267 0.225816721119
2.50156866332 0.226559116161
2.50046420833 0.226339413383
2.49936069662 0.227938617055
2.49825812713 0.228817369808
2.49715649876 0.229025320055
2.49605581044 0.229055162322
2.49495606109 0.229100018002
2.49385724965 0.229783859062
2.49275937505 0.230503248773
2.4916624362 0.230569812563
2.49056643204 0.231532710906
2.48947136151 0.231093274133
2.48837722354 0.231795243242
2.48728401707 0.231860984178
2.48619174103 0.232264570254
2.48510039436 0.232565240227
2.48400997601 0.233295579841
2.48292048491 0.233562849033
2.48183192002 0.233944778905
2.48074428027 0.234148505641
2.47965756462 0.234600255113
2.478571772 0.234937351523
2.47748690139 0.235133674687
2.47640295171 0.236041338772
2.47531992194 0.236127187298
2.47423781101 0.23667102764
2.4731566179 0.23731751555
2.47207634155 0.237967862036
2.47099698094 0.237937370247
2.46991853501 0.238519550198
2.46884100273 0.238387614069
2.46776438306 0.239319625169
2.46668867498 0.240330238655
2.46561387745 0.240750624172
2.46453998943 0.240262749831
2.4634670099 0.240943948866
2.46239493783 0.241057949002
2.4613237722 0.241757254536
2.46025351197 0.242332899966
2.45918415612 0.242455926015
2.45811570364 0.243201778843
2.4570481535 0.243827866045
2.45598150468 0.244492706715
2.45491575616 0.244261676801
2.45385090693 0.244943449408
2.45278695598 0.245765428894
2.45172390229 0.246472477594
2.45066174484 0.246411262776
2.44960048264 0.246832000845
2.44854011467 0.247407758059
2.44748063991 0.248360387476
2.44642205738 0.248637616048
2.44536436606 0.249274832098
2.44430756495 0.25015546741
2.44325165305 0.251542206427
2.44219662935 0.251673007089
2.44114249287 0.252591929693
2.44008924261 0.253036500986
2.43903687756 0.253391336929
2.43798539673 0.253732732086
2.43693479914 0.254362919063
2.43588508379 0.25586126116
2.43483624969 0.256360000781
2.43378829585 0.256328129823
2.43274122129 0.256646013052
2.43169502502 0.257630236602
2.43064970606 0.258534615663
2.42960526343 0.25903177743
2.42856169613 0.259577061543
2.42751900321 0.260486429667
2.42647718366 0.260829326786
2.42543623653 0.261135039665
2.42439616083 0.261942868912
2.4233569556 0.262912622776
2.42231861985 0.263177938903
2.42128115262 0.263484551536
2.42024455293 0.263299324789
2.41920881983 0.264566767876
2.41817395233 0.265418764219
2.41713994949 0.266507756525
2.41610681033 0.266485781929
2.41507453388 0.266571580122
2.4140431192 0.266987574527
2.41301256532 0.267887459972
2.41198287128 0.268214116656
2.41095403612 0.269382250357
2.40992605889 0.270000562786
2.40889893864 0.270892220128
2.40787267441 0.27138822254
2.40684726525 0.271403589539
2.40582271021 0.272335482693
2.40479900834 0.27296458988
2.40377615869 0.273084521738
2.40275416032 0.273428120107
2.40173301229 0.274421868703
2.40071271365 0.275227992744
2.39969326345 0.275868363528
2.39867466077 0.276334637328
2.39765690465 0.277008154647
2.39663999416 0.277059011359
2.39562392837 0.277720323061
2.39460870634 0.278368624187
2.39359432713 0.279288168487
2.39258078982 0.279727323572
2.39156809347 0.279926939059
2.39055623716 0.280721515174
2.38954521995 0.281478848756
2.38853504091 0.2816763253
2.38752569913 0.282946045807
2.38651719368 0.283117460237
2.38550952363 0.283492824864
2.38450268806 0.283791998666
2.38349668606 0.284558888166
2.3824915167 0.285273067549
2.38148717907 0.285966480721
2.38048367224 0.286386331065
2.37948099531 0.286447251848
2.37847914737 0.287604924789
2.37747812749 0.288238638846
2.37647793476 0.288716800617
2.37547856829 0.288703464528
2.37448002715 0.288880907494
2.37348231045 0.289671400689
2.37248541727 0.291157086828
2.37148934671 0.29108772142
2.37049409787 0.291225113962
2.36949966985 0.291536069849
2.36850606174 0.292656271068
2.36751327265 0.293131432275
2.36652130168 0.294034436901
2.36553014792 0.294168919931
2.3645398105 0.294548842149
2.3635502885 0.294868588134
2.36256158104 0.295532481306
2.36157368723 0.296008998035
2.36058660617 0.296373769918
2.35960033698 0.296755938705
2.35861487877 0.297638548756
2.35763023065 0.298720243741
2.35664639173 0.298838758626
2.35566336114 0.298460662154
2.35468113799 0.299138325502
2.3536997214 0.300147704997
2.35271911048 0.300797667038
2.35173930437 0.301385651967
2.35076030217 0.301614647717
2.34978210302 0.302770871068
2.34880470603 0.302812650203
2.34782811035 0.303805824418
2.34685231508 0.303627533139
2.34587731936 0.304517264981
2.34490312232 0.304838662273
2.3439297231 0.306189562049
2.34295712081 0.306659132709
2.34198531461 0.30720448513
2.34101430361 0.307115588393
2.34004408696 0.308143486592
2.33907466379 0.308587436833
2.33810603325 0.309284116361
2.33713819446 0.309928830779
2.33617114658 0.31069957958
2.33520488874 0.310748473133
2.33423942009 0.311645863675
2.33327473977 0.312066143599
2.33231084692 0.312404659105
2.3313477407 0.313377113912
2.33038542025 0.313493696794
2.32942388472 0.313940480121
2.32846313327 0.314801577219
2.32750316503 0.315374811029
2.32654397917 0.315633357679
2.32558557484 0.315650944488
2.32462795119 0.315649958371
2.32367110738 0.316663402207
2.32271504257 0.317083852531
2.32175975592 0.31808520495
2.32080524659 0.317804516201
2.31985151373 0.318373912458
2.31889855651 0.318724127168
2.3179463741 0.318967703227
2.31699496566 0.319757618422
2.31604433034 0.31988033635
2.31509446733 0.320156027284
2.31414537579 0.321065291578
2.31319705489 0.32192755654
2.3122495038 0.321972001156
2.31130272169 0.321408742248
2.31035670773 0.322180878385
2.30941146109 0.323680365006
2.30846698097 0.324107072138
2.30752326652 0.32409932213
2.30658031692 0.323517653193
2.30563813136 0.324474055229
2.30469670902 0.325651718901
2.30375604907 0.325725253233
2.3028161507 0.326017618649
2.30187701309 0.326068958788
2.30093863543 0.326547858762
2.30000101689 0.32770344962
2.29906415668 0.327927169446
2.29812805397 0.327726055556
2.29719270795 0.328443694919
2.29625811782 0.329332531839
2.29532428276 0.329978630217
2.29439120197 0.32996046192
2.29345887465 0.330451894133
2.29252729997 0.330341533251
2.29159647715 0.331088969269
2.29066640538 0.331654670939
2.28973708386 0.332749585164
2.28880851178 0.33314359121
2.28788068834 0.33329337324
2.28695361275 0.333295199293
2.28602728421 0.333945808741
2.28510170193 0.334227232002
2.2841768651 0.334714791358
2.28325277293 0.33515971734
2.28232942464 0.33550972378
2.28140681942 0.335991990169
2.28048495649 0.335783276208
2.27956383505 0.335616766171
2.27864345433 0.336055870047
2.27772381352 0.336819678236
2.27680491185 0.33654863517
2.27588674853 0.337084195946
2.27496932277 0.33675889309
2.2740526338 0.338194329278
2.27313668082 0.3378239631
2.27222146306 0.33844350141
2.27130697974 0.338151469901
2.27039323007 0.33813979972
2.26948021329 0.338122030293
2.26856792861 0.337832423503
2.26765637526 0.337790824686
2.26674555246 0.338613180765
2.26583545945 0.338175752243
2.26492609544 0.33814204014
2.26401745967 0.337979581481
2.26310955136 0.338487242627
2.26220236975 0.338288714652
2.26129591407 0.337892648235
2.26039018355 0.337748307843
2.25948517742 0.337664547264
2.25858089493 0.337418834876
2.2576773353 0.336767020549
2.25677449778 0.336116682036
2.25587238159 0.336082660505
2.25497098599 0.336169501679
2.25407031021 0.33568958623
2.25317035348 0.336231651634
2.25227111507 0.334476956423
2.2513725942 0.333778407315
2.25047479012 0.333475863914
2.24957770208 0.333509575333
2.24868132933 0.332741809422
2.2477856711 0.332350276893
2.24689072666 0.331330998115
2.24599649525 0.331096168616
2.24510297611 0.33024920895
2.24421016851 0.329501645107
2.24331807169 0.328698030346
2.24242668491 0.328332232508
2.24153600743 0.328063151835
2.24064603849 0.327709956224
2.23975677736 0.3266339613
2.23886822329 0.326193732678
2.23798037555 0.326261732453
2.23709323338 0.326005350716
2.23620679606 0.325383220074
2.23532106285 0.324275588165
2.234436033 0.324355880113
2.23355170578 0.323502276564
2.23266808046 0.322901356986
2.23178515631 0.32236007229
2.23090293258 0.321929649053
2.23002140855 0.322064545262
2.22914058348 0.32143108908
2.22826045665 0.321331874116
2.22738102733 0.320490025065
2.22650229479 0.319475412395
2.2256242583 0.318858126701
2.22474691713 0.318410415178
2.22387027057 0.317306223111
2.22299431788 0.315900243058
2.22211905834 0.315307177524
2.22124449124 0.31466229548
2.22037061584 0.313808252236
2.21949743144 0.312491714218
2.2186249373 0.310892356051
2.21775313272 0.309759769424
2.21688201697 0.30890931625
2.21601158935 0.307926651603
2.21514184912 0.307190573714
2.21427279559 0.305943340686
2.21340442803 0.304726036577
2.21253674573 0.304128637613
2.21166974799 0.303424659015
2.21080343408 0.303151139995
2.20993780331 0.302482201373
2.20907285497 0.302084432784
2.20820858834 0.301725799135
2.20734500272 0.302518789053
2.2064820974 0.302265269017
2.20561987168 0.302922063001
2.20475832486 0.302288776823
2.20389745623 0.302095838002
2.20303726509 0.304006785499
2.20217775074 0.304617556543
2.20131891248 0.305642501558
2.20046074962 0.305269425815
2.19960326144 0.306192991186
2.19874644727 0.308082335474
2.19789030639 0.309412889971
2.19703483812 0.310650118398
2.19618004176 0.310977653247
2.19532591661 0.312216528413
2.19447246199 0.313723531501
2.19361967721 0.314906199066
2.19276756157 0.315865575881
2.19191611438 0.317073869334
2.19106533495 0.318442904301
2.19021522261 0.319257589
2.18936577665 0.321033310509
2.1885169964 0.321595801146
2.18766888117 0.322826491724
2.18682143027 0.323432112749
2.18597464303 0.324920649036
2.18512851875 0.326151746176
2.18428305677 0.326868350992
2.18343825639 0.327571129253
2.18259411695 0.328805098947
2.18175063775 0.33033194845
2.18090781813 0.331206730475
2.18006565741 0.331750363957
2.1792241549 0.332863266555
2.17838330995 0.334256241412
2.17754312186 0.335607832643
2.17670358998 0.336713731343
2.17586471362 0.336805671867
2.17502649212 0.338216225581
2.1741889248 0.339033998529
2.173352011 0.33988787914
2.17251575005 0.341237378165
2.17168014127 0.341896894949
2.17084518401 0.342674878098
2.1700108776 0.343610142426
2.16917722137 0.344346899569
2.16834421466 0.345243515974
2.1675118568 0.346107897243
2.16668014714 0.346728840308
2.16584908501 0.347196285186
2.16501866975 0.348092527429
2.1641889007 0.349025327595
2.16335977721 0.349243834733
2.1625312986 0.349281554352
2.16170346424 0.350277214193
2.16087627346 0.350387942429
2.16004972561 0.351390910033
2.15922382002 0.352359096388
2.15839855606 0.353554615867
2.15757393306 0.352673521031
2.15674995038 0.353453863519
2.15592660736 0.354029560158
2.15510390335 0.355245158072
2.15428183771 0.354735454695
2.15346040979 0.354769821104
2.15263961893 0.355251386047
2.15181946449 0.356106640264
2.15099994584 0.356798314768
2.15018106231 0.357057428955
2.14936281327 0.356975577315
2.14854519808 0.357761973874
2.14772821609 0.358011029906
2.14691186666 0.358594083028
2.14609614915 0.358947343598
2.14528106292 0.357657570275
2.14446660733 0.357760368597
2.14365278175 0.358225340616
2.14283958553 0.359579271756
2.14202701805 0.358364411726
2.14121507866 0.358090773565
2.14040376673 0.359258909047
2.13959308162 0.360692604964
2.13878302271 0.36235160444
2.13797358937 0.361600863699
2.13716478095 0.362210566914
2.13635659683 0.362025730139
2.13554903639 0.361791398585
2.13474209898 0.363407071849
2.13393578399 0.364606920943
2.13313009078 0.366304029781
2.13232501874 0.364241687765
2.13152056723 0.364422048566
2.13071673563 0.366457695107
2.12991352332 0.365322657216
2.12911092967 0.360898748444
2.12830895407 0.35433871428
2.12750759588 0.353642197495
2.12670685449 0.353125921875
2.12590672929 0.357162291668
2.12510721964 0.359502680407
2.12430832494 0.359968608071
2.12351004456 0.35783796366
2.1227123779 0.355731299509
2.12191532432 0.355235723852
2.12111888323 0.356264669318
2.120323054 0.353824040015
2.11952783603 0.348091896232
2.11873322869 0.343741154177
2.11793923138 0.344658553369
2.11714584349 0.347701742244
2.11635306441 0.35366701767
2.11556089353 0.360761990779
2.11476933023 0.361346629499
2.11397837392 0.358391269846
2.11318802398 0.354504729003
2.11239827982 0.353762410816
2.11160914082 0.349584133153
2.11082060638 0.349726386056
2.11003267589 0.34967020846
2.10924534876 0.352905359824
2.10845862438 0.354217960058
2.10767250216 0.354051438045
2.10688698148 0.353027752096
2.10610206175 0.351057987638
2.10531774238 0.349397636616
2.10453402276 0.348832698207
2.1037509023 0.348415547908
2.10296838039 0.347737332608
2.10218645646 0.348464062771
2.10140512989 0.349346491922
2.1006244001 0.348880180696
2.09984426648 0.349558347487
2.09906472846 0.349532719461
2.09828578544 0.350279981515
2.09750743682 0.350878479297
2.09672968202 0.352623825154
2.09595252045 0.353661132499
2.09517595151 0.354270740792
2.09439997463 0.353583871205
2.09362458921 0.352355215116
2.09284979466 0.350491450185
2.09207559041 0.347990985817
2.09130197586 0.346957062763
2.09052895043 0.346968638601
2.08975651355 0.347976002898
2.08898466462 0.348291932077
2.08821340306 0.348880521724
2.08744272829 0.348919056118
2.08667263974 0.34908752852
2.08590313682 0.348433903814
2.08513421896 0.349100236044
2.08436588557 0.349508019858
2.08359813608 0.349973088479
2.08283096992 0.350798632376
2.0820643865 0.350956177571
2.08129838525 0.349675975714
2.0805329656 0.349513110214
2.07976812697 0.350232903603
2.07900386879 0.350380553057
2.07824019049 0.353103403184
2.0774770915 0.355352241453
2.07671457124 0.356141968836
2.07595262916 0.3515007972
2.07519126466 0.346814090252
2.0744304772 0.346090272749
2.0736702662 0.348341445218
2.0729106311 0.351349711415
2.07215157132 0.354561507954
2.0713930863 0.353790422464
2.07063517549 0.350595492274
2.06987783831 0.349396023718
2.06912107419 0.350846767383
2.06836488259 0.351409603506
2.06760926294 0.3511375484
2.06685421466 0.349548270782
2.06609973722 0.347862822716
2.06534583004 0.347913850073
2.06459249256 0.348881188049
2.06383972424 0.35050610434
2.0630875245 0.350519654384
2.0623358928 0.348833352457
2.06158482858 0.347648751095
2.06083433128 0.346761034039
2.06008440035 0.347290403061
2.05933503523 0.348900213508
2.05858623537 0.349646921168
2.05783800023 0.349257377118
2.05709032924 0.348367691262
2.05634322185 0.34788689742
2.05559667752 0.346753886439
2.0548506957 0.346544916238
2.05410527583 0.346136772082
2.05336041737 0.346333327857
2.05261611977 0.346281311951
2.05187238249 0.346667841106
2.05112920498 0.34536262571
2.05038658668 0.345308634768
2.04964452707 0.3449681991
2.04890302559 0.345276787992
2.0481620817 0.345496372732
2.04742169486 0.345526565147
2.04668186453 0.345539199348
2.04594259016 0.344604794709
2.04520387121 0.343787386245
2.04446570715 0.343269438579
2.04372809744 0.3429669508
2.04299104153 0.342821841998
2.0422545389 0.341852739114
2.04151858899 0.34216630405
2.04078319128 0.343360918707
2.04004834523 0.343139259723
2.03931405031 0.34293406607
2.03858030597 0.342671971571
2.0378471117 0.343599443029
2.03711446695 0.343152697926
2.03638237119 0.343149368056
2.03565082389 0.342919516466
2.03491982452 0.342498040457
2.03418937255 0.342561783919
2.03345946745 0.34149947345
2.03273010869 0.340240328406
2.03200129574 0.340259970691
2.03127302808 0.341138579514
2.03054530518 0.340434179341
2.0298181265 0.339535647246
2.02909149154 0.338059021541
2.02836539975 0.338091666252
2.02763985063 0.33808430133
2.02691484363 0.338136031772
2.02619037825 0.337903205769
2.02546645396 0.337780374286
2.02474307023 0.337110849149
2.02402022655 0.336987970822
2.0232979224 0.336673008903
2.02257615725 0.336060520907
2.02185493059 0.335153826834
2.0211342419 0.334957776614
2.02041409066 0.335052111523
2.01969447636 0.335063327831
2.01897539848 0.334189619185
2.0182568565 0.333187877245
2.01753884991 0.33407055434
2.01682137819 0.334559165292
2.01610444083 0.334396078723
2.01538803732 0.333016127048
2.01467216714 0.331792523653
2.01395682979 0.331491457733
2.01324202475 0.331122106569
2.01252775151 0.330230766866
2.01181400957 0.329145961569
2.0111007984 0.328337639184
2.01038811752 0.32749210787
2.00967596639 0.327756326391
2.00896434453 0.327809437567
2.00825325142 0.326745735964
2.00754268656 0.326448095569
2.00683264944 0.325627948337
2.00612313956 0.325741526488
2.00541415641 0.32492891547
2.00470569949 0.324162015253
2.0039977683 0.323336778267
2.00329036233 0.323551513965
2.00258348109 0.323298074472
2.00187712407 0.322572741866
2.00117129078 0.321581249694
2.0004659807 0.321667436346
1.99976119336 0.320714709676
1.99905692823 0.320048516356
1.99835318484 0.319222026772
1.99764996268 0.319016812426
1.99694726125 0.318495091553
1.99624508006 0.318250512927
1.99554341862 0.318081885866
1.99484227642 0.317472149307
1.99414165298 0.31755411123
1.99344154781 0.316042205298
1.9927419604 0.315258082154
1.99204289027 0.314749420246
1.99134433693 0.31489351766
1.99064629988 0.314637334395
1.98994877864 0.313602221845
1.98925177271 0.312833898248
1.98855528161 0.312449026879
1.98785930485 0.31194290649
1.98716384194 0.311194091815
1.98646889239 0.309726490652
1.98577445572 0.310871450385
1.98508053144 0.310250786825
1.98438711907 0.310170757245
1.98369421812 0.308552546667
1.9830018281 0.306632610317
1.98230994854 0.307395626857
1.98161857895 0.306482147539
1.98092771885 0.305682849999
1.98023736775 0.304491304468
1.97954752518 0.304289163959
1.97885819066 0.302484553632
1.9781693637 0.303611933418
1.97748104382 0.302420014799
1.97679323056 0.302016352841
1.97610592342 0.301890020327
1.97541912194 0.302057370167
1.97473282563 0.301470086696
1.97404703401 0.300442954511
1.97336174663 0.299526660244
1.97267696299 0.298949010968
1.97199268262 0.299243079999
1.97130890505 0.299060657868
1.97062562981 0.298831383502
1.96994285642 0.297163040163
1.96926058442 0.298228674013
1.96857881332 0.298518755742
1.96789754266 0.298383987231
1.96721677198 0.297268433891
1.96653650079 0.296600925303
1.96585672863 0.296875665205
1.96517745503 0.296603404601
1.96449867952 0.295484751372
1.96382040164 0.294848848637
1.96314262092 0.294002743517
1.96246533689 0.294562479399
1.96178854908 0.294319016336
1.96111225704 0.292548700713
1.96043646029 0.292047270417
1.95976115838 0.292857460502
1.95908635084 0.292778552939
1.9584120372 0.292750796422
1.95773821701 0.291617812098
1.9570648898 0.291081083828
1.95639205511 0.290470070972
1.95571971248 0.290086382755
1.95504786146 0.28968858926
1.95437650158 0.289893623557
1.95370563237 0.289594245016
1.9530352534 0.288999337291
1.95236536419 0.289465612304
1.95169596429 0.288503278888
1.95102705324 0.287480130917
1.95035863059 0.286944977673
1.94969069588 0.286853590614
1.94902324866 0.286618840223
1.94835628847 0.286838044668
1.94768981486 0.285974808461
1.94702382738 0.285811928795
1.94635832557 0.285730757267
1.94569330898 0.285318913361
1.94502877716 0.284683564224
1.94436472966 0.285272289732
1.94370116602 0.284224415304
1.94303808581 0.284570537912
1.94237548856 0.284002767538
1.94171337384 0.283953498278
1.94105174118 0.28243067754
1.94039059015 0.282082550054
1.9397299203 0.281247126162
1.93906973118 0.280814339903
1.93841002234 0.281902627604
1.93775079334 0.281241123166
1.93709204374 0.280585869111
1.93643377309 0.280297799506
1.93577598094 0.279500479343
1.93511866686 0.27788189685
1.9344618304 0.278324875345
1.93380547111 0.276999749403
1.93314958856 0.277252407875
1.93249418231 0.276909659129
1.93183925192 0.275838211137
1.93118479693 0.275312860858
1.93053081693 0.274789991398
1.92987731146 0.274386609859
1.92922428009 0.273292517966
1.92857172238 0.27122527298
1.92791963789 0.271313336109
1.92726802619 0.272235380386
1.92661688684 0.271433476477
1.92596621941 0.270222559697
1.92531602345 0.269390602466
1.92466629854 0.268465106042
1.92401704424 0.266602103503
1.92336826012 0.264991851898
1.92271994574 0.264091757471
1.92207210068 0.263089426261
1.92142472449 0.260478244136
1.92077781675 0.259368809652
1.92013137703 0.25871367604
1.9194854049 0.257234119371
1.91883989992 0.254209190438
1.91819486167 0.252928334823
1.91755028972 0.251487336381
1.91690618364 0.250454312156
1.91626254301 0.24896749155
1.91561936739 0.248156796161
1.91497665635 0.246481553864
1.91433440949 0.246125806066
1.91369262635 0.245115608656
1.91305130654 0.243199754728
1.9124104496 0.242220304627
1.91177005514 0.240693407128
1.91113012271 0.238733024123
1.91049065189 0.238462124345
1.90985164228 0.236864044623
1.90921309343 0.235981033794
1.90857500493 0.234935165056
1.90793737637 0.233454717185
1.90730020731 0.232769043102
1.90666349734 0.232273139364
1.90602724604 0.231732667994
1.90539145299 0.23186729021
1.90475611777 0.231847020161
1.90412123997 0.232909239815
1.90348681916 0.232515018149
1.90285285493 0.232242709091
1.90221934687 0.233560139299
1.90158629455 0.2349836764
1.90095369756 0.235241317219
1.90032155549 0.236260504763
1.89968986792 0.23861172392
1.89905863444 0.241371079907
1.89842785464 0.243645828601
1.89779752809 0.244559652522
1.8971676544 0.247600098604
1.89653823315 0.250451596824
1.89590926392 0.253165625193
1.8952807463 0.255261550635
1.89465267989 0.26003620857
1.89402506428 0.262810759287
1.89339789905 0.266429203173
1.89277118379 0.26989327083
1.89214491811 0.27372879741
1.89151910158 0.277549812165
1.89089373381 0.280698216761
1.89026881438 0.284623256915
1.88964434289 0.288886296172
1.88902031894 0.291522924639
1.88839674211 0.294484879625
1.887773612 0.298138462705
1.88715092821 0.300980932229
1.88652869034 0.305332584483
1.88590689798 0.308482351668
1.88528555072 0.311601305809
1.88466464817 0.314453674337
1.88404418992 0.318090982128
1.88342417558 0.321423419337
1.88280460473 0.323547060597
1.88218547698 0.32568775818
1.88156679193 0.328239101569
1.88094854918 0.330592058747
1.88033074833 0.332922203617
1.87971338899 0.335087127778
1.87909647074 0.337988278943
1.8784799932 0.339613555955
1.87786395597 0.341837406708
1.87724835865 0.34362157103
1.87663320085 0.345682344288
1.87601848217 0.347980838546
1.87540420221 0.348732848235
1.87479036057 0.350338780835
1.87417695688 0.35254594771
1.87356399072 0.356295981459
1.87295146171 0.355856964304
1.87233936946 0.356148277689
1.87172771356 0.358018884702
1.87111649364 0.36053522409
1.8705057093 0.361835609018
1.86989536014 0.362265243934
1.86928544577 0.363732033762
1.86867596582 0.364266448589
1.86806691988 0.364131173442
1.86745830756 0.366627102446
1.86685012849 0.366744130538
1.86624238226 0.368143437815
1.8656350685 0.369391250677
1.86502818681 0.369882316194
1.86442173681 0.370623447334
1.86381571811 0.3720510789
1.86321013033 0.372724420331
1.86260497308 0.373386307572
1.86200024597 0.374497853591
1.86139594862 0.374826259619
1.86079208064 0.376419539953
1.86018864166 0.376127518527
1.85958563129 0.37615512076
1.85898304914 0.376442715852
1.85838089484 0.377007493463
1.857779168 0.378526096889
1.85717786824 0.379965023924
1.85657699518 0.38055708895
1.85597654843 0.381655961386
1.85537652763 0.381122989316
1.85477693239 0.380158878783
1.85417776232 0.380627845329
1.85357901706 0.380768908778
1.85298069622 0.381285246875
1.85238279943 0.382494829202
1.8517853263 0.382219262314
1.85118827647 0.382867974277
1.85059164955 0.382142669681
1.84999544517 0.382788579442
1.84939966295 0.38226189199
1.84880430252 0.383579454645
1.8482093635 0.383051345611
1.84761484552 0.383628117944
1.84702074821 0.38431641221
1.84642707119 0.384409671127
1.84583381409 0.3856642397
1.84524097653 0.386096314081
1.84464855815 0.385429797088
1.84405655857 0.384127495896
1.84346497743 0.384118159435
1.84287381434 0.384762251427
1.84228306895 0.384717216965
1.84169274088 0.384813278557
1.84110282976 0.385579417293
1.84051333522 0.387346710641
1.8399242569 0.386763298709
1.83933559442 0.386575810476
1.83874734742 0.386687216687
1.83815951553 0.387253287715
1.83757209839 0.386459623319
1.83698509563 0.38541461742
1.83639850687 0.386818630593
1.83581233177 0.386757232768
1.83522656995 0.389048832753
1.83464122104 0.386839477638
1.83405628469 0.387070833556
1.83347176053 0.387989353736
1.83288764819 0.388998418787
1.83230394732 0.388048621298
1.83172065754 0.389784317021
1.83113777851 0.389651757561
1.83055530985 0.389993971363
1.82997325121 0.390509826615
1.82939160223 0.390146700483
1.82881036254 0.389190918438
1.82822953179 0.389844725932
1.82764910961 0.389239506871
1.82706909564 0.389230802444
1.82648948954 0.389571910615
1.82591029093 0.38984381821
1.82533149947 0.390144214354
1.82475311479 0.390496980835
1.82417513654 0.391976834279
1.82359756436 0.391665298666
1.8230203979 0.38952504048
1.8224436368 0.390455957044
1.8218672807 0.390550911435
1.82129132924 0.391452017912
1.82071578209 0.392793022464
1.82014063887 0.393858043198
1.81956589925 0.392945933759
1.81899156285 0.391730092586
1.81841762934 0.390830388817
1.81784409836 0.391423403576
1.81727096955 0.391809128164
1.81669824257 0.391820423299
1.81612591706 0.392862616574
1.81555399268 0.393312362999
1.81498246907 0.393666008761
1.81441134589 0.391329489799
1.81384062277 0.39172660679
1.81327029939 0.392529658697
1.81270037538 0.392419566208
1.8121308504 0.393495714284
1.8115617241 0.393837765631
1.81099299613 0.394016011868
1.81042466614 0.392849111191
1.8098567338 0.392917199943
1.80928919875 0.392747468918
1.80872206065 0.393531612114
1.80815531915 0.393785956077
1.8075889739 0.393401455707
1.80702302457 0.394049250426
1.80645747081 0.394401175388
1.80589231227 0.395213681549
1.80532754861 0.394245442823
1.80476317949 0.393658009341
1.80419920456 0.391410725011
1.80363562349 0.392205631758
1.80307243593 0.392457388251
1.80250964154 0.39317122658
1.80194723998 0.393319247615
1.8013852309 0.392597174615
1.80082361398 0.392040772325
1.80026238886 0.393427985098
1.79970155521 0.394922441361
1.7991411127 0.39472899593
1.79858106097 0.392963909791
1.7980213997 0.39256873894
1.79746212854 0.393076530113
1.79690324716 0.393246603405
1.79634475522 0.394517853945
1.79578665238 0.394929827753
1.79522893832 0.395588589862
1.79467161268 0.394942267569
1.79411467514 0.39273715556
1.79355812536 0.394427372675
1.79300196301 0.394660619685
1.79244618776 0.394086659682
1.79189079926 0.391967621329
1.79133579718 0.393028071804
1.7907811812 0.392033714207
1.79022695098 0.391466135041
1.78967310618 0.392659912096
1.78911964648 0.396142809039
1.78856657154 0.394011784516
1.78801388104 0.393369255949
1.78746157463 0.391393909121
1.786909652 0.392259723164
1.7863581128 0.392233054034
1.78580695672 0.39293301917
1.78525618342 0.392499587043
1.78470579257 0.394964897659
1.78415578384 0.394580246992
1.78360615692 0.394753268251
1.78305691146 0.392926409523
1.78250804714 0.39249207661
1.78195956363 0.391817795931
1.78141146061 0.393364450475
1.78086373776 0.39491490106
1.78031639473 0.396506087025
1.77976943122 0.395626032264
1.77922284689 0.395753728979
1.77867664142 0.395266735853
1.77813081449 0.394681905827
1.77758536576 0.394143362205
1.77704029493 0.394606328833
1.77649560166 0.393670180336
1.77595128563 0.394622186199
1.77540734652 0.393572658779
1.774863784 0.392916154903
1.77432059776 0.392744160857
1.77377778748 0.394068157764
1.77323535283 0.396165923334
1.77269329348 0.396171754795
1.77215160913 0.397957811373
1.77161029946 0.395048392028
1.77106936413 0.392880924448
1.77052880284 0.393540087402
1.76998861526 0.396229633586
1.76944880107 0.396514495344
1.76890935997 0.397239441254
1.76837029162 0.395674753032
1.76783159572 0.395424575659
1.76729327194 0.395754221685
1.76675531997 0.397463125396
1.76621773949 0.39621891079
1.76568053019 0.398994057902
1.76514369175 0.397721277171
1.76460722385 0.394928111196
1.76407112619 0.394562931647
1.76353539844 0.396780670078
1.7630000403 0.397529696439
1.76246505144 0.39834705605
1.76193043156 0.397175451217
1.76139618034 0.399059369967
1.76086229748 0.395975071589
1.76032878265 0.397441471351
1.75979563554 0.398999746654
1.75926285585 0.400500495731
1.75873044326 0.401345391754
1.75819839746 0.400727706464
1.75766671815 0.399095672653
1.757135405 0.399406312645
1.75660445772 0.397817209329
1.75607387599 0.398610906811
1.7555436595 0.397595506657
1.75501380794 0.400206599196
1.75448432101 0.401038643931
1.7539551984 0.400601553768
1.7534264398 0.400332454606
1.7528980449 0.40124031112
1.7523700134 0.402882212636
1.75184234498 0.401377105927
1.75131503935 0.400545991396
1.75078809619 0.401308338511
1.75026151521 0.402618355658
1.74973529609 0.402459125277
1.74920943853 0.399993571348
1.74868394223 0.399900492269
1.74815880688 0.400300005763
1.74763403218 0.399013501338
1.74710961783 0.399705663108
1.74658556351 0.403300096818
1.74606186894 0.402381768219
1.7455385338 0.402073978678
1.7450155578 0.401104858885
1.74449294063 0.400533775064
1.74397068199 0.400407926246
1.74344878158 0.399420127717
1.7429272391 0.400939084537
1.74240605424 0.404691809112
1.74188522672 0.404344460834
1.74136475623 0.402146154556
1.74084464247 0.40196406358
1.74032488513 0.403238925048
1.73980548393 0.402820547313
1.73928643856 0.402449387244
1.73876774873 0.402230713499
1.73824941414 0.403376369817
1.73773143449 0.402569514907
1.73721380948 0.402085246446
1.73669653881 0.403458982655
1.7361796222 0.403869612863
1.73566305935 0.401396125843
1.73514684995 0.401364398963
1.73463099371 0.402979448714
1.73411549035 0.403707127246
1.73360033956 0.402631271278
1.73308554104 0.402063227974
1.73257109452 0.402876426642
1.73205699968 0.404234843606
1.73154325625 0.401796498457
1.73102986392 0.402258776808
1.7305168224 0.401008371415
1.73000413141 0.402120982675
1.72949179064 0.401560727992
1.72897979981 0.4023554223
1.72846815862 0.402012694548
1.7279568668 0.403638774716
1.72744592403 0.403496221018
1.72693533004 0.402873348762
1.72642508453 0.403868595933
1.72591518721 0.403714985223
1.72540563781 0.402562281793
1.72489643601 0.400331572999
1.72438758154 0.400240358213
1.72387907412 0.401579168796
1.72337091344 0.400455119168
1.72286309922 0.40191242384
1.72235563118 0.402593418513
1.72184850903 0.403216662738
1.72134173248 0.40427285923
1.72083530124 0.402837147545
1.72032921503 0.403643291679
1.71982347357 0.405102659457
1.71931807656 0.40305987258
1.71881302373 0.401811479584
1.71830831478 0.40033167177
1.71780394944 0.401923964953
1.71729992741 0.400697767222
1.71679624842 0.400078008846
1.71629291219 0.402033351452
1.71578991842 0.404101891255
1.71528726683 0.403031468077
1.71478495715 0.403577587671
1.71428298909 0.402339918104
1.71378136236 0.404787036195
1.7132800767 0.404745013913
1.71277913181 0.404426326481
1.71227852741 0.402438732174
1.71177826323 0.40114065595
1.71127833898 0.405299697861
1.71077875438 0.403518342772
1.71027950916 0.403366944689
1.70978060303 0.403663852583
1.70928203572 0.404654613226
1.70878380694 0.403219222908
1.70828591642 0.403600799999
1.70778836388 0.401947518455
1.70729114904 0.404016740412
1.70679427163 0.404776152179
1.70629773136 0.404606928968
1.70580152797 0.404387009307
1.70530566116 0.403826741657
1.70481013067 0.404627546825
1.70431493623 0.403611096674
1.70382007755 0.402857926607
1.70332555436 0.401875382474
1.70283136638 0.401985529606
1.70233751334 0.403719291875
1.70184399497 0.404195769026
1.70135081099 0.40251648728
1.70085796113 0.401137151628
1.70036544511 0.402207613434
1.69987326266 0.403653106802
1.69938141351 0.403883912134
1.69888989739 0.40156601028
1.69839871401 0.401768260872
1.69790786312 0.4041735732
1.69741734444 0.4019057261
1.69692715769 0.403324784935
1.69643730261 0.404674404697
1.69594777893 0.404110374504
1.69545858637 0.403088875178
1.69496972467 0.401944860184
1.69448119355 0.401448312227
1.69399299275 0.402916090196
1.69350512199 0.402607644401
1.69301758101 0.402803494068
1.69253036954 0.404318339426
1.69204348731 0.403402301979
1.69155693405 0.403293271266
1.69107070949 0.403228333075
1.69058481338 0.403648978651
1.69009924543 0.40458273261
1.68961400538 0.402019234174
1.68912909297 0.403172693788
1.68864450792 0.403403566517
1.68816024998 0.403524345671
1.68767631888 0.403494227826
1.68719271435 0.402383965878
1.68670943613 0.404090087025
1.68622648395 0.40290798181
1.68574385755 0.401265822861
1.68526155666 0.402123659242
1.68477958102 0.402878202096
1.68429793037 0.402147142087
1.68381660444 0.402453788638
1.68333560296 0.404436816751
1.68285492569 0.406419390449
1.68237457235 0.405927855892
1.68189454268 0.403930326757
1.68141483642 0.403724442792
1.6809354533 0.403052427347
1.68045639308 0.405288503541
1.67997765548 0.401694636907
1.67949924025 0.402005567035
1.67902114712 0.402412372752
1.67854337583 0.404644309028
1.67806592613 0.401641870385
1.67758879775 0.403792622785
1.67711199044 0.402303838791
1.67663550394 0.401759104482
1.67615933798 0.401011271594
1.67568349231 0.400284151701
1.67520796668 0.400696522789
1.67473276082 0.399669629563
1.67425787447 0.400841715723
1.67378330738 0.400639120509
1.67330905929 0.402243884919
1.67283512995 0.400703793886
1.67236151909 0.399723237958
1.67188822647 0.401643708783
1.67141525182 0.401566752895
1.67094259489 0.40193032579
1.67047025543 0.399106638294
1.66999823318 0.399460944613
1.66952652788 0.402420429198
1.66905513928 0.40148525315
1.66858406713 0.40375833802
1.66811331117 0.4045974082
1.66764287115 0.403056823491
1.66717274682 0.404276410942
1.66670293792 0.403620326295
1.6662334442 0.400348473774
1.6657642654 0.402464948062
1.66529540128 0.402265273691
1.66482685158 0.400956567944
1.66435861605 0.400732799209
1.66389069445 0.401199438517
1.66342308651 0.402230478014
1.66295579199 0.404015168539
1.66248881063 0.399669841715
1.66202214219 0.401426667842
1.66155578642 0.401260794324
1.66108974307 0.400908284894
1.66062401188 0.401190574451
1.66015859261 0.401789664742
1.65969348501 0.401543562522
1.65922868883 0.401979446444
1.65876420382 0.399988740267
1.65830002973 0.399628084013
1.65783616633 0.402994440815
1.65737261335 0.402890980791
1.65690937055 0.401220398686
1.65644643768 0.400395926912
1.65598381451 0.401026075572
1.65552150077 0.399504929191
1.65505949623 0.399646861287
1.65459780063 0.400775228911
1.65413641374 0.40044304928
1.65367533531 0.402837479852
1.65321456509 0.399437177827
1.65275410283 0.399519028338
1.6522939483 0.401618361311
1.65183410125 0.401554074277
1.65137456143 0.399710271877
1.6509153286 0.400431454421
1.65045640252 0.400563102322
1.64999778294 0.398500828503
1.64953946963 0.397823286754
1.64908146233 0.396909344835
1.64862376081 0.397392745495
1.64816636482 0.395916243256
1.64770927412 0.398084436441
1.64725248847 0.399033640771
1.64679600763 0.399217805593
1.64633983135 0.398144925442
1.64588395941 0.398900777971
1.64542839154 0.399531627829
1.64497312753 0.401630121605
1.64451816711 0.398253314669
1.64406351006 0.397155870116
1.64360915614 0.397890903611
1.64315510511 0.399588112126
1.64270135672 0.396600519664
1.64224791074 0.399935297207
1.64179476693 0.402030565836
1.64134192505 0.401278885957
1.64088938486 0.398067528942
1.64043714613 0.399935370938
1.63998520862 0.400590464802
1.63953357209 0.400081347791
1.6390822363 0.400501732328
1.63863120102 0.398514601295
1.63818046601 0.40100156229
1.63773003104 0.401816137468
1.63727989586 0.400146232247
1.63683006025 0.39928848982
1.63638052396 0.401581240483
1.63593128677 0.399752510386
1.63548234843 0.398187032622
1.63503370871 0.400184171874
1.63458536739 0.399630290157
1.63413732422 0.398468934072
1.63368957896 0.400072911989
1.6332421314 0.400340399339
1.63279498129 0.39969423366
1.63234812839 0.40139351197
1.63190157249 0.401867749366
1.63145531334 0.399581344647
1.63100935071 0.398853072575
1.63056368437 0.398873766186
1.63011831408 0.398639270629
1.62967323963 0.400102205687
1.62922846077 0.399552471325
1.62878397727 0.400028547557
1.62833978891 0.399571243522
1.62789589544 0.400670177745
1.62745229665 0.399613071
1.6270089923 0.399512807369
1.62656598217 0.401717430497
1.62612326601 0.398832109777
1.62568084361 0.399342179351
1.62523871473 0.399742831478
1.62479687915 0.399507524046
1.62435533663 0.401379175082
1.62391408695 0.401373105514
1.62347312988 0.401425245522
1.62303246519 0.401281598059
1.62259209265 0.403624777878
1.62215201205 0.400967249214
1.62171222314 0.399224850568
