1.379498 0.551132
1.379866 0.549279
1.380233 0.546276
1.3806 0.543823
1.380968 0.543122
1.381336 0.542221
1.381704 0.539918
1.382073 0.536263
1.382441 0.531507
1.38281 0.528604
1.383179 0.5256
1.383548 0.520594
1.383917 0.515137
1.384287 0.508279
1.384657 0.500519
1.385027 0.492759
1.385397 0.484749
1.385767 0.476389
1.386137 0.467128
1.386508 0.458217
1.386879 0.449806
1.38725 0.441997
1.387622 0.434437
1.387993 0.427979
1.388365 0.423123
1.388737 0.419369
1.389109 0.416215
1.389481 0.413261
1.389853 0.411609
1.390226 0.411209
1.390599 0.411409
1.390972 0.411559
1.391346 0.411209
1.391719 0.408856
1.392093 0.407003
1.392467 0.413061
1.392841 0.426177
1.393215 0.438893
1.39359 0.448204
1.393965 0.456114
1.394339 0.462322
1.394715 0.467078
1.39509 0.471433
1.395465 0.474887
1.395841 0.477741
1.396217 0.479693
1.396593 0.481495
1.39697 0.482096
1.397346 0.481445
1.397723 0.480544
1.3981 0.480745
1.398477 0.481495
1.398854 0.481596
1.399232 0.481195
1.39961 0.480895
1.399988 0.479893
1.400366 0.479042
1.400744 0.478942
1.401123 0.478542
1.401502 0.477791
1.401881 0.47719
1.40226 0.476389
1.402639 0.475238
1.403019 0.474136
1.403399 0.473285
1.403779 0.472384
1.404159 0.471683
1.404539 0.470181
1.40492 0.46913
1.405301 0.46873
1.405682 0.468379
1.406063 0.468179
1.406444 0.467328
1.406826 0.466577
1.407208 0.466827
1.40759 0.466978
1.407972 0.466777
1.408355 0.466227
1.408737 0.465376
1.40912 0.464525
1.409503 0.464474
1.409887 0.465175
1.41027 0.465676
1.410654 0.465876
1.411038 0.466327
1.411422 0.466327
1.411807 0.466026
1.412191 0.466126
1.412576 0.466627
1.412961 0.467228
1.413346 0.467528
1.413732 0.467578
1.414117 0.467829
1.414503 0.46883
1.414889 0.469781
1.415275 0.470181
1.415662 0.470432
1.416049 0.471083
1.416435 0.471733
1.416823 0.471934
1.41721 0.472484
1.417597 0.473235
1.417985 0.473786
1.418373 0.474287
1.418761 0.474787
1.41915 0.475438
1.419538 0.476139
1.419927 0.476639
1.420316 0.47724
1.420706 0.477841
1.421095 0.478392
1.421485 0.478992
1.421875 0.479643
1.422265 0.480294
1.422655 0.481095
1.423046 0.481896
1.423436 0.482347
1.423827 0.482797
1.424218 0.483448
1.42461 0.484149
1.425001 0.484599
1.425393 0.485
1.425785 0.48545
1.426177 0.485901
1.42657 0.486802
1.426962 0.487503
1.427355 0.487853
1.427748 0.488304
1.428142 0.488955
1.428535 0.489455
1.428929 0.490206
1.429323 0.490807
1.429717 0.491057
1.430112 0.491658
1.430506 0.492259
1.430901 0.492459
1.431296 0.492759
1.431691 0.49311
1.432087 0.493761
1.432482 0.494311
1.432878 0.494812
1.433275 0.495112
1.433671 0.495513
1.434067 0.495913
1.434464 0.496614
1.434861 0.497315
1.435259 0.497665
1.435656 0.497866
1.436054 0.498166
1.436452 0.498567
1.43685 0.498817
1.437248 0.499017
1.437647 0.499468
1.438046 0.499768
1.438445 0.500169
1.438844 0.500569
1.439243 0.500619
1.439643 0.50092
1.440043 0.50122
1.440443 0.501821
1.440843 0.502071
1.441244 0.502121
1.441645 0.502271
1.442046 0.502822
1.442447 0.503222
1.442848 0.503172
1.44325 0.503172
1.443652 0.503473
1.444054 0.503773
1.444457 0.503923
1.444859 0.504174
1.445262 0.504023
1.445665 0.503873
1.446068 0.504274
1.446472 0.504524
1.446875 0.504624
1.447279 0.504774
1.447683 0.504524
1.448088 0.504374
1.448492 0.504724
1.448897 0.504724
1.449302 0.504524
1.449708 0.504474
1.450113 0.504374
1.450519 0.504324
1.450925 0.504023
1.451331 0.504023
1.451737 0.503923
1.452144 0.503623
1.452551 0.503473
1.452958 0.503372
1.453365 0.503122
1.453773 0.503022
1.454181 0.502521
1.454589 0.502221
1.454997 0.501821
1.455405 0.50167
1.455814 0.50167
1.456223 0.50122
1.456632 0.500669
1.457042 0.500269
1.457451 0.499768
1.457861 0.499317
1.458271 0.499017
1.458682 0.498617
1.459092 0.498216
1.459503 0.497665
1.459914 0.497265
1.460325 0.496814
1.460737 0.496814
1.461148 0.496714
1.46156 0.496013
1.461972 0.495563
1.462385 0.495413
1.462797 0.495313
1.46321 0.495162
1.463623 0.495212
1.464037 0.495112
1.46445 0.495363
1.464864 0.495513
1.465278 0.495463
1.465692 0.495262
1.466107 0.495563
1.466522 0.496164
1.466937 0.496314
1.467352 0.496264
1.467767 0.496714
1.468183 0.497365
1.468599 0.497866
1.469015 0.498266
1.469431 0.498517
1.469848 0.499067
1.470265 0.499618
1.470682 0.500018
1.471099 0.500719
1.471517 0.50137
1.471935 0.50152
1.472353 0.501871
1.472771 0.502521
1.47319 0.503172
1.473608 0.503322
1.474027 0.503573
1.474447 0.504174
1.474866 0.504724
1.475286 0.505275
1.475706 0.505525
1.476126 0.506126
1.476546 0.506176
1.476967 0.506526
1.477388 0.507027
1.477809 0.507428
1.47823 0.507678
1.478652 0.507878
1.479074 0.508078
1.479496 0.508679
1.479918 0.508929
1.480341 0.50928
1.480764 0.50983
1.481187 0.510131
1.48161 0.510481
1.482034 0.510982
1.482458 0.511332
1.482882 0.511483
1.483306 0.511533
1.48373 0.512334
1.484155 0.512534
1.48458 0.512334
1.485006 0.512434
1.485431 0.512834
1.485857 0.513235
1.486283 0.513385
1.486709 0.513685
1.487135 0.513635
1.487562 0.513635
1.487989 0.514086
1.488416 0.514386
1.488844 0.514436
1.489271 0.514336
1.489699 0.514486
1.490128 0.514586
1.490556 0.514937
1.490985 0.515337
1.491414 0.515487
1.491843 0.515838
1.492272 0.516038
1.492702 0.516088
1.493132 0.516339
1.493562 0.516439
1.493993 0.516288
1.494423 0.516689
1.494854 0.517089
1.495285 0.51719
1.495717 0.51729
1.496148 0.51714
1.49658 0.51719
1.497012 0.51739
1.497445 0.51779
1.497877 0.51789
1.49831 0.518041
1.498744 0.518341
1.499177 0.518641
1.499611 0.518691
1.500045 0.518842
1.500479 0.519042
1.500913 0.519392
1.501348 0.519492
1.501783 0.519543
1.502218 0.519543
1.502653 0.519693
1.503089 0.520043
1.503525 0.520093
1.503961 0.520143
1.504398 0.520243
1.504834 0.520544
1.505271 0.520844
1.505709 0.520744
1.506146 0.520944
1.506584 0.521145
1.507022 0.521295
1.50746 0.521545
1.507898 0.521445
1.508337 0.521345
1.508776 0.521545
1.509215 0.521395
1.509655 0.521745
1.510094 0.522096
1.510534 0.522196
1.510975 0.522446
1.511415 0.522496
1.511856 0.522546
1.512297 0.522847
1.512738 0.522897
1.51318 0.523047
1.513622 0.523347
1.514064 0.523547
1.514506 0.523447
1.514948 0.523397
1.515391 0.523397
1.515834 0.523247
1.516278 0.523397
1.516721 0.523798
1.517165 0.523948
1.517609 0.524048
1.518054 0.524098
1.518499 0.524098
1.518944 0.524399
1.519389 0.524399
1.519834 0.524298
1.52028 0.524499
1.520726 0.524649
1.521172 0.524899
1.521619 0.524799
1.522065 0.524899
1.522512 0.524799
1.52296 0.524849
1.523407 0.524649
1.523855 0.524899
1.524303 0.525199
1.524751 0.525149
1.5252 0.525199
1.525649 0.524899
1.526098 0.525149
1.526547 0.5258
1.526997 0.526301
1.527447 0.526101
1.527897 0.5258
1.528347 0.52585
1.528798 0.5259
1.529249 0.52595
1.5297 0.526201
1.530152 0.526251
1.530604 0.526201
1.531055 0.526601
1.531508 0.526952
1.53196 0.526952
1.532413 0.526801
1.532866 0.526902
1.53332 0.527202
1.533773 0.527252
1.534227 0.527402
1.534682 0.527502
1.535136 0.527903
1.535591 0.527903
1.536046 0.527803
1.536501 0.528003
1.536956 0.528303
1.537412 0.528253
1.537868 0.528554
1.538324 0.528754
1.538781 0.528804
1.539238 0.529004
1.539695 0.529104
1.540153 0.529355
1.54061 0.529505
1.541068 0.529505
1.541527 0.529455
1.541985 0.529655
1.542444 0.530056
1.542903 0.530406
1.543363 0.530556
1.543822 0.530806
1.544282 0.530907
1.544742 0.530856
1.545203 0.530706
1.545663 0.530907
1.546124 0.531157
1.546586 0.531457
1.547047 0.531557
1.547509 0.531708
1.547971 0.531908
1.548433 0.532058
1.548896 0.532208
1.549359 0.532158
1.549822 0.532308
1.550285 0.532559
1.550749 0.532759
1.551213 0.532909
1.551677 0.533009
1.552142 0.533209
1.552607 0.533209
1.553072 0.53361
1.553537 0.53376
1.554003 0.53366
1.554469 0.53356
1.554935 0.53361
1.555402 0.53401
1.555868 0.534161
1.556336 0.53411
1.556803 0.534261
1.557271 0.534561
1.557738 0.535012
1.558207 0.535112
1.558675 0.535112
1.559144 0.535362
1.559613 0.535412
1.560082 0.535612
1.560552 0.535913
1.561022 0.536063
1.561492 0.536063
1.561963 0.536213
1.562433 0.536263
1.562905 0.536213
1.563376 0.536514
1.563848 0.536664
1.564319 0.536864
1.564792 0.537064
1.565264 0.537164
1.565737 0.537014
1.56621 0.537164
1.566683 0.537314
1.567156 0.537465
1.56763 0.537515
1.568105 0.537465
1.568579 0.537715
1.569054 0.538065
1.569529 0.538116
1.570004 0.538466
1.57048 0.538666
1.570956 0.538566
1.571432 0.538416
1.571908 0.538516
1.572385 0.539017
1.572862 0.539217
1.57334 0.539117
1.573817 0.539167
1.574295 0.539317
1.574773 0.539467
1.575252 0.539567
1.575731 0.539768
1.57621 0.539818
1.576689 0.539868
1.577169 0.540018
1.577649 0.540218
1.578129 0.540368
1.57861 0.540318
1.57909 0.540568
1.579572 0.540669
1.580053 0.540619
1.580535 0.540719
1.581017 0.540819
1.581499 0.540769
1.581982 0.540869
1.582465 0.540969
1.582948 0.541219
1.583431 0.541369
1.583915 0.54147
1.584399 0.54147
1.584884 0.54167
1.585368 0.54172
1.585853 0.54182
1.586339 0.542221
1.586824 0.542321
1.58731 0.542571
1.587796 0.542471
1.588283 0.542321
1.588769 0.542371
1.589256 0.542471
1.589744 0.542521
1.590231 0.542521
1.590719 0.542871
1.591208 0.543122
1.591696 0.543322
1.592185 0.543372
1.592674 0.543272
1.593163 0.543222
1.593653 0.543422
1.594143 0.543722
1.594634 0.543672
1.595124 0.543772
1.595615 0.544073
1.596107 0.544173
1.596598 0.544373
1.59709 0.544473
1.597582 0.544523
1.598075 0.544523
1.598568 0.544774
1.599061 0.544724
1.599554 0.544824
1.600048 0.545224
1.600542 0.545475
1.601036 0.545374
1.60153 0.545224
1.602025 0.545425
1.602521 0.545725
1.603016 0.545875
1.603512 0.545975
1.604008 0.546175
1.604505 0.546376
1.605001 0.546526
1.605498 0.546626
1.605996 0.546776
1.606493 0.546726
1.606991 0.546926
1.60749 0.547277
1.607988 0.547327
1.608487 0.547277
1.608986 0.547327
1.609486 0.547427
1.609986 0.547527
1.610486 0.547627
1.610986 0.547878
1.611487 0.548078
1.611988 0.548078
1.61249 0.548178
1.612991 0.548378
1.613493 0.548478
1.613996 0.548578
1.614498 0.548578
1.615001 0.548679
1.615505 0.548829
1.616008 0.549029
1.616512 0.549229
1.617016 0.549229
1.617521 0.549379
1.618026 0.549479
1.618531 0.54973
1.619036 0.55003
1.619542 0.54998
1.620048 0.55008
1.620554 0.55018
1.621061 0.55018
1.621568 0.55013
1.622076 0.55018
1.622583 0.550531
1.623091 0.550781
1.6236 0.550931
1.624108 0.551081
1.624617 0.551132
1.625127 0.551132
1.625636 0.551081
1.626146 0.551282
1.626656 0.551632
1.627167 0.551832
1.627678 0.551933
1.628189 0.551832
1.628701 0.551782
1.629212 0.551883
1.629725 0.552283
1.630237 0.552383
1.63075 0.552433
1.631263 0.552684
1.631777 0.552633
1.63229 0.552583
1.632804 0.552633
1.633319 0.552834
1.633834 0.553184
1.634349 0.553434
1.634864 0.553535
1.63538 0.553234
1.635896 0.553184
1.636412 0.553334
1.636929 0.553334
1.637446 0.553635
1.637964 0.553835
1.638481 0.553885
1.638999 0.554185
1.639518 0.554285
1.640036 0.554285
1.640555 0.554135
1.641075 0.554336
1.641594 0.554536
1.642114 0.554636
1.642634 0.554686
1.643155 0.554586
1.643676 0.554536
1.644197 0.554636
1.644719 0.554736
1.645241 0.554836
1.645763 0.554986
1.646286 0.555237
1.646809 0.555237
1.647332 0.555137
1.647856 0.555237
1.64838 0.555287
1.648904 0.555237
1.649429 0.555287
1.649953 0.555387
1.650479 0.555487
1.651004 0.555487
1.651531 0.555437
1.652057 0.555487
1.652583 0.555587
1.65311 0.555787
1.653638 0.555737
1.654165 0.555787
1.654693 0.555887
1.655222 0.555937
1.65575 0.555837
1.656279 0.555837
1.656809 0.555837
1.657338 0.555787
1.657868 0.555937
1.658399 0.556038
1.658929 0.556038
1.65946 0.555937
1.659992 0.556088
1.660523 0.556388
1.661055 0.556388
1.661588 0.556538
1.662121 0.556488
1.662654 0.556488
1.663187 0.556638
1.663721 0.556538
1.664255 0.556538
1.664789 0.556538
1.665324 0.556688
1.665859 0.556789
1.666395 0.556588
1.666931 0.556738
1.667467 0.556839
1.668003 0.556939
1.66854 0.556839
1.669077 0.557089
1.669615 0.557139
1.670153 0.556989
1.670691 0.557039
1.671229 0.556989
1.671769 0.557139
1.672308 0.557439
1.672847 0.55774
1.673387 0.55779
1.673928 0.557489
1.674468 0.557239
1.675009 0.557389
1.675551 0.557539
1.676093 0.55774
1.676635 0.55784
1.677177 0.55794
1.67772 0.55789
1.678263 0.55779
1.678806 0.55774
1.67935 0.55789
1.679894 0.55819
1.680439 0.55834
1.680984 0.55829
1.681529 0.55834
1.682074 0.558541
1.682621 0.558591
1.683167 0.558591
1.683714 0.558591
1.68426 0.558741
1.684808 0.558891
1.685356 0.558991
1.685904 0.559192
1.686452 0.559292
1.687001 0.559542
1.68755 0.559542
1.6881 0.559592
1.68865 0.559692
1.6892 0.559842
1.689751 0.559842
1.690302 0.559792
1.690853 0.559742
1.691405 0.559942
1.691957 0.560093
1.692509 0.560193
1.693061 0.560193
1.693615 0.560143
1.694168 0.560193
1.694722 0.560243
1.695276 0.560543
1.695831 0.560493
1.696385 0.560543
1.696941 0.560693
1.697497 0.560543
1.698053 0.560343
1.698609 0.560443
1.699166 0.560693
1.699723 0.560994
1.70028 0.561194
1.700838 0.560944
1.701396 0.560844
1.701955 0.560693
1.702514 0.560443
1.703073 0.560593
1.703633 0.560743
1.704193 0.560643
1.704753 0.560844
1.705314 0.560794
1.705875 0.560743
1.706436 0.560593
1.706998 0.560493
1.707561 0.560443
1.708123 0.560393
1.708686 0.560443
1.70925 0.560293
1.709813 0.560143
1.710377 0.559993
1.710942 0.560093
1.711507 0.560093
1.712072 0.560093
1.712638 0.560043
1.713204 0.559942
1.71377 0.559993
1.714337 0.560193
1.714904 0.559892
1.715471 0.559592
1.716039 0.559592
1.716607 0.559592
1.717176 0.559492
1.717745 0.559442
1.718314 0.559442
1.718884 0.559442
1.719454 0.559492
1.720024 0.559542
1.720595 0.559442
1.721167 0.559342
1.721738 0.559142
1.72231 0.559041
1.722883 0.558891
1.723455 0.558941
1.724029 0.559192
1.724602 0.559091
1.725176 0.558991
1.72575 0.558941
1.726325 0.558991
1.7269 0.558841
1.727476 0.558691
1.728051 0.558791
1.728628 0.558741
1.729204 0.558541
1.729781 0.558491
1.730358 0.558441
1.730936 0.55834
1.731514 0.558441
1.732093 0.55829
1.732672 0.55819
1.733251 0.55799
1.733831 0.55809
1.734411 0.55819
1.734991 0.55789
1.735572 0.557489
1.736153 0.557489
1.736735 0.557439
1.737317 0.557339
1.7379 0.557339
1.738482 0.557289
1.739066 0.557289
1.739649 0.557189
1.740233 0.557089
1.740817 0.556939
1.741402 0.556789
1.741987 0.556989
1.742573 0.557139
1.743159 0.557039
1.743745 0.556588
1.744332 0.556338
1.744919 0.556438
1.745506 0.556388
1.746094 0.556238
1.746683 0.556138
1.747271 0.555988
1.74786 0.555787
1.74845 0.555637
1.74904 0.555587
1.74963 0.555437
1.750221 0.555337
1.750812 0.555337
1.751403 0.555337
1.751995 0.555187
1.752588 0.554886
1.75318 0.554686
1.753773 0.554686
1.754367 0.554636
1.754961 0.554586
1.755555 0.554486
1.75615 0.554386
1.756745 0.554285
1.75734 0.554135
1.757936 0.554185
1.758533 0.554235
1.759129 0.554035
1.759726 0.553585
1.760324 0.553384
1.760922 0.553484
1.76152 0.553535
1.762119 0.553535
1.762718 0.553384
1.763318 0.553184
1.763918 0.553134
1.764518 0.553234
1.765119 0.553134
1.76572 0.553134
1.766322 0.553034
1.766924 0.553034
1.767526 0.552934
1.768129 0.552684
1.768732 0.552784
1.769336 0.552684
1.76994 0.552784
1.770545 0.552583
1.771149 0.552333
1.771755 0.552283
1.77236 0.552383
1.772967 0.552383
1.773573 0.552383
1.77418 0.552433
1.774787 0.552233
1.775395 0.551983
1.776004 0.551933
1.776612 0.552083
1.777221 0.551983
1.777831 0.551682
1.778441 0.551632
1.779051 0.551732
1.779662 0.551732
1.780273 0.551682
1.780884 0.551682
1.781496 0.551632
1.782109 0.551532
1.782721 0.551382
1.783335 0.551182
1.783948 0.551031
1.784562 0.550981
1.785177 0.550981
1.785792 0.550881
1.786407 0.550781
1.787023 0.550631
1.787639 0.550531
1.788256 0.550331
1.788873 0.55013
1.789491 0.55008
1.790108 0.55013
1.790727 0.55003
1.791346 0.54973
1.791965 0.54968
1.792585 0.54963
1.793205 0.549379
1.793825 0.549329
1.794446 0.549229
1.795067 0.549229
1.795689 0.549229
1.796311 0.549079
1.796934 0.548879
1.797557 0.548628
1.79818 0.548478
1.798804 0.548378
1.799429 0.548028
1.800053 0.547827
1.800679 0.547777
1.801304 0.547577
1.801931 0.547577
1.802557 0.547677
1.803184 0.547727
1.803812 0.547477
1.804439 0.547327
1.805068 0.546976
1.805696 0.546776
1.806326 0.546676
1.806955 0.546676
1.807585 0.546476
1.808216 0.546276
1.808847 0.546175
1.809478 0.545975
1.81011 0.545725
1.810742 0.545625
1.811375 0.545374
1.812008 0.545224
1.812641 0.545274
1.813275 0.545374
1.81391 0.545174
1.814545 0.544724
1.81518 0.544273
1.815816 0.544273
1.816452 0.544573
1.817089 0.544573
1.817726 0.544273
1.818363 0.544223
1.819001 0.544073
1.81964 0.543172
1.820279 0.542421
1.820918 0.542621
1.821558 0.542721
1.822199 0.542771
1.822839 0.543022
1.82348 0.542971
1.824122 0.542871
1.824764 0.542821
1.825406 0.54192
1.826049 0.540819
1.826693 0.54147
1.827337 0.54212
1.827981 0.54162
1.828626 0.541219
1.829271 0.541219
1.829917 0.540919
1.830563 0.540268
1.83121 0.540218
1.831857 0.540619
1.832504 0.540518
1.833152 0.540568
1.833801 0.540318
1.83445 0.539317
1.835099 0.538816
1.835749 0.538316
1.836399 0.538116
1.83705 0.538065
1.837701 0.537815
1.838353 0.538616
1.839005 0.538065
1.839658 0.536864
1.840311 0.537264
1.840964 0.537014
1.841618 0.535763
1.842272 0.536313
1.842927 0.537014
1.843583 0.537014
1.844238 0.536814
1.844895 0.536714
1.845551 0.536163
1.846209 0.534561
1.846867 0.533209
1.847525 0.53336
1.848184 0.53346
1.848843 0.53411
1.849502 0.534261
1.850162 0.53401
1.850823 0.53376
1.851484 0.53341
1.852145 0.532508
1.852807 0.531357
1.853469 0.530106
1.854132 0.530056
1.854796 0.530506
1.855459 0.530156
1.856124 0.528654
1.856789 0.527953
1.857454 0.528103
1.85812 0.527653
1.858786 0.526151
1.859453 0.524148
1.86012 0.523848
1.860788 0.523898
1.861456 0.523648
1.862124 0.522847
1.862794 0.521845
1.863463 0.520243
1.864133 0.518792
1.864804 0.517991
1.865475 0.516989
1.866146 0.515538
1.866818 0.513385
1.867491 0.510982
1.868164 0.510031
1.868837 0.50903
1.869511 0.507077
1.870185 0.504224
1.87086 0.50147
1.871536 0.500719
1.872212 0.498416
1.872888 0.494862
1.873565 0.49316
1.874242 0.491858
1.87492 0.489305
1.875599 0.486802
1.876277 0.483698
1.876957 0.480194
1.877637 0.477891
1.878317 0.474837
1.878998 0.471133
1.879679 0.467428
1.880361 0.463473
1.881043 0.459268
1.881726 0.454863
1.882409 0.450007
1.883093 0.44475
1.883777 0.438943
1.884462 0.433686
1.885147 0.428129
1.885833 0.421722
1.886519 0.414713
1.887206 0.408055
1.887893 0.401096
1.888581 0.393837
1.889269 0.386077
1.889958 0.378318
1.890647 0.371459
1.891337 0.364551
1.892027 0.357843
1.892718 0.351785
1.893409 0.345677
1.894101 0.340271
1.894793 0.335515
1.895486 0.33116
1.896179 0.327155
1.896873 0.3237
1.897568 0.320847
1.898262 0.318644
1.898958 0.316541
1.899654 0.31529
1.90035 0.31504
1.901047 0.31524
1.901744 0.31529
1.902442 0.31524
1.90314 0.316391
1.903839 0.317893
1.904539 0.318794
1.905239 0.320046
1.905939 0.321898
1.90664 0.323901
1.907342 0.326604
1.908044 0.329157
1.908746 0.33176
1.909449 0.334364
1.910153 0.336817
1.910857 0.33937
1.911561 0.342373
1.912266 0.345577
1.912972 0.348181
1.913678 0.351034
1.914385 0.354488
1.915092 0.357742
1.9158 0.360696
1.916508 0.36375
1.917217 0.366854
1.917926 0.370008
1.918636 0.373011
1.919346 0.375414
1.920057 0.377867
1.920768 0.381121
1.92148 0.384926
1.922193 0.38798
1.922906 0.390433
1.92362 0.392836
1.924333 0.395639
1.925048 0.398393
1.925763 0.400796
1.926479 0.402998
1.927195 0.405351
1.927912 0.407354
1.928629 0.409707
1.929346 0.41211
1.930065 0.413912
1.930784 0.415914
1.931503 0.418017
1.932223 0.419919
1.932943 0.421571
1.933664 0.423173
1.934386 0.424875
1.935108 0.426277
1.93583 0.427479
1.936554 0.42883
1.937277 0.430232
1.938002 0.431484
1.938726 0.432635
1.939452 0.433887
1.940177 0.435238
1.940904 0.43634
1.941631 0.437341
1.942358 0.438392
1.943086 0.439293
1.943815 0.439944
1.944544 0.440745
1.945274 0.441846
1.946004 0.442647
1.946735 0.443248
1.947466 0.443799
1.948198 0.44455
1.94893 0.445401
1.949663 0.446052
1.950397 0.446602
1.951131 0.447003
1.951865 0.447503
1.952601 0.447954
1.953336 0.448505
1.954073 0.449005
1.954809 0.449506
1.955547 0.450157
1.956285 0.450657
1.957023 0.451008
1.957762 0.451458
1.958502 0.451959
1.959242 0.45251
1.959983 0.45296
1.960724 0.453561
1.961466 0.454062
1.962208 0.454462
1.962951 0.454913
1.963695 0.455363
1.964439 0.455864
1.965183 0.456565
1.965929 0.457065
1.966674 0.457516
1.967421 0.458217
1.968168 0.458817
1.968915 0.459268
1.969663 0.459869
1.970412 0.460369
1.971161 0.46102
1.971911 0.461671
1.972661 0.462272
1.973413 0.463023
1.974164 0.463723
1.974916 0.464324
1.975669 0.464975
1.976422 0.465676
1.977176 0.466327
1.97793 0.467028
1.978685 0.467778
1.97944 0.468579
1.980196 0.46938
1.980953 0.470131
1.98171 0.470782
1.982468 0.471533
1.983226 0.472184
1.983986 0.472885
1.984745 0.473936
1.985505 0.474787
1.986266 0.475538
1.987027 0.476239
1.987789 0.47689
1.988552 0.477591
1.989315 0.478492
1.990078 0.479243
1.990842 0.480044
1.991607 0.480795
1.992373 0.481546
1.993139 0.482397
1.993905 0.483248
1.994673 0.484099
1.99544 0.4848
1.996209 0.4854
1.996978 0.486051
1.997747 0.486902
1.998517 0.487803
1.999288 0.488554
2.000059 0.489355
2.000831 0.490006
2.001604 0.490657
2.002377 0.491408
2.003151 0.492259
2.003925 0.49321
2.0047 0.493861
2.005476 0.494612
2.006252 0.495262
2.007029 0.495713
2.007806 0.496063
2.008584 0.496814
2.009362 0.497565
2.010141 0.498166
2.010921 0.498717
2.011701 0.499368
2.012482 0.500118
2.013264 0.500719
2.014046 0.50132
2.014829 0.501821
2.015612 0.502221
2.016396 0.502622
2.01718 0.503272
2.017966 0.503823
2.018752 0.504274
2.019538 0.504824
2.020325 0.505225
2.021113 0.505725
2.021901 0.506326
2.02269 0.506777
2.023479 0.507127
2.02427 0.507778
2.02506 0.508529
2.025852 0.508779
2.026644 0.50913
2.027436 0.509881
2.028229 0.510331
2.029023 0.510732
2.029818 0.511082
2.030613 0.511533
2.031409 0.512033
2.032204 0.512284
2.033001 0.512534
2.033799 0.512984
2.034597 0.513535
2.035396 0.513885
2.036195 0.514086
2.036996 0.514186
2.037796 0.514586
2.038598 0.514937
2.0394 0.515187
2.040203 0.515387
2.041006 0.515588
2.04181 0.515938
2.042614 0.516038
2.043419 0.516038
2.044225 0.516238
2.045032 0.516539
2.045839 0.516789
2.046646 0.516889
2.047455 0.516939
2.048264 0.516989
2.049073 0.51719
2.049883 0.51729
2.050694 0.51749
2.051505 0.51769
2.052317 0.51784
2.05313 0.517941
2.053944 0.51789
2.054758 0.518091
2.055573 0.518141
2.056388 0.518191
2.057204 0.518291
2.058021 0.518291
2.058838 0.518241
2.059656 0.518241
2.060475 0.518241
2.061294 0.518091
2.062114 0.518191
2.062935 0.518291
2.063756 0.518341
2.064577 0.518241
2.0654 0.518241
2.066223 0.518291
2.067047 0.518241
2.067871 0.518091
2.068696 0.518041
2.069522 0.518041
2.070349 0.51789
2.071176 0.51769
2.072004 0.51744
2.072833 0.51729
2.073662 0.517089
2.074492 0.516839
2.075322 0.516589
2.076153 0.516188
2.076985 0.515888
2.077817 0.515588
2.07865 0.515337
2.079484 0.514987
2.080319 0.514386
2.081154 0.513936
2.08199 0.513535
2.082826 0.513185
2.083663 0.512784
2.084501 0.512484
2.08534 0.512183
2.086179 0.511983
2.087018 0.511883
2.087859 0.511833
2.0887 0.511533
2.089542 0.511382
2.090385 0.511282
2.091228 0.511232
2.092072 0.511282
2.092917 0.511332
2.093762 0.511382
2.094608 0.511432
2.095454 0.511432
2.096302 0.511182
2.09715 0.511182
2.097999 0.511332
2.098848 0.511332
2.099698 0.511132
2.100549 0.511182
2.1014 0.511182
2.102252 0.511232
2.103105 0.511382
2.103959 0.511382
2.104813 0.511232
2.105668 0.510982
2.106524 0.510882
2.10738 0.510882
2.108237 0.510682
2.109094 0.510381
2.109953 0.510181
2.110812 0.510131
2.111672 0.510131
2.112532 0.510081
2.113394 0.509981
2.114255 0.509931
2.115118 0.50978
2.115981 0.50963
2.116845 0.50943
2.11771 0.50918
2.118576 0.50908
2.119442 0.508929
2.120309 0.508629
2.121176 0.508429
2.122045 0.508429
2.122913 0.508379
2.123783 0.508178
2.124654 0.508178
2.125525 0.508279
2.126396 0.508178
2.127269 0.508178
2.128142 0.508128
2.129016 0.508078
2.129891 0.508128
2.130766 0.508329
2.131642 0.508629
2.132519 0.508629
2.133397 0.508879
2.134275 0.50913
2.135154 0.50928
2.136034 0.50958
2.136914 0.509881
2.137795 0.510081
2.138677 0.510231
2.13956 0.510431
2.140444 0.510581
2.141328 0.510581
2.142213 0.510632
2.143099 0.510782
2.143985 0.510932
2.144872 0.511082
2.14576 0.511082
2.146648 0.511082
2.147537 0.511332
2.148427 0.511432
2.149318 0.511432
2.150209 0.511583
2.151101 0.511783
2.151994 0.511473
2.152888 0.511216
2.153783 0.511267
2.154678 0.511164
2.155574 0.510803
2.15647 0.5107
2.157368 0.510958
2.158266 0.511061
2.159165 0.510958
2.160064 0.510442
2.160964 0.510132
2.161865 0.510442
2.162767 0.51039
2.16367 0.510442
2.164573 0.510235
2.165478 0.510132
2.166383 0.509978
2.167288 0.509565
2.168195 0.508998
2.169102 0.509152
2.17001 0.509565
2.170919 0.509668
2.171828 0.509565
2.172739 0.509307
2.17365 0.509359
2.174561 0.509307
2.175474 0.509307
2.176387 0.509255
2.177301 0.509101
2.178216 0.509359
2.179132 0.509823
2.180048 0.510287
2.180965 0.509874
2.181883 0.509616
2.182801 0.509823
2.183721 0.510287
2.184641 0.509978
2.185562 0.510287
2.186484 0.510184
2.187407 0.509823
2.18833 0.509616
2.189254 0.509771
2.190179 0.509823
2.191105 0.509978
2.192032 0.509823
2.192959 0.509616
2.193887 0.50941
2.194816 0.508791
2.195745 0.508843
2.196676 0.508327
2.197607 0.507656
2.198539 0.507863
2.199472 0.507502
2.200405 0.507708
2.201339 0.507708
2.202275 0.507295
2.203211 0.506831
2.204147 0.506883
2.205085 0.50678
2.206023 0.507089
2.206962 0.506986
2.207902 0.50678
2.208843 0.506625
2.209784 0.506419
2.210727 0.505696
2.21167 0.505232
2.212614 0.504768
2.213559 0.505284
2.214504 0.505232
2.215451 0.504974
2.216398 0.504562
2.217346 0.504252
2.218295 0.504097
2.219244 0.504149
2.220195 0.503478
2.221146 0.502756
2.222098 0.502344
2.223051 0.501879
2.224005 0.501054
2.224959 0.500332
2.225914 0.499765
2.226871 0.498836
2.227827 0.498011
2.228785 0.497237
2.229744 0.496721
2.230703 0.49636
2.231663 0.495793
2.232625 0.49538
2.233587 0.494349
2.234549 0.493781
2.235513 0.493575
2.236477 0.493317
2.237442 0.493008
2.238408 0.492956
2.239375 0.492543
2.240343 0.492234
2.241312 0.491976
2.242281 0.491976
2.243252 0.491409
2.244223 0.490996
2.245195 0.49048
2.246168 0.489861
2.247141 0.489397
2.248116 0.489087
2.249091 0.488365
2.250067 0.488004
2.251044 0.48754
2.252022 0.487024
2.253 0.486612
2.25398 0.486096
2.254961 0.485064
2.255942 0.484136
2.256924 0.483414
2.257907 0.482485
2.258891 0.481505
2.259876 0.480473
2.260861 0.479081
2.261847 0.477843
2.262835 0.476657
2.263823 0.475367
2.264812 0.473459
2.265802 0.471963
2.266792 0.470209
2.267784 0.4683
2.268776 0.466031
2.26977 0.463968
2.270764 0.462059
2.271759 0.459893
2.272755 0.457417
2.273752 0.454425
2.27475 0.451073
2.275748 0.44741
2.276747 0.443542
2.277748 0.439261
2.278749 0.434618
2.279751 0.429615
2.280754 0.424044
2.281758 0.418267
2.282763 0.412335
2.283768 0.406507
2.284775 0.400627
2.285782 0.394437
2.286791 0.388608
2.2878 0.382728
2.28881 0.377467
2.289821 0.373495
2.290832 0.369936
2.291845 0.36746
2.292859 0.36648
2.293873 0.366171
2.294889 0.366893
2.295905 0.369111
2.296922 0.371019
2.29794 0.372722
2.29896 0.373908
2.299979 0.374475
2.301001 0.374011
2.302022 0.372051
2.303045 0.368853
2.304068 0.364469
2.305093 0.359001
2.306118 0.352554
2.307145 0.345074
2.308172 0.338317
2.309201 0.332076
2.31023 0.325783
2.31126 0.320419
2.31229 0.316499
2.313322 0.31392
2.314355 0.312888
2.315388 0.313817
2.316423 0.316602
2.317458 0.320058
2.318495 0.324545
2.319532 0.329394
2.32057 0.334294
2.321609 0.339916
2.32265 0.346261
2.323691 0.353121
2.324733 0.360188
2.325776 0.367718
2.32682 0.375455
2.327865 0.382831
2.32891 0.389795
2.329957 0.395572
2.331005 0.400524
2.332053 0.404959
2.333103 0.408983
2.334153 0.412542
2.335205 0.415895
2.336257 0.418783
2.33731 0.42162
2.338365 0.424199
2.33942 0.42652
2.340476 0.428532
2.341533 0.43044
2.342591 0.431833
2.34365 0.432813
2.34471 0.433432
2.345771 0.433948
2.346833 0.433793
2.347896 0.433484
2.34896 0.433122
2.350024 0.432246
2.35109 0.431214
2.352157 0.430079
2.353225 0.429099
2.354293 0.428635
2.355363 0.427913
2.356434 0.427294
2.357505 0.426881
2.358577 0.426417
2.359651 0.426056
2.360726 0.425385
2.361801 0.424766
2.362878 0.423993
2.363955 0.422394
2.365033 0.420692
2.366114 0.418886
2.367194 0.41672
2.368275 0.414038
2.369358 0.411717
2.370441 0.408519
2.371525 0.405114
2.372611 0.401761
2.373697 0.398306
2.374785 0.394798
2.375873 0.391239
2.376962 0.387525
2.378052 0.384379
2.379144 0.381232
2.380236 0.378138
2.38133 0.375455
2.382424 0.373444
2.383519 0.371226
2.384615 0.369317
2.385713 0.367357
2.386811 0.365758
2.387911 0.364469
2.389011 0.363747
2.390113 0.363282
2.391215 0.363334
2.392318 0.363901
2.393423 0.364778
2.394528 0.36648
2.395635 0.369059
2.396743 0.371948
2.397851 0.375249
2.398961 0.378757
2.400071 0.382316
2.401183 0.385875
2.402296 0.389124
2.40341 0.3916
2.404524 0.394076
2.40564 0.396036
2.406757 0.397583
2.407875 0.398718
2.408994 0.399028
2.410113 0.398512
2.411234 0.398254
2.412356 0.397635
2.413479 0.396707
2.414603 0.395366
2.415729 0.394024
2.416855 0.392425
2.417982 0.390723
2.419111 0.388969
2.42024 0.387422
2.421371 0.385565
2.422502 0.383915
2.423635 0.381955
2.424768 0.380304
2.425903 0.379118
2.427038 0.378138
2.428176 0.376951
2.429314 0.376229
2.430453 0.375559
2.431592 0.37494
2.432734 0.374424
2.433876 0.373805
2.435019 0.373031
2.436163 0.372206
2.437308 0.371432
2.438454 0.370865
2.439602 0.3704
2.44075 0.369575
2.4419 0.368544
2.443051 0.367718
2.444203 0.366893
2.445355 0.366377
2.44651 0.365758
2.447665 0.364984
2.448821 0.364108
2.449978 0.363231
2.451137 0.362199
2.452296 0.361168
2.453457 0.359878
2.454618 0.358846
2.455781 0.35766
2.456945 0.356525
2.45811 0.355442
2.459276 0.354565
2.460443 0.353482
2.461612 0.352657
2.462781 0.352296
2.463952 0.351935
2.465123 0.351522
2.466296 0.351625
2.46747 0.351367
2.468645 0.351522
2.469821 0.35178
2.470998 0.352141
2.472176 0.35245
2.473356 0.353018
2.474536 0.353688
2.475718 0.35441
2.476901 0.354823
2.478085 0.354875
2.47927 0.354823
2.480456 0.355184
2.481644 0.355597
2.482832 0.355545
2.484022 0.355133
2.485213 0.355133
2.486404 0.354875
2.487597 0.354256
2.488792 0.35374
2.489987 0.353327
2.491184 0.352811
2.492381 0.352347
2.493581 0.351883
2.494781 0.351574
2.495982 0.351109
2.497184 0.3508
2.498387 0.350645
2.499592 0.350232
2.500798 0.349923
2.502005 0.349768
2.503213 0.349562
2.504422 0.349304
2.505633 0.34884
2.506844 0.348633
2.508057 0.348324
2.509271 0.34786
2.510486 0.34688
2.511703 0.346261
2.51292 0.345693
2.514138 0.344868
2.515358 0.344146
2.516579 0.34363
2.517802 0.343217
2.519025 0.342908
2.52025 0.342856
2.521476 0.342753
2.522703 0.34198
2.523931 0.341567
2.52516 0.341257
2.526391 0.340896
2.527622 0.340587
2.528856 0.340071
2.53009 0.339349
2.531325 0.338885
2.532562 0.338524
2.5338 0.338575
2.535039 0.337853
2.536279 0.337337
2.53752 0.337595
2.538763 0.337492
2.540007 0.336821
2.541252 0.335687
2.542498 0.334346
2.543746 0.334397
2.544994 0.334397
2.546244 0.333623
2.547495 0.332282
2.548748 0.331767
2.550002 0.330787
2.551256 0.329394
2.552513 0.328311
2.553771 0.32862
2.555029 0.328569
2.556289 0.32795
2.55755 0.327331
2.558813 0.326196
2.560076 0.323565
2.561341 0.32176
2.562607 0.321554
2.563875 0.321554
2.565143 0.32274
2.566413 0.32341
2.567684 0.321966
2.568957 0.319851
2.57023 0.319851
2.571505 0.319851
2.572781 0.317169
2.574058 0.317633
2.575337 0.317633
2.576617 0.316499
2.577898 0.317221
2.579181 0.317272
2.580465 0.315312
2.58175 0.314487
2.583036 0.311908
2.584324 0.312424
2.585613 0.313713
2.586903 0.312321
2.588195 0.312424
2.589488 0.31294
2.590782 0.313198
2.592077 0.311341
2.593373 0.304996
2.594671 0.301076
2.595971 0.306492
2.597271 0.310154
2.598573 0.310361
2.599876 0.309174
2.601181 0.307627
2.602487 0.306544
2.603794 0.304429
2.605102 0.302417
2.606412 0.303707
2.607723 0.304532
2.609035 0.304068
2.610349 0.304377
2.611664 0.304068
2.612981 0.302778
2.614299 0.302056
2.615618 0.298445
2.616938 0.29664
2.61826 0.297826
2.619583 0.295196
2.620907 0.29566
2.622233 0.297672
2.62356 0.296846
2.624888 0.294319
2.626217 0.291276
2.627548 0.291843
2.628881 0.289574
2.630215 0.286479
2.63155 0.288387
2.632886 0.287768
2.634224 0.286427
2.635564 0.286272
2.636904 0.285241
2.638246 0.283745
2.63959 0.282146
2.640934 0.280134
2.64228 0.278381
2.643628 0.27673
2.644976 0.273893
2.646327 0.272449
2.647678 0.271469
2.649031 0.26987
2.650386 0.267188
2.651741 0.263525
2.653098 0.261514
2.654457 0.259554
2.655817 0.257336
2.657177 0.25553
2.65854 0.251868
2.659904 0.248722
2.66127 0.246143
2.662637 0.242842
2.664005 0.236807
2.665375 0.231288
2.666745 0.227935
2.668118 0.225562
2.669492 0.218857
2.670867 0.215194
2.672244 0.214266
2.673622 0.209727
2.675002 0.203331
2.676383 0.196883
2.677765 0.192035
2.67915 0.186825
2.680535 0.182699
2.681922 0.176973
2.68331 0.170629
2.6847 0.165006
2.68609 0.159333
2.687483 0.153607
2.688877 0.147985
2.690272 0.142105
2.691669 0.136018
2.693067 0.129261
2.694467 0.123845
2.695868 0.118893
2.69727 0.113581
2.698674 0.107442
2.70008 0.100685
2.701487 0.093619
2.702896 0.086501
2.704306 0.07866
2.705717 0.070665
2.70713 0.062413
2.708544 0.054366
2.70996 0.047093
2.711378 0.041522
2.712797 0.037551
2.714217 0.03492
2.715639 0.033269
2.717062 0.032289
2.718487 0.031516
2.719913 0.030587
2.721341 0.031155
2.72277 0.032754
2.7242 0.034559
2.725633 0.036777
2.727067 0.038531
2.728502 0.03982
2.729939 0.040336
2.731377 0.040646
2.732817 0.041264
2.734258 0.041883
2.735701 0.042967
2.737146 0.043276
2.738592 0.04276
2.740039 0.04276
2.741488 0.04374
2.742939 0.044669
2.744391 0.044927
2.745844 0.045081
2.747299 0.045494
2.748756 0.0457
2.750214 0.045804
2.751674 0.045958
2.753135 0.046165
2.754598 0.045804
2.756062 0.046319
2.757528 0.047248
2.758996 0.047712
2.760465 0.04797
2.761936 0.04797
2.763408 0.048434
2.764882 0.049259
2.766357 0.049621
2.767834 0.049827
2.769313 0.049775
2.770793 0.04993
2.772275 0.050394
2.773758 0.050601
2.775243 0.050858
2.77673 0.051116
2.778218 0.051374
2.779707 0.051787
2.781199 0.052096
2.782691 0.052303
2.784185 0.052612
2.785681 0.052612
2.787179 0.052767
2.788678 0.053334
2.790179 0.053799
2.791682 0.05416
2.793186 0.054469
2.794692 0.054624
2.7962 0.054985
2.797709 0.055501
2.799219 0.05581
2.800731 0.056068
2.802245 0.056171
2.803761 0.056584
2.805278 0.057151
2.806797 0.057719
2.808318 0.057977
2.80984 0.058389
2.811363 0.05875
2.812889 0.058802
2.814416 0.05875
2.815945 0.05906
2.817475 0.059215
2.819007 0.059266
2.82054 0.059318
2.822076 0.059524
2.823613 0.059627
2.825152 0.05973
2.826692 0.05973
2.828234 0.059679
2.829778 0.059679
2.831324 0.05973
2.832871 0.05973
2.83442 0.059679
2.835971 0.059679
2.837523 0.05973
2.839077 0.05973
2.840632 0.059834
2.84219 0.059937
2.843749 0.05973
2.84531 0.059679
2.846872 0.059679
2.848437 0.059576
2.850003 0.059524
2.85157 0.059421
2.85314 0.059266
2.854711 0.059111
2.856283 0.059111
2.857857 0.05906
2.859434 0.058905
2.861012 0.058802
2.862592 0.05875
2.864173 0.058492
2.865757 0.058389
2.867342 0.058544
2.868929 0.058544
2.870517 0.058235
2.872108 0.058131
2.873699 0.058028
2.875293 0.057977
2.876889 0.057925
2.878486 0.057977
2.880085 0.058028
2.881686 0.058235
2.883289 0.058544
2.884893 0.058905
2.886499 0.05906
2.888107 0.059111
2.889717 0.059266
2.891329 0.059318
2.892942 0.059421
2.894558 0.059782
2.896175 0.059937
2.897794 0.059988
2.899415 0.060143
2.901037 0.060504
2.902662 0.06071
2.904288 0.060917
2.905916 0.061175
2.907546 0.061484
2.909178 0.061845
2.910811 0.062
2.912446 0.062155
2.914083 0.062361
2.915722 0.06267
2.917363 0.062877
2.919006 0.063032
2.92065 0.063289
2.922296 0.063496
2.923944 0.063857
2.925594 0.064269
2.927246 0.064476
2.9289 0.064682
2.930556 0.065146
2.932213 0.065559
2.933873 0.06592
2.935534 0.066384
2.937198 0.0669
2.938863 0.067364
2.94053 0.067725
2.942199 0.068241
2.943869 0.068757
2.945542 0.069221
2.947217 0.069737
2.948893 0.070253
2.950572 0.070665
2.952252 0.071078
2.953934 0.071594
2.955618 0.072264
2.957304 0.072832
2.958992 0.073451
2.960681 0.073915
2.962373 0.074276
2.964067 0.07474
2.965763 0.075308
2.96746 0.075772
2.96916 0.076236
2.970861 0.076907
2.972565 0.07768
2.974271 0.078196
2.975978 0.078609
2.977687 0.079073
2.979398 0.079692
2.981112 0.080363
2.982827 0.081033
2.984544 0.081652
2.986264 0.082271
2.987985 0.082993
2.989709 0.083767
2.991434 0.084334
2.993161 0.085005
2.99489 0.08583
2.996621 0.086449
2.998354 0.087017
3.000089 0.087635
3.001826 0.088306
3.003565 0.088925
3.005306 0.089647
3.00705 0.090369
3.008795 0.091143
3.010542 0.09171
3.012291 0.092278
3.014043 0.092845
3.015796 0.093413
3.017552 0.09398
3.019309 0.094599
3.021069 0.095218
3.02283 0.095785
3.024594 0.096404
3.02636 0.097178
3.028127 0.097848
3.029897 0.098261
3.031669 0.098932
3.033443 0.099705
3.035219 0.100221
3.036998 0.100789
3.038778 0.101356
3.04056 0.101872
3.042344 0.102439
3.04413 0.102955
3.045919 0.103419
3.047709 0.103987
3.049502 0.104451
3.051297 0.104915
3.053094 0.105379
3.054893 0.105792
3.056694 0.106205
3.058498 0.106669
3.060303 0.10703
3.062111 0.107494
3.063921 0.10801
3.065733 0.108474
3.067547 0.108784
3.069363 0.109145
3.071181 0.109712
3.073001 0.110073
3.074824 0.110434
3.076649 0.110898
3.078476 0.111363
3.080305 0.111878
3.082136 0.112291
3.08397 0.112755
3.085805 0.113374
3.087644 0.113993
3.089484 0.114406
3.091326 0.114922
3.093171 0.115644
3.095017 0.116417
3.096866 0.117088
3.098717 0.117655
3.10057 0.118326
3.102426 0.1191
3.104284 0.119925
3.106144 0.120802
3.108006 0.121627
3.109871 0.122401
3.111737 0.123329
3.113606 0.124258
3.115477 0.125186
3.11735 0.126011
3.119226 0.12694
3.121104 0.127972
3.122984 0.129055
3.124866 0.130086
3.126751 0.131118
3.128638 0.132304
3.130527 0.133439
3.132419 0.134625
3.134313 0.13576
3.136209 0.136947
3.138108 0.138236
3.140008 0.139422
3.141912 0.140609
3.143817 0.141795
3.145725 0.142878
3.147635 0.144168
3.149547 0.145303
3.151462 0.146489
3.153378 0.147933
3.155298 0.14912
3.157219 0.150203
3.159143 0.151441
3.16107 0.152679
3.162998 0.153917
3.164929 0.155103
3.166862 0.156289
3.168798 0.157579
3.170736 0.158868
3.172677 0.160106
3.174619 0.161344
3.176565 0.162582
3.178513 0.163768
3.180463 0.165006
3.182415 0.166244
3.18437 0.167328
3.186327 0.168462
3.188287 0.169649
3.190248 0.170783
3.192213 0.171918
3.19418 0.173053
3.196149 0.174085
3.198121 0.175168
3.200095 0.176303
3.202072 0.177334
3.204051 0.178211
3.206032 0.179191
3.208016 0.180326
3.210002 0.181254
3.211991 0.182131
3.213982 0.183214
3.215976 0.184194
3.217972 0.18502
3.219971 0.186
3.221972 0.187031
3.223976 0.18796
3.225982 0.18894
3.227991 0.189817
3.230002 0.190539
3.232016 0.19157
3.234032 0.192499
3.236051 0.193273
3.238072 0.193995
3.240096 0.194717
3.242123 0.195491
3.244152 0.196213
3.246183 0.196986
3.248217 0.197812
3.250253 0.198534
3.252293 0.199204
3.254334 0.199875
3.256378 0.200494
3.258425 0.201113
3.260474 0.20168
3.262526 0.202144
3.26458 0.20266
3.266638 0.203176
3.268697 0.203537
3.27076 0.203898
3.272825 0.204362
3.274892 0.204775
3.276962 0.205136
3.279035 0.2056
3.28111 0.206116
3.283188 0.20658
3.285269 0.206941
3.287352 0.207303
3.289438 0.207767
3.291526 0.208283
3.293617 0.208798
3.295711 0.209417
3.297807 0.210191
3.299906 0.211068
3.302008 0.211996
3.304113 0.212822
3.30622 0.213647
3.30833 0.214421
3.310443 0.215246
3.312558 0.216278
3.314676 0.217258
3.316797 0.218134
3.31892 0.21896
3.321046 0.219682
3.323175 0.220249
3.325307 0.220868
3.327442 0.221642
3.329579 0.222364
3.331719 0.222931
3.333861 0.223293
3.336007 0.223705
3.338155 0.224221
3.340306 0.224634
3.342458 0.224943
3.344615 0.224943
3.346774 0.225149
3.348936 0.225407
3.351101 0.225614
3.353268 0.225872
3.355439 0.226181
3.357612 0.226697
3.359789 0.227574
3.361968 0.228399
3.364149 0.229276
3.366334 0.230307
3.368521 0.231184
3.370711 0.231855
3.372904 0.232525
3.3751 0.233093
3.3773 0.23366
3.379501 0.234279
3.381706 0.23495
3.383913 0.235672
3.386123 0.236394
3.388336 0.237116
3.390553 0.237787
3.392771 0.238354
3.394992 0.23887
3.397217 0.239386
3.399445 0.239747
3.401675 0.239953
3.403909 0.240108
3.406146 0.24052
3.408385 0.241036
3.410627 0.241707
3.412873 0.242635
3.415121 0.243718
3.417372 0.244853
3.419626 0.246091
3.421884 0.247535
3.424144 0.249031
3.426407 0.250579
3.428673 0.252126
3.430943 0.253261
3.433215 0.254344
3.43549 0.255324
3.437768 0.256149
3.440049 0.257026
3.442333 0.257955
3.444621 0.25878
3.446911 0.259708
3.449204 0.26074
3.4515 0.261669
3.4538 0.262442
3.456102 0.263164
3.458408 0.263835
3.460716 0.264454
3.463028 0.26497
3.465343 0.265537
3.467662 0.266208
3.469983 0.266827
3.472307 0.267497
3.474634 0.268271
3.476965 0.269045
3.479298 0.270025
3.481635 0.271108
3.483975 0.272139
3.486317 0.273068
3.488663 0.273996
3.491012 0.274718
3.493365 0.275337
3.49572 0.275905
3.498079 0.276421
3.500441 0.276936
3.502806 0.277813
3.505175 0.279
3.507547 0.280237
3.509921 0.281527
3.512299 0.282765
3.514681 0.284003
3.517065 0.285241
3.519453 0.286427
3.521844 0.287356
3.524238 0.288233
3.526636 0.289058
3.529036 0.289883
3.53144 0.290605
3.533848 0.291327
3.536258 0.292101
3.538672 0.292617
3.541089 0.293287
3.543509 0.29401
3.545932 0.294629
3.548359 0.295247
3.55079 0.295815
3.553223 0.296279
3.55566 0.296795
3.558101 0.297414
3.560545 0.298084
3.562992 0.2986
3.565443 0.299116
3.567896 0.299632
3.570354 0.300251
3.572814 0.300663
3.575278 0.301231
3.577746 0.301798
3.580216 0.302314
3.582691 0.30283
3.585169 0.303294
3.58765 0.303707
3.590135 0.304119
3.592623 0.304429
3.595114 0.304738
3.597609 0.305203
3.600107 0.305667
3.602608 0.305976
3.605114 0.306337
3.607622 0.30675
3.610135 0.307059
3.61265 0.307266
3.61517 0.307524
3.617692 0.307782
3.620219 0.308039
3.622749 0.308349
3.625283 0.308555
3.627819 0.308762
3.63036 0.309071
3.632904 0.309381
3.635452 0.30969
3.638003 0.31
3.640558 0.310412
3.643116 0.31067
3.645679 0.31098
3.648244 0.311237
3.650813 0.311599
3.653386 0.311856
3.655962 0.312166
3.658543 0.312475
3.661126 0.312785
3.663713 0.312991
3.666304 0.313249
3.668898 0.313455
3.671497 0.313404
3.674099 0.313404
3.676705 0.313404
3.679314 0.313404
3.681927 0.313301
3.684544 0.313249
3.687165 0.313249
3.689789 0.313301
3.692417 0.313455
3.695049 0.313765
3.697685 0.314023
3.700324 0.314229
3.702967 0.314435
3.705615 0.314487
3.708265 0.314642
3.71092 0.314745
3.713578 0.314951
3.71624 0.315054
3.718906 0.315261
3.721576 0.315467
3.724249 0.31557
3.726926 0.315673
3.729607 0.315777
3.732292 0.315983
3.734981 0.316034
3.737674 0.316034
3.740371 0.316241
3.743071 0.31655
3.745776 0.31655
3.748485 0.31655
3.751197 0.316705
3.753913 0.316808
3.756634 0.31686
3.759358 0.316911
3.762086 0.31686
3.764818 0.316911
3.767554 0.316963
3.770293 0.316911
3.773037 0.316808
3.775785 0.316705
3.778537 0.316653
3.781293 0.316653
3.784053 0.31655
3.786817 0.316396
3.789586 0.316292
3.792358 0.316292
3.795134 0.316189
3.797915 0.316138
3.800699 0.316034
3.803488 0.31588
3.80628 0.31588
3.809077 0.315931
3.811877 0.315931
3.814683 0.316086
3.817492 0.316344
3.820305 0.31655
3.823123 0.31686
3.825944 0.317221
3.82877 0.317582
3.8316 0.317995
3.834434 0.318407
3.837271 0.318975
3.840113 0.319542
3.84296 0.319955
3.845811 0.320316
3.848666 0.32078
3.851525 0.321296
3.854389 0.32176
3.857257 0.322224
3.86013 0.322688
3.863006 0.323049
3.865887 0.32341
3.868772 0.323978
3.871661 0.324442
3.874554 0.324855
3.877452 0.325267
3.880355 0.325577
3.883262 0.325886
3.886173 0.326299
3.889088 0.326505
3.892008 0.326763
3.894932 0.32697
3.897861 0.327279
3.900793 0.327589
3.903731 0.327795
3.906672 0.327898
3.909618 0.328001
3.912569 0.328207
3.915524 0.328465
3.918483 0.328569
3.921447 0.32862
3.924416 0.328775
3.927389 0.32893
3.930367 0.329033
3.933349 0.329084
3.936336 0.329291
3.939327 0.329445
3.942322 0.329445
3.945323 0.329549
3.948327 0.329652
3.951337 0.329806
3.954351 0.330013
3.95737 0.330116
3.960393 0.330219
3.963421 0.330374
3.966453 0.330477
3.96949 0.330529
3.972532 0.330683
3.975579 0.330941
3.978629 0.330993
3.981685 0.331148
3.984745 0.331354
3.98781 0.331663
3.99088 0.331921
3.993955 0.332024
3.997034 0.332128
4.000118 0.332386
4.003208 0.33254
4.006302 0.332643
4.0094 0.332798
4.012504 0.332901
4.015612 0.333056
4.018724 0.333262
4.021842 0.333314
4.024965 0.333366
4.028091 0.333366
4.031223 0.333314
4.03436 0.333366
4.037502 0.333417
4.040649 0.333469
4.043801 0.333469
4.046958 0.333366
4.050119 0.333314
4.053287 0.333366
4.056458 0.333314
4.059635 0.333211
4.062816 0.333211
4.066003 0.333108
4.069194 0.33285
4.072391 0.332695
4.075593 0.332592
4.078799 0.332437
4.082011 0.332282
4.085227 0.332231
4.088449 0.332128
4.091676 0.331973
4.094908 0.331767
4.098145 0.331509
4.101388 0.331199
4.104634 0.330993
4.107887 0.330941
4.111144 0.330787
4.114407 0.330632
4.117675 0.330477
4.120948 0.330219
4.124227 0.330064
4.12751 0.329961
4.130799 0.329806
4.134094 0.3296
4.137393 0.329342
4.140697 0.329188
4.144008 0.329033
4.147323 0.32893
4.150643 0.328672
4.153969 0.328465
4.157301 0.328362
4.160638 0.328156
4.16398 0.32795
4.167327 0.327795
4.17068 0.327589
4.174038 0.327382
4.177401 0.327176
4.18077 0.327021
4.184143 0.326918
4.187523 0.326712
4.190908 0.326402
4.194299 0.326041
4.197695 0.32568
4.201097 0.325216
4.204504 0.3247
4.207917 0.324029
4.211336 0.323204
4.214759 0.322534
4.218189 0.32176
4.221624 0.321038
4.225064 0.320419
4.22851 0.319903
4.231962 0.319542
4.23542 0.319284
4.238883 0.319026
4.242352 0.318871
4.245827 0.319026
4.249307 0.319387
4.252793 0.319542
4.256284 0.319387
4.259782 0.318459
4.263285 0.317376
4.266792 0.316602
4.270307 0.315983
4.273828 0.315725
4.277354 0.315622
4.280886 0.315416
4.284424 0.315003
4.287968 0.314745
4.291517 0.31459
4.295074 0.314332
4.298635 0.314178
4.302202 0.31392
4.305776 0.313713
4.309355 0.313507
4.31294 0.313249
4.316531 0.31294
4.320128 0.312682
4.323732 0.312372
4.327342 0.31196
4.330956 0.311599
4.334578 0.311186
4.338205 0.310619
4.341838 0.310206
4.345478 0.309742
4.349123 0.309226
4.352774 0.308607
4.356431 0.307988
4.360096 0.307472
4.363765 0.306853
4.367442 0.306183
4.371124 0.305512
4.374813 0.304893
4.378508 0.304274
4.38221 0.303552
4.385918 0.30283
4.389631 0.302108
4.393351 0.301437
4.397078 0.300818
4.40081 0.300199
4.404549 0.299477
4.408295 0.298858
4.412045 0.298291
4.415803 0.297672
4.419568 0.297053
4.423338 0.296382
4.427116 0.29566
4.4309 0.29499
4.43469 0.294371
4.438487 0.2937
4.442291 0.292926
4.446101 0.292307
4.449917 0.291534
4.45374 0.29076
4.45757 0.290038
4.461406 0.289264
4.465249 0.28849
4.469098 0.28782
4.472954 0.287149
4.476817 0.286376
4.480686 0.285499
4.484562 0.284777
4.488445 0.2839
4.492334 0.282971
4.496231 0.282146
4.500134 0.281321
4.504043 0.280444
4.507959 0.279619
4.511883 0.278742
4.515813 0.277813
4.51975 0.276833
4.523694 0.275802
4.527645 0.274718
4.531602 0.273738
4.535568 0.272655
4.539539 0.271572
4.543518 0.270489
4.547503 0.269406
4.551496 0.268322
4.555496 0.267136
4.559502 0.26595
4.563516 0.264918
4.567537 0.263886
4.571565 0.262649
4.5756 0.261411
4.579642 0.260379
4.583691 0.259244
4.587747 0.258161
4.591811 0.257129
4.595881 0.256046
4.599958 0.25486
4.604044 0.253673
4.608136 0.252487
4.612236 0.251249
4.616343 0.250063
4.620458 0.248928
4.624579 0.247639
4.628708 0.246555
4.632845 0.245369
4.636989 0.24408
4.64114 0.242842
4.645299 0.241707
4.649466 0.24052
4.653639 0.239334
4.65782 0.238096
4.662009 0.237065
4.666206 0.235981
4.67041 0.234898
4.674621 0.23366
4.67884 0.232525
4.683066 0.231494
4.687301 0.230359
4.691543 0.229224
4.695792 0.228038
4.700048 0.226852
4.704313 0.225717
4.708586 0.224634
4.712867 0.223499
4.717155 0.222364
4.721451 0.221281
4.725755 0.220146
4.730067 0.219114
4.734388 0.218186
4.738715 0.217
4.743051 0.215813
4.747394 0.214833
4.751746 0.213802
4.756105 0.21277
4.760472 0.21179
4.764848 0.210758
4.769232 0.209727
4.773623 0.209005
4.778023 0.208128
4.782431 0.207199
4.786847 0.206271
4.791271 0.205446
4.795703 0.20462
4.800144 0.203795
4.804591 0.203073
4.809048 0.202454
4.813513 0.201783
4.817986 0.201268
4.822468 0.200803
4.826958 0.200236
4.831457 0.19972
4.835964 0.199204
4.84048 0.198689
4.845004 0.198173
4.849536 0.197709
4.854077 0.197193
4.858626 0.196625
4.863184 0.196006
4.867751 0.195439
4.872326 0.194923
4.876908 0.194407
4.8815 0.193943
4.886101 0.193376
4.89071 0.192757
4.895329 0.192086
4.899956 0.191467
4.904591 0.190848
4.909236 0.190229
4.91389 0.189662
4.918552 0.189043
4.923223 0.188372
4.927903 0.187702
4.932591 0.187134
4.937289 0.186567
4.941996 0.186
4.946712 0.185484
4.951437 0.184968
4.956171 0.184504
4.960914 0.184143
4.965665 0.183679
4.970426 0.183111
4.975196 0.182595
4.979976 0.182183
4.984764 0.181719
4.989561 0.181254
4.994367 0.18079
4.999184 0.180274
5.004009 0.179758
5.008844 0.179191
5.013688 0.178521
5.018541 0.177695
5.023404 0.177076
5.028277 0.17656
5.033159 0.176045
5.038051 0.175374
5.042951 0.174704
5.047862 0.174085
5.052782 0.173466
5.057711 0.172847
5.06265 0.172331
5.0676 0.171815
5.072558 0.171248
5.077527 0.170577
5.082504 0.169958
5.087492 0.169546
5.09249 0.168978
5.097497 0.168256
5.102514 0.167534
5.10754 0.166709
5.112577 0.165729
5.117624 0.164697
5.122681 0.163614
5.127748 0.162531
5.132825 0.161189
5.137912 0.1599
5.143009 0.158662
5.148117 0.157321
5.153234 0.156238
5.158362 0.155051
5.1635 0.153659
5.168648 0.152214
5.173806 0.150719
5.178975 0.149274
5.184154 0.147624
5.189344 0.145973
5.194544 0.144323
5.199754 0.142775
5.204975 0.141382
5.210206 0.139577
5.215447 0.138133
5.2207 0.137101
5.225963 0.135863
5.231235 0.134419
5.236519 0.132975
5.241814 0.131892
5.247119 0.130963
5.252435 0.129983
5.257762 0.129158
5.2631 0.128539
5.268449 0.128023
5.273809 0.127404
5.27918 0.126991
5.284561 0.126527
5.289953 0.125857
5.295357 0.125496
5.300771 0.125289
5.306197 0.124928
5.311634 0.124516
5.31708 0.124155
5.322538 0.123897
5.328009 0.123536
5.33349 0.123278
5.338983 0.122968
5.344487 0.122349
5.350003 0.121782
5.355529 0.122091
5.361069 0.122452
5.366619 0.122607
5.37218 0.122504
5.377753 0.122452
5.383337 0.122504
5.388933 0.122659
5.394541 0.122659
5.40016 0.12271
5.405792 0.122607
5.411435 0.122401
5.417089 0.121679
5.422756 0.121214
5.428434 0.121885
5.434124 0.121885
5.439826 0.121576
5.44554 0.121369
5.451264 0.12106
5.457003 0.120441
5.462753 0.119512
5.468515 0.119358
5.47429 0.1191
5.480077 0.118687
5.485876 0.118635
5.491687 0.118171
5.497512 0.117552
5.503348 0.116882
5.509196 0.11616
5.515058 0.115231
5.520931 0.114199
5.526816 0.113271
5.532715 0.112394
5.538626 0.111363
5.544551 0.110228
5.550487 0.108938
5.556436 0.10801
5.562398 0.107339
5.568373 0.106359
5.57436 0.104709
5.58036 0.103574
5.586374 0.103368
5.592398 0.102749
5.598437 0.101614
5.604489 0.100427
5.610555 0.099241
5.616633 0.097952
5.622725 0.09692
5.62883 0.095579
5.634949 0.093722
5.641082 0.091865
5.647227 0.091195
5.653385 0.090369
5.659557 0.08975
5.665742 0.089183
5.671941 0.0881
5.678154 0.087739
5.68438 0.087739
5.69062 0.087326
5.696874 0.087378
5.703141 0.086759
5.709422 0.085624
5.715717 0.085056
5.722026 0.084386
5.728348 0.083509
5.734685 0.082116
5.741033 0.080311
5.747398 0.078351
5.753777 0.076958
5.76017 0.074689
5.766577 0.072729
5.772999 0.072883
5.779435 0.072987
5.785885 0.073193
5.792351 0.073554
5.798831 0.073863
5.805324 0.074328
5.811832 0.074276
5.818355 0.073502
5.824893 0.073554
5.831445 0.07407
5.838012 0.074225
5.844594 0.073967
5.851191 0.073244
5.857803 0.072316
5.864429 0.071542
5.871071 0.070872
5.877727 0.068963
5.884399 0.068654
5.891086 0.068602
5.897785 0.068086
5.904502 0.068551
5.911235 0.068138
5.917983 0.067364
5.924747 0.066384
5.931525 0.064424
5.93832 0.06298
5.94513 0.062825
5.951957 0.061897
5.958798 0.060556
5.965655 0.058544
5.972528 0.0571
5.979417 0.055707
5.986322 0.053644
5.993242 0.051993
6.000179 0.050704
6.00713 0.048795
6.014098 0.046784
6.021083 0.045081
6.028085 0.043225
6.035102 0.04111
6.042136 0.038531
6.049186 0.036261
6.056253 0.035436
6.063337 0.033992
6.070437 0.032135
6.077554 0.030794
6.084687 0.029814
6.091837 0.028679
6.099004 0.027647
6.106188 0.026564
6.113389 0.025687
6.120608 0.025378
6.127842 0.025017
6.135094 0.024552
6.142364 0.024191
6.14965 0.024088
6.156953 0.023933
6.164274 0.024191
6.171613 0.024707
6.178967 0.02512
6.18634 0.026151
6.193731 0.02775
6.201139 0.029401
6.208566 0.031258
6.216011 0.033373
6.223473 0.035797
6.230953 0.038324
6.238452 0.040852
6.245968 0.043482
6.253502 0.046113
6.261055 0.048434
6.268626 0.050807
6.276215 0.05287
6.283823 0.054572
6.291449 0.056068
6.299095 0.057512
6.306758 0.058647
6.31444 0.059679
6.32214 0.060659
6.32986 0.061329
6.337598 0.061175
6.345355 0.061587
6.353131 0.06298
6.360924 0.063393
6.368739 0.063393
6.376572 0.064218
6.384425 0.06494
6.392297 0.065507
6.400189 0.065662
6.4081 0.064527
6.416031 0.064888
6.423983 0.067158
6.431953 0.068447
6.439943 0.069685
6.447953 0.070614
6.455982 0.071594
6.464032 0.072316
6.472102 0.072574
6.480192 0.072832
6.488305 0.072677
6.496436 0.073709
6.504587 0.075978
6.512758 0.0767
6.52095 0.076855
6.529163 0.077887
6.537397 0.078299
6.545651 0.078299
6.553923 0.078351
6.562219 0.078248
6.570536 0.077835
6.578875 0.07866
6.587234 0.079176
6.595614 0.079434
6.604017 0.079898
6.61244 0.079744
6.620886 0.079331
6.629353 0.077938
6.637841 0.077319
6.646351 0.078712
6.654883 0.079331
6.663437 0.078867
6.672013 0.078041
6.680611 0.077474
6.689233 0.07768
6.697875 0.077526
6.70654 0.076597
6.715228 0.076081
6.723937 0.07603
6.73267 0.075978
6.741425 0.075514
6.750203 0.074843
6.759001 0.074121
6.767824 0.072987
6.776671 0.071645
6.785541 0.070201
6.794435 0.069428
6.803351 0.069066
6.812291 0.068138
6.821255 0.066591
6.830244 0.065353
6.839254 0.064527
6.848289 0.062928
6.857347 0.060556
6.86643 0.059215
6.875537 0.059008
6.884668 0.058183
6.893823 0.056997
6.902999 0.055604
6.912203 0.054624
6.921432 0.053695
6.930685 0.052664
6.939963 0.051632
6.949265 0.050394
6.958593 0.049002
6.967947 0.048486
6.977327 0.04797
6.98673 0.047093
6.996159 0.046423
7.005613 0.04601
7.015093 0.045391
7.024599 0.044824
7.03413 0.044308
7.043687 0.043689
7.053272 0.043534
7.062882 0.043534
7.072517 0.043328
7.082179 0.043018
7.091867 0.042709
7.101583 0.042348
7.111324 0.041883
7.121092 0.041626
7.130883 0.041316
7.140706 0.040646
7.150555 0.040233
7.160431 0.03982
7.170335 0.039253
7.180266 0.039047
7.190225 0.038737
7.200211 0.038221
7.210228 0.03786
7.22027 0.037757
7.23034 0.037448
7.240438 0.037293
7.250565 0.037035
7.26072 0.036777
7.270903 0.036416
7.281115 0.03621
7.291358 0.035952
7.301627 0.035797
7.311926 0.035487
7.322253 0.035075
7.33261 0.034507
7.342996 0.034198
7.353412 0.034043
7.363857 0.033734
7.374328 0.033321
7.384833 0.032702
7.395367 0.032083
7.405932 0.031774
7.416527 0.031413
7.427153 0.031052
7.437809 0.030587
7.448495 0.030175
7.459215 0.029762
7.469963 0.029349
7.480742 0.028834
7.491552 0.028369
7.502394 0.027905
7.513267 0.027441
7.524172 0.027028
7.535108 0.026564
7.546078 0.026048
7.557078 0.025532
7.56811 0.025068
7.579175 0.024552
7.590272 0.024088
7.601401 0.023727
7.612564 0.023314
7.623759 0.022902
7.634982 0.022334
7.646243 0.021767
7.657537 0.021354
7.668865 0.020942
7.680227 0.020374
7.691622 0.019859
7.703051 0.019291
7.714513 0.018775
7.726013 0.018311
7.737544 0.017847
7.74911 0.017383
7.76071 0.016918
7.772346 0.016454
7.784016 0.016042
7.795721 0.015577
7.807461 0.015216
7.819234 0.014855
7.831045 0.014391
7.842893 0.013875
7.854775 0.013514
7.866695 0.013153
7.87865 0.012844
7.890642 0.012586
7.90267 0.012328
7.914737 0.012018
7.926839 0.01176
7.938978 0.011606
7.951155 0.011399
7.963368 0.011141
7.97562 0.010884
7.987909 0.010574
8.000236 0.010419
8.012604 0.010368
8.025007 0.010368
8.03745 0.010265
8.04993 0.010213
8.062449 0.010058
8.075007 0.009903
8.087605 0.009749
8.100242 0.0098
8.112914 0.0098
8.12563 0.009646
8.138387 0.009542
8.151183 0.009542
8.16402 0.009594
8.176896 0.009646
8.189815 0.009594
8.202773 0.009594
8.215774 0.009594
8.228815 0.009697
8.241898 0.0098
8.255021 0.009955
8.268188 0.009903
8.281395 0.010007
8.294645 0.010213
8.307939 0.010471
8.321277 0.010677
8.334655 0.010832
8.348077 0.010987
8.361541 0.011296
8.37505 0.011606
8.388601 0.011864
8.402197 0.012121
8.415837 0.012431
8.429516 0.012844
8.443245 0.013359
8.457019 0.013927
8.470837 0.014597
8.484701 0.015371
8.49861 0.016042
8.512566 0.016764
8.526567 0.017795
8.540616 0.01893
8.554709 0.020013
8.56885 0.0212
8.583036 0.022386
8.59727 0.023521
8.611551 0.024913
8.62588 0.026461
8.640257 0.028111
8.654684 0.029865
8.669156 0.031825
8.683678 0.033527
8.698248 0.035178
8.712867 0.036725
8.727534 0.038273
8.742252 0.039872
8.75702 0.041213
8.771832 0.042451
8.786699 0.043792
8.801618 0.044927
8.816586 0.045855
8.831606 0.046629
8.846677 0.047196
8.861799 0.047557
8.876974 0.048073
8.892203 0.048537
8.907482 0.04895
8.922813 0.049363
8.938197 0.049827
8.953634 0.050085
8.969126 0.050497
8.98467 0.051116
9.000268 0.051477
9.015924 0.05189
9.031631 0.052406
9.047393 0.052819
9.06321 0.05318
9.079082 0.053541
9.095011 0.053953
9.110995 0.054418
9.127035 0.054882
9.143127 0.055398
9.159282 0.056171
9.175492 0.05679
9.191761 0.057719
9.208088 0.058853
9.224472 0.059885
9.240915 0.06102
9.257417 0.062619
9.27398 0.064373
9.290601 0.066333
9.307281 0.068602
9.32402 0.070923
9.34082 0.073451
9.35768 0.076339
9.374602 0.079228
9.391585 0.08222
9.408624 0.085624
9.42573 0.089131
9.442899 0.092226
9.460131 0.094599
9.477425 0.096043
9.494783 0.096611
9.512204 0.097126
9.52969 0.097848
9.547244 0.098313
9.564858 0.098725
9.582539 0.099447
9.600284 0.099757
9.618095 0.099757
9.635973 0.099447
9.653916 0.098777
9.671927 0.097848
9.690009 0.096611
9.708156 0.095218
9.72637 0.093722
9.744653 0.091917
9.763004 0.090111
9.781425 0.088254
9.799915 0.086036
9.818476 0.083664
9.837101 0.081343
9.855803 0.078867
9.874576 0.076391
9.89342 0.074018
9.912336 0.071697
9.931326 0.069582
9.950388 0.067674
9.969523 0.065714
9.988736 0.063599
10.008019 0.061742
10.027377 0.060195
10.04681 0.05875
10.066319 0.057409
10.085902 0.055913
10.105563 0.054469
10.1253 0.053283
10.145119 0.052303
10.165011 0.051323
10.184982 0.050188
10.205031 0.049053
10.22516 0.048279
10.245367 0.047506
10.265656 0.046732
10.286023 0.04601
10.306466 0.045391
10.326997 0.044772
10.34761 0.044153
10.368304 0.043637
10.389083 0.043225
10.409945 0.04307
10.43089 0.042915
10.45192 0.042554
10.473039 0.042296
10.49424 0.042193
10.515526 0.041935
10.536899 0.04178
10.558359 0.041677
10.579906 0.041264
10.601542 0.041058
10.623267 0.041007
10.645084 0.040749
10.666988 0.040542
10.688982 0.040336
10.711066 0.040027
10.733243 0.03982
10.755511 0.039923
10.777872 0.040078
10.800325 0.040233
10.822865 0.040233
10.845508 0.040336
10.868244 0.040697
10.891077 0.041316
10.914005 0.041883
10.937031 0.042296
10.960154 0.042709
10.983374 0.043586
11.006698 0.044514
11.030116 0.045546
11.053635 0.046474
11.077253 0.047403
11.100973 0.048331
11.124795 0.049156
11.14872 0.04993
11.172747 0.050497
11.196871 0.05091
11.221107 0.051426
11.245447 0.05189
11.269894 0.052251
11.294447 0.052767
11.319107 0.053283
11.343875 0.053799
11.368752 0.05416
11.393744 0.054211
11.418839 0.054366
11.444047 0.054675
11.469365 0.054727
11.494797 0.054624
11.52034 0.054366
11.545999 0.05385
11.571771 0.053644
11.597663 0.053334
11.623667 0.052922
11.649787 0.052406
11.676025 0.051735
11.702382 0.051116
11.728858 0.050601
11.755454 0.04993
11.782171 0.049259
11.809002 0.049002
11.835962 0.048744
11.863048 0.048279
11.890256 0.047867
11.91759 0.047351
11.94505 0.046732
11.972636 0.0457
12.000351 0.044359
12.028198 0.043121
12.056171 0.041729
12.084274 0.040181
12.112508 0.038428
12.140875 0.036364
12.169374 0.034507
12.198009 0.033115
12.226777 0.031825
12.255688 0.030742
12.28473 0.03002
12.31391 0.029607
12.343228 0.029401
12.372687 0.029091
12.402287 0.028782
12.432029 0.028576
12.461913 0.028473
12.491931 0.028318
12.522105 0.027957
12.552425 0.027441
12.582892 0.027028
12.613507 0.026409
12.644272 0.025945
12.675187 0.025739
12.706254 0.025636
12.737479 0.025532
12.768852 0.02512
12.80038 0.024656
12.832064 0.024294
12.863906 0.024243
12.895905 0.024088
12.928064 0.023933
12.960384 0.024088
12.992874 0.024501
13.025519 0.024604
13.05833 0.02414
13.091305 0.024243
13.124448 0.024243
13.157759 0.023882
13.191238 0.023366
13.22489 0.022953
13.258701 0.022386
13.292698 0.022025
13.326869 0.021406
13.361217 0.020735
13.395742 0.020323
13.430446 0.019962
13.46533 0.019188
13.500397 0.018414
13.535651 0.018002
13.571085 0.018053
13.606705 0.017795
13.642511 0.017641
13.678508 0.017434
13.714694 0.016454
13.751073 0.015732
13.787644 0.015423
13.82442 0.014804
13.861383 0.01403
13.898545 0.013514
13.935907 0.012895
13.97347 0.012173
14.011236 0.011502
14.049208 0.011038
14.087384 0.010677
14.125755 0.010265
14.16435 0.010058
14.203156 0.009646
14.242176 0.009388
14.281411 0.009233
14.320862 0.009285
14.360532 0.009542
14.400422 0.010058
14.440542 0.010574
14.48088 0.011296
14.521442 0.01176
14.562233 0.011967
14.603253 0.011915
14.644506 0.011915
14.685991 0.012328
14.727713 0.012637
14.76966 0.012689
14.811859 0.013463
14.8543 0.014391
14.896984 0.015216
14.939916 0.016042
14.983094 0.017176
15.026524 0.018311
15.070205 0.01924
15.11415 0.019755
15.158343 0.020013
15.202796 0.019962
15.24751 0.019394
15.292488 0.018724
15.337732 0.018311
15.383245 0.018105
15.429028 0.017589
15.475092 0.016815
15.521424 0.016196
15.568036 0.015629
15.614927 0.015423
15.662103 0.014855
15.709563 0.014236
15.757313 0.013927
15.805353 0.013308
15.853672 0.012844
15.902304 0.012483
15.951234 0.012018
16.000465 0.011915
16.050003 0.011348
16.099848 0.011038
16.150003 0.011038
16.200472 0.010832
16.251265 0.010368
16.30237 0.010007
16.353796 0.009233
16.405548 0.008975
16.45763 0.008923
16.510042 0.008356
16.56279 0.007737
16.615877 0.007686
16.669313 0.00784
16.723085 0.008304
16.777206 0.008614
16.831676 0.008717
16.886503 0.00882
16.941689 0.009542
16.997234 0.010213
17.053146 0.011038
17.109409 0.012431
17.166063 0.013978
17.223093 0.015165
17.280504 0.016815
17.338299 0.019085
17.396481 0.02187
17.455055 0.025171
17.514025 0.028318
17.573404 0.031516
17.633179 0.035178
17.693359 0.039098
17.753954 0.043018
17.814964 0.046526
17.876394 0.050188
17.938251 0.05416
18.000536 0.058183
18.063269 0.061639
18.126427 0.065095
18.190027 0.068086
18.254078 0.070923
18.318579 0.073812
18.383539 0.076391
18.448961 0.078093
18.514851 0.079486
18.58119 0.081136
18.648029 0.083767
18.715351 0.087429
18.783159 0.091091
18.851461 0.093774
18.920263 0.095424
18.989569 0.096765
19.059383 0.097797
19.129725 0.098519
19.200575 0.099344
19.271952 0.09986
19.343863 0.100273
19.416311 0.100943
19.489305 0.10182
19.562849 0.102233
19.636951 0.102284
19.711594 0.101459
19.786827 0.100427
19.862638 0.100789
19.939034 0.100531
20.016018 0.100531
20.093599 0.10115
20.171785 0.101562
20.250582 0.1028
20.330009 0.104141
20.410049 0.105534
20.490723 0.106669
20.572035 0.107752
20.653994 0.107958
20.73661 0.108216
20.819889 0.108835
20.903841 0.110176
20.988487 0.110176
21.073807 0.109248
21.159821 0.108577
21.246542 0.107649
21.333977 0.106308
21.422132 0.104451
21.511023 0.102078
21.600651 0.099396
21.691 0.096095
21.782139 0.092742
21.874046 0.088616
21.966734 0.086449
22.060209 0.085882
22.154484 0.087481
22.249567 0.089441
22.34547 0.088048
22.442221 0.085005
22.539797 0.082632
22.638224 0.079847
22.737514 0.078248
22.837679 0.074431
22.93873 0.071027
23.04068 0.069428
23.143541 0.06721
23.247343 0.063798
23.35206 0.062136
23.457727 0.060276
23.564352 0.059545
23.671953 0.059545
23.78054 0.059611
23.890127 0.059611
24.000731 0.059744
24.112324 0.059079
24.224998 0.058415
24.338732 0.058681
24.453537 0.058149
24.569429 0.055823
24.686426 0.053763
24.804543 0.053231
24.923796 0.053165
25.044222 0.051902
25.165796 0.04931
25.288555 0.047649
25.412519 0.048314
25.537704 0.050507
25.664127 0.052966
25.791811 0.054428
25.920769 0.05589
26.051052 0.056554
26.182623 0.056023
26.315529 0.055757
26.449793 0.055757
26.585432 0.056023
26.722471 0.056554
26.860929 0.056687
27.00083 0.057086
27.142149 0.057817
27.285002 0.058681
27.429367 0.059877
27.575268 0.062469
27.722729 0.064263
27.871777 0.064861
28.022434 0.06526
28.17473 0.066057
28.328716 0.066921
28.484369 0.067054
28.641743 0.06732
28.800863 0.067652
28.961761 0.067187
29.124468 0.067187
29.289013 0.067985
29.455427 0.069447
29.623777 0.070709
29.794029 0.070975
29.966249 0.070709
30.140471 0.071175
30.316732 0.070443
30.495066 0.069181
30.67551 0.068716
30.858103 0.067985
31.04282 0.068782
31.229824 0.069978
31.419096 0.07051
31.610676 0.07144
31.804607 0.072969
32.000931 0.074231
32.199696 0.073633
32.400944 0.07257
32.604759 0.071706
32.811115 0.070443
33.020103 0.069447
33.231773 0.070842
33.446171 0.073567
33.663353 0.076225
33.883377 0.078618
34.106293 0.078352
34.332088 0.076159
34.560966 0.075627
34.792919 0.076159
35.028008 0.076292
35.266293 0.075959
35.507843 0.076557
35.752724 0.076823
36.001007 0.077089
36.252811 0.078817
36.508114 0.079681
36.767036 0.079216
37.029659 0.07782
37.296059 0.076159
37.566319 0.074032
37.840527 0.071773
38.118767 0.068716
38.40118 0.06526
38.687756 0.061937
38.978642 0.060409
39.273933 0.061273
39.573734 0.065592
39.878147 0.069978
40.187283 0.072769
40.501244 0.074564
40.820042 0.074564
41.144012 0.073899
41.473164 0.074231
41.807625 0.076292
42.147522 0.077222
42.492992 0.076956
42.844173 0.077754
43.20121 0.078418
43.564312 0.077089
43.933502 0.076491
44.309002 0.077023
44.690975 0.07689
45.079594 0.076823
45.475029 0.077554
45.87746 0.078684
46.287083 0.081209
46.704159 0.082871
47.128742 0.083137
47.561119 0.08327
48.001499 0.08307
48.450111 0.084133
48.907188 0.083668
49.372971 0.082273
49.847713 0.084133
50.331509 0.085263
50.824955 0.084931
51.328171 0.082871
51.841454 0.080545
52.365105 0.078219
52.899441 0.07576
53.444794 0.076159
54.001511 0.075959
54.570061 0.074099
55.150593 0.070909
55.74361 0.067918
56.349518 0.067519
56.968742 0.065592
57.60173 0.061937
58.24894 0.059146
58.910862 0.05775
59.588123 0.056421
60.28101 0.054893
60.9902 0.057219
61.716274 0.061871
62.459846 0.066257
63.221554 0.069314
64.002068 0.071307
64.802094 0.072637
65.622093 0.073567
66.463402 0.072437
67.326561 0.072171
68.21244 0.073766
69.121933 0.074763
70.056015 0.075095
71.015686 0.072969
72.002014 0.072637
73.016319 0.074963
74.05941 0.076557
75.132736 0.078019
76.237625 0.080744
77.375504 0.081475
78.547859 0.076026
79.756294 0.071839
81.002487 0.074364
82.28849 0.077887
83.61573 0.080412
84.986481 0.082206
86.402931 0.08194
87.867393 0.081874
89.382355 0.068649
90.95047 0.066589
92.574593 0.080678
94.25721 0.078418
96.002708 0.077023
97.814079 0.080811
99.695114 0.082273
101.649918 0.082206
103.682915 0.081675
105.798889 0.08327
108.003029 0.087921
110.301392 0.088985
112.699249 0.09038
115.203682 0.09264
117.821953 0.095697
120.562004 0.097026
123.432541 0.097956
126.443092 0.088387
129.604187 0.090181
132.926254 0.097425
136.424286 0.096428
140.11142 0.103406
144.003372 0.101744
148.117722 0.106263
152.474106 0.12527
157.094498 0.141552
162.003662 0.126532
167.230545 0.104801
172.804886 0.089118
178.763672 0.124472
185.148087 0.15039
192.005402 0.133643
199.390213 0.133112
207.365814 0.173318
216.006042 0.318857
