3.8332832 1.0
3.8258375 1.0
3.8185001 1.0
3.8112635 1.0
3.8041211 1.0
3.7970671 1.0
3.790096 1.0
3.783203 1.0
3.7763837 1.0
3.7696348 1.0
3.7629524 1.0
3.7563327 1.0
3.7497726 1.0
3.7432692 1.0
3.7368215 1.0
3.7304258 1.0
3.7240795 1.0
3.7177817 1.0
3.7115303 1.0
3.7053225 1.0
3.6991583 1.0
3.6930349 1.0
3.6869512 1.0
3.6809064 1.0
3.6748981 1.0
3.6689268 1.0
3.6629893 1.0
3.6570869 1.0
3.6512163 1.0
3.6453787 1.0
3.6395713 1.0
3.6337948 1.0
3.6280474 1.0
3.6223288 1.0
3.6166385 1.0
3.6109748 1.0
3.6053388 1.0
3.5997284 1.0
3.5941433 1.0
3.5885838 1.0
3.5830482 1.0
3.5775366 1.0
3.5720489 1.0
3.5665838 1.0
3.5611411 1.0
3.5557213 1.0
3.5503228 1.0
3.5449454 1.0
3.5395894 1.0
3.5342542 1.0
3.528939 1.0
3.5236436 1.0
3.5183681 1.0
3.5131123 1.0
3.5078753 1.0
3.502657 1.0
3.497457 1.0
3.4922758 1.0
3.4871126 1.0
3.4819671 1.0
3.476839 1.0
3.4717282 1.0
3.4666344 1.0
3.461558 1.0
3.4564982 1.0
3.4514549 1.0
3.4464278 1.0
3.4414169 1.0
3.4364218 1.0
3.4314425 1.0
3.4264789 1.0
3.4215308 1.0
3.4165982 1.0
3.4116807 1.0
3.4067782 1.0
3.4018906 1.0
3.3970176 1.0
3.3921593 1.0
3.3873154 1.0
3.3824859 1.0
3.3776706 1.0
3.3728694 1.0
3.3680822 1.0
3.3633088 1.0
3.3585492 1.0
3.3538033 1.0
3.3490709 1.0
3.344352 1.0
3.3396464 1.0
3.3349541 1.0
3.330275 1.0
3.3256088 1.0
3.3209557 1.0
3.3163154 1.0
3.311688 1.0
3.3070732 1.0
3.302471 1.0
3.2978814 1.0
3.2933042 1.0
3.2887394 1.0
3.2841868 1.0
3.2796465 1.0
3.2751185 1.0
3.2706027 1.0
3.2660988 1.0
3.2616069 1.0
3.2571269 1.0
3.2526586 1.0
3.248202 1.0
3.2437571 1.0
3.2393237 1.0
3.2349021 1.0
3.2304921 1.0
3.2260935 1.0
3.2217063 1.0
3.2173303 1.0
3.2129655 1.0
3.2086118 1.0
3.2042695 1.0
3.1999385 1.0
3.1956184 1.0
3.1913092 1.0
3.1870109 1.0
3.1827233 1.0
3.1784471 1.0
3.1741816 1.0
3.1699267 1.0
3.1656824 1.0
3.1614486 1.0
3.157226 1.0
3.1530138 1.0
3.1488119 1.0
3.1446203 1.0
3.1404394 1.0
3.1362691 1.0
3.1321089 1.0
3.1279589 1.0
3.1238192 1.0
3.11969 1.0
3.1155708 1.0
3.1114615 1.0
3.1073625 1.0
3.1032738 1.0
3.0991948 1.0
3.0951256 1.0
3.0910668 1.0
3.0870178 1.0
3.0829784 1.0
3.078949 1.0
3.0749296 1.0
3.0709196 1.0
3.0669192 1.0
3.0629291 1.0
3.0589482 1.0
3.0549767 1.0
3.0510154 1.0
3.0470633 1.0
3.0431204 1.0
3.0391876 1.0
3.0352639 1.0
3.0313493 1.0
3.0274448 1.0
3.0235492 1.0
3.0196627 1.0
3.015786 1.0
3.0119181 1.0
3.0080596 1.0
3.0042104 1.0
3.0003699 1.0
2.996539 1.0
2.992717 1.0
2.9889038 1.0
2.9851002 1.0
2.981305 1.0
2.9775192 1.0
2.9737422 1.0
2.9699737 1.0
2.9662148 1.0
2.9624641 1.0
2.9587227 1.0
2.9549898 1.0
2.9512656 1.0
2.9475505 1.0
2.9438434 1.0
2.9401458 1.0
2.9364562 1.0
2.9327757 1.0
2.9291035 1.0
2.9254399 1.0
2.9217849 1.0
2.9181382 1.0
2.9145003 1.0
2.9108704 1.0
2.9072495 1.0
2.9036363 1.0
2.9000322 1.0
2.8964357 1.0
2.8928483 1.0
2.8892685 1.0
2.8856976 1.0
2.8821343 1.0
2.8785798 1.0
2.8750329 1.0
2.8714948 1.0
2.8679641 1.0
2.8644423 1.0
2.8609278 1.0
2.8574221 1.0
2.8539236 1.0
2.8504341 1.0
2.8469517 1.0
2.8434779 1.0
2.8400116 1.0
2.8365536 1.0
2.8331031 1.0
2.8296607 1.0
2.8262261 1.0
2.8227991 1.0
2.8193803 1.0
2.8159686 1.0
2.8125655 1.0
2.8091693 1.0
2.8057815 1.0
2.802401 1.0
2.7990281 1.0
2.7956631 1.0
2.7923052 1.0
2.7889556 1.0
2.7856129 1.0
2.7822782 1.0
2.7789508 1.0
2.7756306 1.0
2.7723185 1.0
2.7690132 1.0
2.7657159 1.0
2.7624257 1.0
2.7591426 1.0
2.7558675 1.0
2.7525992 1.0
2.7493384 1.0
2.7460851 1.0
2.7428384 1.0
2.7395997 1.0
2.736368 1.0
2.733143 1.0
2.729926 1.0
2.7267156 1.0
2.7235124 1.0
2.7203167 1.0
2.7171276 1.0
2.7139457 1.0
2.7107712 1.0
2.7076032 1.0
2.7044425 1.0
2.7012889 1.0
2.6981419 1.0
2.6950021 1.0
2.6918694 1.0
2.6887432 1.0
2.6856241 1.0
2.6825121 1.0
2.6794066 1.0
2.6763078 1.0
2.6732164 1.0
2.6701313 1.0
2.6670527 1.0
2.6639816 1.0
2.660917 1.0
2.6578587 1.0
2.6548074 1.0
2.651763 1.0
2.6487248 1.0
2.6456931 1.0
2.6426687 1.0
2.6396505 1.0
2.6366387 1.0
2.6336335 1.0
2.6306353 1.0
2.6276432 1.0
2.6246574 1.0
2.6216784 1.0
2.618706 1.0
2.6157398 1.0
2.6127797 1.0
2.6098265 1.0
2.6068797 1.0
2.6039391 1.0
2.6010045 1.0
2.5980767 1.0
2.5951553 1.0
2.5922399 1.0
2.5893306 1.0
2.5864277 1.0
2.5835314 1.0
2.5806411 1.0
2.5777568 1.0
2.5748785 1.0
2.5720068 1.0
2.5691413 1.0
2.5662818 1.0
2.5634282 1.0
2.5605804 1.0
2.5577395 1.0
2.5549044 1.0
2.5520752 1.0
2.5492519 1.0
2.5464344 1.0
2.5436235 1.0
2.5408184 1.0
2.5380192 1.0
2.5352258 1.0
2.5324381 1.0
2.5296566 1.0
2.5268812 1.0
2.5241116 1.0
2.5213476 1.0
2.5185895 1.0
2.515837 1.0
2.5130905 1.0
2.51035 1.0
2.5076152 1.0
2.5048861 1.0
2.5021626 1.0
2.4994447 1.0
2.4967324 1.0
2.4940263 1.0
2.4913259 1.0
2.488631 1.0
2.4859416 1.0
2.4832578 1.0
2.4805795 1.0
2.4779067 1.0
2.4752398 1.0
2.4725786 1.0
2.4699228 1.0
2.4672725 1.0
2.4646276 1.0
2.4619882 1.0
2.4593542 1.0
2.4567256 1.0
2.4541025 1.0
2.4514851 1.0
2.4488732 1.0
2.4462665 1.0
2.4436653 1.0
2.4410693 1.0
2.4384787 1.0
2.4358933 1.0
2.4333133 1.0
2.4307385 1.0
2.428169 1.0
2.425605 1.0
2.4230463 1.0
2.4204929 1.0
2.4179446 1.0
2.4154016 1.0
2.4128637 1.0
2.410331 1.0
2.4078035 1.0
2.4052811 1.0
2.4027638 1.0
2.4002516 1.0
2.3977446 1.0
2.3952426 1.0
2.3927458 1.0
2.3902539 1.0
2.3877674 1.0
2.3852859 1.0
2.3828094 1.0
2.380338 1.0
2.3778715 1.0
2.37541 1.0
2.3729535 1.0
2.3705019 1.0
2.3680552 1.0
2.3656135 1.0
2.3631768 1.0
2.3607449 1.0
2.3583179 1.0
2.3558958 1.0
2.3534785 1.0
2.3510661 1.0
2.3486585 1.0
2.3462558 1.0
2.3438579 1.0
2.3414647 1.0
2.3390764 1.0
2.3366928 1.0
2.334314 1.0
2.33194 1.0
2.3295707 1.0
2.3272061 1.0
2.3248462 1.0
2.322491 1.0
2.3201405 1.0
2.3177946 1.0
2.3154534 1.0
2.3131169 1.0
2.310785 1.0
2.3084577 1.0
2.306135 1.0
2.3038169 1.0
2.3015034 1.0
2.2991944 1.0
2.29689 1.0
2.2945901 1.0
2.2922948 1.0
2.2900039 1.0
2.2877176 1.0
2.2854357 1.0
2.2831584 1.0
2.2808854 1.0
2.2786169 1.0
2.2763529 1.0
2.2740933 1.0
2.271838 1.0
2.2695872 1.0
2.2673409 1.0
2.2650991 1.0
2.2628616 1.0
2.2606285 1.0
2.2583997 1.0
2.2561752 1.0
2.2539551 1.0
2.2517392 1.0
2.2495276 1.0
2.2473202 1.0
2.2451172 1.0
2.2429183 1.0
2.2407237 1.0
2.2385333 1.0
2.2363471 1.0
2.2341652 1.0
2.2319877 1.0
2.2298145 1.0
2.2276453 1.0
2.2254803 1.0
2.2233195 1.0
2.2211627 1.0
2.2190101 1.0
2.2168615 1.0
2.214717 1.0
2.2125766 1.0
2.2104402 1.0
2.2083083 1.0
2.2061805 1.0
2.2040567 1.0
2.2019369 1.0
2.199821 1.0
2.1977092 1.0
2.1956013 1.0
2.1934973 1.0
2.1913973 1.0
2.1893014 1.0
2.1872098 1.0
2.1851221 1.0
2.1830383 1.0
2.1809584 1.0
2.1788823 1.0
2.17681 1.0
2.1747416 1.0
2.1726771 1.0
2.170617 1.0
2.1685606 1.0
2.1665081 1.0
2.1644593 1.0
2.1624143 1.0
2.160373 1.0
2.1583354 1.0
2.1563021 1.0
2.1542727 1.0
2.152247 1.0
2.150225 1.0
2.1482066 1.0
2.1461919 1.0
2.1441809 1.0
2.1421741 1.0
2.1401711 1.0
2.1381717 1.0
2.1361759 1.0
2.1341836 1.0
2.132195 1.0
2.1302102 1.0
2.1282295 1.0
2.1262523 1.0
2.1242787 1.0
2.1223085 1.0
2.1203419 1.0
2.118379 1.0
2.1164202 1.0
2.1144649 1.0
2.112513 1.0
2.1105645 1.0
2.1086194 1.0
2.1066784 1.0
2.1047411 1.0
2.1028072 1.0
2.1008767 1.0
2.0989495 1.0
2.0970259 1.0
2.0951064 1.0
2.0931902 1.0
2.0912773 1.0
2.0893677 1.0
2.0874614 1.0
2.0855594 1.0
2.0836607 1.0
2.0817653 1.0
2.079873 1.0
2.077984 1.0
2.0760993 1.0
2.0742177 1.0
2.0723394 1.0
2.0704643 1.0
2.0685924 1.0
2.0667247 1.0
2.0648601 1.0
2.0629987 1.0
2.0611404 1.0
2.0592856 1.0
2.0574346 1.0
2.0555868 1.0
2.0537419 1.0
2.0519002 1.0
2.0500625 1.0
2.048228 1.0
2.0463965 1.0
2.044568 1.0
2.0427431 1.0
2.0409218 1.0
2.0391036 1.0
2.0372883 1.0
2.035476 1.0
2.0336679 1.0
2.0318626 1.0
2.0300603 1.0
2.0282609 1.0
2.0264655 1.0
2.0246732 1.0
2.0228837 1.0
2.021097 1.0
2.0193143 1.0
2.0175347 1.0
2.0157579 1.0
2.0139839 1.0
2.0122137 1.0
2.0104467 1.0
2.0086824 1.0
2.0069208 1.0
2.0051632 1.0
2.0034086 1.0
2.0016567 1.0
1.9999075 1.0
1.9981624 1.0
1.99642 1.0
1.9946803 1.0
1.9929435 1.0
1.9912106 1.0
1.9894803 1.0
1.9877527 1.0
1.9860283 1.0
1.9843074 1.0
1.9825891 1.0
1.9808733 1.0
1.9791613 1.0
1.9774523 1.0
1.9757457 1.0
1.974042 1.0
1.9723421 1.0
1.9706447 1.0
1.9689498 1.0
1.9672584 1.0
1.96557 1.0
1.9638842 1.0
1.962201 1.0
1.9605216 1.0
1.9588447 1.0
1.9571702 1.0
1.9554992 1.0
1.9538312 1.0
1.9521655 1.0
1.9505028 1.0
1.9488435 1.0
1.9471866 1.0
1.945532 1.0
1.9438814 1.0
1.9422332 1.0
1.9405872 1.0
1.9389448 1.0
1.9373052 1.0
1.9356678 1.0
1.9340335 1.0
1.9324024 1.0
1.9307735 1.0
1.9291472 1.0
1.9275246 1.0
1.9259041 1.0
1.924286 1.0
1.9226717 1.0
1.9210596 1.0
1.9194496 1.0
1.9178435 1.0
1.9162396 1.0
1.9146379 1.0
1.9130398 1.0
1.9114441 1.0
1.9098506 1.0
1.9082605 1.0
1.9066729 1.0
1.9050874 1.0
1.9035053 1.0
1.9019258 1.0
1.9003483 1.0
1.8987741 1.0
1.8972026 1.0
1.895633 1.0
1.8940668 1.0
1.8925031 1.0
1.8909414 1.0
1.8893831 1.0
1.8878272 1.0
1.8862732 1.0
1.8847229 1.0
1.8831747 1.0
1.8816284 1.0
1.880086 1.0
1.8785455 1.0
1.877007 1.0
1.8754722 1.0
1.8739393 1.0
1.8724087 1.0
1.8708814 1.0
1.8693559 1.0
1.8678332 1.0
1.8663134 1.0
1.8647953 1.0
1.8632804 1.0
1.861768 1.0
1.8602572 1.0
1.8587501 1.0
1.857245 1.0
1.8557418 1.0
1.8542422 1.0
1.8527442 1.0
1.8512488 1.0
1.8497564 1.0
1.8482656 1.0
1.8467779 1.0
1.8452926 1.0
1.8438088 1.0
1.8423289 1.0
1.8408506 1.0
1.8393746 1.0
1.8379016 1.0
1.8364302 1.0
1.8349619 1.0
1.8334959 1.0
1.8320314 1.0
1.8305707 1.0
1.8291115 1.0
1.8276547 1.0
1.8262008 1.0
1.8247482 1.0
1.8232992 1.0
1.8218519 1.0
1.8204067 1.0
1.8189646 1.0
1.8175239 1.0
1.8160864 1.0
1.8146509 1.0
1.8132172 1.0
1.8117868 1.0
1.8103578 1.0
1.8089317 1.0
1.8075077 1.0
1.8060854 1.0
1.8046666 1.0
1.803249 1.0
1.8018343 1.0
1.8004218 1.0
1.7990109 1.0
1.7976034 1.0
1.7961971 1.0
1.7947938 1.0
1.7933924 1.0
1.7919929 1.0
1.7905965 1.0
1.7892013 1.0
1.7878093 1.0
1.786419 1.0
1.7850307 1.0
1.7836453 1.0
1.7822609 1.0
1.7808802 1.0
1.7795007 1.0
1.7781237 1.0
1.776749 1.0
1.7753758 1.0
1.7740059 1.0
1.772637 1.0
1.7712713 1.0
1.7699071 1.0
1.7685451 1.0
1.7671857 1.0
1.7658274 1.0
1.7644727 1.0
1.7631188 1.0
1.761768 1.0
1.7604189 1.0
1.7590718 1.0
1.7577272 1.0
1.7563838 1.0
1.7550439 1.0
1.7537048 1.0
1.7523688 1.0
1.7510343 1.0
1.749702 1.0
1.748372 1.0
1.7470435 1.0
1.7457179 1.0
1.7443932 1.0
1.743072 1.0
1.7417518 1.0
1.7404343 1.0
1.7391184 1.0
1.7378046 1.0
1.7364932 1.0
1.735183 1.0
1.7338759 1.0
1.7325696 1.0
1.7312668 1.0
1.7299647 1.0
1.7286656 1.0
1.7273679 1.0
1.7260723 1.0
1.7247789 1.0
1.723487 1.0
1.7221979 1.0
1.7209096 1.0
1.7196247 1.0
1.7183404 1.0
1.7170594 1.0
1.7157793 1.0
1.7145019 1.0
1.7132259 1.0
1.7119522 1.0
1.7106804 1.0
1.7094103 1.0
1.7081426 1.0
1.7068761 1.0
1.7056124 1.0
1.7043496 1.0
1.70309 1.0
1.7018309 1.0
1.7005752 1.0
1.6993201 1.0
1.698068 1.0
1.6968169 1.0
1.6955684 1.0
1.6943213 1.0
1.6930764 1.0
1.6918332 1.0
1.6905919 1.0
1.6893526 1.0
1.6881149 1.0
1.6868795 1.0
1.6856454 1.0
1.6844138 1.0
1.6831833 1.0
1.6819556 1.0
1.6807286 1.0
1.6795047 1.0
1.6782813 1.0
1.6770612 1.0
1.6758413 1.0
1.674625 1.0
1.6734089 1.0
1.6721961 1.0
1.6709837 1.0
1.6697744 1.0
1.6685657 1.0
1.66736 1.0
1.666155 1.0
1.6649528 1.0
1.6637514 1.0
1.6625528 1.0
1.661355 1.0
1.6601599 1.0
1.6589657 1.0
1.6577741 1.0
1.6565835 1.0
1.6553954 1.0
1.6542083 1.0
1.6530238 1.0
1.6518402 1.0
1.6506591 1.0
1.6494791 1.0
1.6483015 1.0
1.6471249 1.0
1.6459508 1.0
1.6447777 1.0
1.6436071 1.0
1.6424374 1.0
1.6412703 1.0
1.6401039 1.0
1.6389403 1.0
1.6377773 1.0
1.6366172 1.0
1.6354576 1.0
1.6343009 1.0
1.6331446 1.0
1.6319913 1.0
1.6308383 1.0
1.6296886 1.0
1.6285388 1.0
1.6273925 1.0
1.6262462 1.0
1.6251031 1.0
1.6239603 1.0
1.6228204 1.0
1.621681 1.0
1.6205443 1.0
1.6194084 1.0
1.6182749 1.0
1.6171423 1.0
1.6160119 1.0
1.6148829 1.0
1.6137556 1.0
1.6126299 1.0
1.6115057 1.0
1.6103835 1.0
1.6092623 1.0
1.6081435 1.0
1.6070254 1.0
1.60591 1.0
1.6047948 1.0
1.6036829 1.0
1.6025709 1.0
1.6014621 1.0
1.6003535 1.0
1.5992477 1.0
1.5981426 1.0
1.5970397 1.0
1.5959379 1.0
1.5948379 1.0
1.5937395 1.0
1.5926424 1.0
1.5915474 1.0
1.5904531 1.0
1.5893615 1.0
1.58827 1.0
1.5871818 1.0
1.5860935 1.0
1.5850082 1.0
1.5839234 1.0
1.5828408 1.0
1.5817593 1.0
1.5806795 1.0
1.5796014 1.0
1.5785243 1.0
1.5774495 1.0
1.5763751 1.0
1.5753036 1.0
1.5742322 1.0
1.5731638 1.0
1.5720957 1.0
1.5710299 1.0
1.5699652 1.0
1.568902 1.0
1.5678406 1.0
1.56678 1.0
1.5657219 1.0
1.5646639 1.0
1.5636091 1.0
1.5625544 1.0
1.5615022 1.0
1.5604507 1.0
1.559401 1.0
1.5583529 1.0
1.5573057 1.0
1.5562609 1.0
1.5552161 1.0
1.5541746 1.0
1.5531331 1.0
1.552094 1.0
1.5510559 1.0
1.5500192 1.0
1.5489843 1.0
1.5479499 1.0
1.5469184 1.0
1.5458868 1.0
1.5448581 1.0
1.5438298 1.0
1.5428034 1.0
1.5417784 1.0
1.5407542 1.0
1.5397325 1.0
1.5387108 1.0
1.5376921 1.0
1.5366737 1.0
1.5356573 1.0
1.5346421 1.0
1.5336279 1.0
1.532616 1.0
1.5316041 1.0
1.5305953 1.0
1.5295867 1.0
1.52858 1.0
1.5275746 1.0
1.5265701 1.0
1.5255679 1.0
1.5245658 1.0
1.5235666 1.0
1.5225677 1.0
1.5215705 1.0
1.5205749 1.0
1.5195797 1.0
1.5185873 1.0
1.517595 1.0
1.516605 1.0
1.5156159 1.0
1.5146279 1.0
1.513642 1.0
1.512656 1.0
1.5116732 1.0
1.5106905 1.0
1.5097096 1.0
1.5087302 1.0
1.5077511 1.0
1.5067749 1.0
1.5057986 1.0
1.5048247 1.0
1.5038516 1.0
1.5028795 1.0
1.5019096 1.0
1.5009398 1.0
1.4999726 1.0
1.499006 1.0
1.4980406 1.0
1.4970772 1.0
1.4961137 1.0
1.4951533 1.0
1.494193 1.0
1.4932343 1.0
1.4922772 1.0
1.4913202 1.0
1.4903663 1.0
1.4894124 1.0
1.4884602 1.0
1.4875095 1.0
1.4865589 1.0
1.4856113 1.0
1.4846638 1.0
1.483718 1.0
1.4827736 1.0
1.4818293 1.0
1.4808881 1.0
1.4799469 1.0
1.4790073 1.0
1.4780693 1.0
1.4771312 1.0
1.4761963 1.0
1.4752614 1.0
1.474328 1.0
1.4733962 1.0
1.4724644 1.0
1.4715356 1.0
1.470607 1.0
1.4696796 1.0
1.4687541 1.0
1.4678286 1.0
1.4669058 1.0
1.4659834 1.0
1.4650619 1.0
1.4641427 1.0
1.4632234 1.0
1.4623064 1.0
1.4613903 1.0
1.4604745 1.0
1.4595615 1.0
1.4586486 1.0
1.4577372 1.0
1.4568273 1.0
1.4559175 1.0
1.4550105 1.0
1.4541037 1.0
1.4531979 1.0
1.4522942 1.0
1.4513906 1.0
1.4504891 1.0
1.4495885 1.0
1.4486882 1.0
1.4477907 1.0
1.4468932 1.0
1.4459971 1.0
1.4451027 1.0
1.4442083 1.0
1.4433164 1.0
1.4424251 1.0
1.4415342 1.0
1.440646 1.0
1.4397578 1.0
1.438871 1.0
1.4379859 1.0
1.4371007 1.0
1.436218 1.0
1.435336 1.0
1.4344543 1.0
1.4335752 1.0
1.4326962 1.0
1.4318185 1.0
1.4309426 1.0
1.4300666 1.0
1.4291929 1.0
1.42832 1.0
1.4274472 1.0
1.4265773 1.0
1.4257075 1.0
1.4248385 1.0
1.4239717 1.0
1.4231049 1.0
1.4222399 1.0
1.4213761 1.0
1.4205123 1.0
